PairPrice,TotalAssetLocked,TotalAdaLocked,AdaVolume24hs,DateTimeUnix,_PAIR_ID,_DELTA_PAIRPRICE,_DELTA_TOTALASSETLOCKED,_DELTA_TOTALADALOCKED,_DELTA_DATETIME_SECONDS
0.65851,21352876.9,14061097.46,1520497.36,1644722012,SUNDAE/ADA_0.3,,,,
85.41012,144162.15,12312906.74,635064.55,1644722012,LQ/ADA_0.3,,,,
0.785214,11970638.0,9399518.76,919539.05,1644722012,WMT/ADA_0.3,,,,
0.131393,9775927.35,1284490.67,605972.99,1644722012,MELD/ADA_0.3,,,,
0.104659,11829745.0,1238090.6,132213.58,1644722012,PAVIA/ADA_0.3,,,,
0.170837,6299038.0,1076109.4,53022.38,1644722012,XRAY/ADA_0.3,,,,
0.310728,2605841.0,809708.72,75686.12,1644722012,ADAX/ADA_0.3,,,,
1.86983,392764.79,734403.72,60350.24,1644722012,AADA/ADA_0.3,,,,
1.759542,320312.42,563603.28,126447.49,1644722012,VYFI/ADA_0.3,,,,
6.757413,52295.0,353378.96,212290.28,1644722012,MILK/ADA_0.3,,,,
0.128949,1614491.91,208187.13,135968.36,1644722012,MINt/ADA_0.3,,,,
0.035613,5527078.9,196837.75,20484.07,1644722012,CLAP/ADA_0.3,,,,
0.0,6338579693406.0,167107.98,1754.25,1644722012,CHRLZ/ADA_0.3,,,,
2.145611,67383.53,144578.89,42276.01,1644722012,DANA/ADA_0.05,,,,
0.775099,178510.38,138363.22,3901.95,1644722012,WMT/ADA_0.05,,,,
0.0,94769402830826.0,105295.52,6036.59,1644722012,BISON/ADA_0.3,,,,
3.1e-05,3231392522.2,102030.55,2309.2,1644722012,ASHIB/ADA_1.0,,,,
0.029736,2884830.0,85783.44,18959.11,1644722012,FIRE/ADA_0.3,,,,
0.0,988447710403.0,68270.01,18724.13,1644722012,HOSKY/ADA_0.3,,,,
0.291914,178845.96,52207.79,147372.18,1644722012,MIN/ADA_0.3,,,,
0.105369,494175.0,52071.02,37269.62,1644722012,cNETA/ADA_0.3,,,,
0.005901,8555529.0,50494.25,3376.35,1644722012,FLICK/ADA_0.3,,,,
0.012232,3496278.0,42766.77,10288.07,1644722012,CNFT/ADA_0.3,,,,
0.128618,327357.95,42104.34,0.0,1644722012,MELD/ADA_1.0,,,,
0.119829,296482.19,35527.17,27642.7,1644722012,REVU/ADA_0.3,,,,
0.005636,5048514.0,28458.34,5212.11,1644722012,BDOGE/ADA_1.0,,,,
0.000828,33947189.8,28132.58,0.0,1644722012,MONET/ADA_0.3,,,,
37.875228,742.0,28103.41,16636.35,1644722012,unsi…en/ADA_1.0,,,,
0.003251,8354923.31,27164.47,15772.46,1644722012,DRIP/ADA_1.0,,,,
0.132837,183193.46,24334.97,0.0,1644722012,MINt/ADA_0.05,,,,
0.161234,148083.0,23876.14,5082.37,1644722012,SKULL/ADA_1.0,,,,
0.00074,28068873.0,20779.96,265.14,1644722012,RAG/ADA_1.0,,,,
0.326277,63658.92,20770.5,0.0,1644722012,MIN/ADA_0.05,,,,
0.016385,1140103.0,18681.44,0.0,1644722012,GOKEY/ADA_0.3,,,,
0.448788,39822.0,17871.67,0.0,1644722012,CDX/ADA_1.0,,,,
21.29233,817.0,17395.83,5539.05,1644722012,XDIA…ND/ADA_1.0,,,,
0.038797,433540.0,16820.08,653.85,1644722012,cMETA/ADA_0.3,,,,
0.005488,2883167.0,15822.88,6829.53,1644722012,RAVE/ADA_1.0,,,,
2.188129,6300.6,13786.54,0.0,1644722012,DANA/ADA_0.3,,,,
0.311822,41529.28,12949.77,3371.64,1644722012,CARGO/ADA_0.3,,,,
0.0,15173056373.0,12158.37,1062.79,1644722012,MEOW/ADA_0.3,,,,
4.5e-05,250913062.0,11452.27,2547.15,1644722012,SHIBA/ADA_1.0,,,,
0.768512,14255.77,10955.74,303.0,1644722012,WMT/ADA_1.0,,,,
0.110175,97370.0,10727.76,0.0,1644722012,Card…rm/ADA_0.3,,,,
0.053967,186839.73,10083.2,54.03,1644722012,cbTHC/ADA_0.3,,,,
0.0,131875169065.0,9068.79,1215.61,1644722012,HOSKY/ADA_0.05,,,,
0.003331,2677061.96,8919.58,0.0,1644722012,DRIP/ADA_0.3,,,,
0.001152,7469690.0,8610.39,0.0,1644722012,FLANO/ADA_1.0,,,,
0.000144,54103370.0,7803.24,296.97,1644722012,KIDZ/ADA_0.3,,,,
0.000149,48465218.0,7241.0,2146.09,1644722012,FIRE/ADA_1.0,,,,
0.667748,21338552.85,14248796.92,1559830.19,1644727003,SUNDAE/ADA_0.3,0.009237999999999968,-14324.04999999702,187699.45999999903,4990.0
85.575152,144224.77,12342057.3,640059.81,1644727003,LQ/ADA_0.3,0.16503199999999651,62.61999999999534,29150.56000000052,4990.0
0.784364,12058229.92,9458052.2,891482.63,1644727003,WMT/ADA_0.3,-0.0008500000000000174,87591.91999999993,58533.43999999948,4990.0
0.134207,9693501.81,1300938.78,607167.76,1644727003,MELD/ADA_0.3,0.002813999999999983,-82425.5399999991,16448.110000000102,4990.0
0.104804,11725074.0,1228846.27,131911.53,1644727003,PAVIA/ADA_0.3,0.00014499999999999236,-104671.0,-9244.330000000075,4990.0
0.170899,6298897.0,1076480.1,53171.85,1644727003,XRAY/ADA_0.3,6.20000000000065e-05,-141.0,370.70000000018626,4990.0
0.311919,2600872.0,811263.3,76945.3,1644727003,ADAX/ADA_0.3,0.0011909999999999976,-4969.0,1554.5800000000745,4990.0
1.861423,393711.9,732864.58,58096.47,1644727003,AADA/ADA_0.3,-0.008407000000000053,947.1100000000442,-1539.140000000014,4990.0
1.76453,319860.79,564404.15,122648.02,1644727003,VYFI/ADA_0.3,0.0049879999999999924,-451.63000000000466,800.8699999999953,4990.0
6.797445,52273.0,355322.87,215187.71,1644727003,MILK/ADA_0.3,0.04003200000000007,-22.0,1943.9099999999744,4990.0
0.131414,1599320.47,210173.67,112341.51,1644727003,MINt/ADA_0.3,0.002464999999999995,-15171.439999999944,1986.5400000000081,4990.0
0.035619,5526578.91,196855.61,19742.49,1644727003,CLAP/ADA_0.3,5.999999999999062e-06,-499.9900000002235,17.85999999998603,4990.0
0.0,6338579693406.0,167107.98,1701.07,1644727003,CHRLZ/ADA_0.3,0.0,0.0,0.0,4990.0
2.147095,67360.25,144628.89,42218.81,1644727003,DANA/ADA_0.05,0.0014840000000000408,-23.279999999998836,50.0,4990.0
0.775099,178512.15,138364.59,3901.95,1644727003,WMT/ADA_0.05,0.0,1.7699999999895226,1.3699999999953434,4990.0
3.1e-05,3231403522.2,102030.9,2283.95,1644727003,ASHIB/ADA_1.0,0.0,11000.0,0.34999999999126885,4990.0
0.0,103471320969189.0,96466.19,15444.07,1644727003,BISON/ADA_0.3,0.0,8701918138363.0,-8829.330000000002,4990.0
0.029881,2877832.0,85993.45,18906.44,1644727003,FIRE/ADA_0.3,0.00014500000000000277,-6998.0,210.00999999999476,4990.0
0.0,951892025718.0,70907.18,22945.3,1644727003,HOSKY/ADA_0.3,0.0,-36555684685.0,2637.1699999999983,4990.0
0.299165,176673.53,52854.55,131697.81,1644727003,MIN/ADA_0.3,0.0072510000000000074,-2172.429999999993,646.760000000002,4990.0
0.005901,8555529.0,50494.25,3376.35,1644727003,FLICK/ADA_0.3,0.0,0.0,0.0,4990.0
0.097217,514509.0,50019.12,38476.55,1644727003,cNETA/ADA_0.3,-0.008152000000000006,20334.0,-2051.899999999994,4990.0
0.012237,3495464.0,42776.77,10062.49,1644727003,CNFT/ADA_0.3,4.999999999999796e-06,-814.0,10.0,4990.0
0.128618,327357.95,42104.34,0.0,1644727003,MELD/ADA_1.0,0.0,0.0,0.0,4990.0
0.119829,296482.19,35527.17,25239.03,1644727003,REVU/ADA_0.3,0.0,0.0,0.0,4990.0
0.005656,5048514.0,28557.92,5262.61,1644727003,BDOGE/ADA_1.0,1.9999999999999185e-05,0.0,99.57999999999811,4990.0
0.000828,33947189.8,28132.58,0.0,1644727003,MONET/ADA_0.3,0.0,0.0,0.0,4990.0
37.875228,742.0,28103.41,16636.35,1644727003,unsi…en/ADA_1.0,0.0,0.0,0.0,4990.0
0.003213,8400724.54,26992.35,14066.14,1644727003,DRIP/ADA_1.0,-3.799999999999984e-05,45801.229999999516,-172.12000000000262,4990.0
0.168296,144959.0,24396.14,5437.81,1644727003,SKULL/ADA_1.0,0.007062000000000013,-3124.0,520.0,4990.0
0.132837,183293.38,24348.24,5554.03,1644727003,MINt/ADA_0.05,0.0,99.9200000000128,13.270000000000437,4990.0
0.00074,28068873.0,20779.96,265.14,1644727003,RAG/ADA_1.0,0.0,0.0,0.0,4990.0
0.326277,63658.92,20770.5,0.0,1644727003,MIN/ADA_0.05,0.0,0.0,0.0,4990.0
0.016385,1140103.0,18681.44,0.0,1644727003,GOKEY/ADA_0.3,0.0,0.0,0.0,4990.0
23.093065,785.0,18128.05,6254.45,1644727003,XDIA…ND/ADA_1.0,1.8007349999999995,-32.0,732.2199999999975,4990.0
0.448788,39822.0,17871.67,0.0,1644727003,CDX/ADA_1.0,0.0,0.0,0.0,4990.0
0.038797,433540.0,16820.08,648.84,1644727003,cMETA/ADA_0.3,0.0,0.0,0.0,4990.0
0.005502,2879439.0,15843.58,6813.07,1644727003,RAVE/ADA_1.0,1.4000000000000123e-05,-3728.0,20.700000000000728,4990.0
2.188129,6300.6,13786.54,0.0,1644727003,DANA/ADA_0.3,0.0,0.0,0.0,4990.0
0.311822,41529.28,12949.77,3261.12,1644727003,CARGO/ADA_0.3,0.0,0.0,0.0,4990.0
0.0,14964451243.0,12328.37,1233.3,1644727003,MEOW/ADA_0.3,0.0,-208605130.0,170.0,4990.0
4.6e-05,249852955.0,11686.36,2452.82,1644727003,SHIBA/ADA_1.0,9.999999999999972e-07,-1060107.0,234.09000000000015,4990.0
0.768512,14255.77,10955.74,303.0,1644727003,WMT/ADA_1.0,0.0,0.0,0.0,4990.0
0.110175,97370.0,10727.76,0.0,1644727003,Card…rm/ADA_0.3,0.0,0.0,0.0,4990.0
0.053967,187440.24,10115.6,54.03,1644727003,cbTHC/ADA_0.3,0.0,600.5099999999802,32.399999999999636,4990.0
0.0,131875169065.0,9068.79,1215.61,1644727003,HOSKY/ADA_0.05,0.0,0.0,0.0,4990.0
0.003331,2677061.96,8919.58,0.0,1644727003,DRIP/ADA_0.3,0.0,0.0,0.0,4990.0
0.001152,7469690.0,8610.39,0.0,1644727003,FLANO/ADA_1.0,0.0,0.0,0.0,4990.0
0.000144,53999879.0,7818.24,312.02,1644727003,KIDZ/ADA_0.3,0.0,-103491.0,15.0,4990.0
0.000149,48465218.0,7241.0,2146.0,1644727003,FIRE/ADA_1.0,0.0,0.0,0.0,4990.0
0.667865,21341778.1,14253434.06,1561597.15,1644727546,SUNDAE/ADA_0.3,0.00011700000000003374,3225.25,4637.140000000596,543.0
85.603193,144201.18,12344082.3,642090.89,1644727546,LQ/ADA_0.3,0.02804100000000176,-23.589999999996508,2025.0,543.0
0.784374,12060390.4,9459866.64,891542.81,1644727546,WMT/ADA_0.3,1.0000000000065512e-05,2160.480000000447,1814.440000001341,543.0
0.134218,9693093.25,1300993.78,607222.92,1644727546,MELD/ADA_0.3,1.1000000000011001e-05,-408.56000000052154,55.0,543.0
0.104804,11725074.0,1228846.27,131911.53,1644727546,PAVIA/ADA_0.3,0.0,0.0,0.0,543.0
0.170899,6298897.0,1076480.1,53171.85,1644727546,XRAY/ADA_0.3,0.0,0.0,0.0,543.0
0.311919,2600872.0,811263.3,76945.3,1644727546,ADAX/ADA_0.3,0.0,0.0,0.0,543.0
1.861423,393711.9,732864.58,58096.47,1644727546,AADA/ADA_0.3,0.0,0.0,0.0,543.0
1.76068,320211.08,563789.47,123563.15,1644727546,VYFI/ADA_0.3,-0.003849999999999909,350.29000000003725,-614.6800000000512,543.0
6.66944,52773.0,351966.35,218544.23,1644727546,MILK/ADA_0.3,-0.12800499999999992,500.0,-3356.5200000000186,543.0
0.131414,1599320.47,210173.67,112341.51,1644727546,MINt/ADA_0.3,0.0,0.0,0.0,543.0
0.035619,5526578.91,196855.61,19742.49,1644727546,CLAP/ADA_0.3,0.0,0.0,0.0,543.0
0.0,6338579693406.0,167107.98,3597.67,1644727546,CHRLZ/ADA_0.3,0.0,0.0,0.0,543.0
2.147095,67360.25,144628.89,42268.83,1644727546,DANA/ADA_0.05,0.0,0.0,0.0,543.0
0.775099,177151.51,137309.96,3901.95,1644727546,WMT/ADA_0.05,0.0,-1360.6399999999849,-1054.6300000000047,543.0
3.1e-05,3231403522.2,102030.9,2283.95,1644727546,ASHIB/ADA_1.0,0.0,0.0,0.0,543.0
0.0,103471320969189.0,96466.19,15444.07,1644727546,BISON/ADA_0.3,0.0,0.0,0.0,543.0
0.029881,2877832.0,85993.45,18906.44,1644727546,FIRE/ADA_0.3,0.0,0.0,0.0,543.0
0.0,947866588425.0,71213.7,25713.5,1644727546,HOSKY/ADA_0.3,0.0,-4025437293.0,306.5200000000041,543.0
0.310575,173402.62,53854.55,132700.81,1644727546,MIN/ADA_0.3,0.011409999999999976,-3270.9100000000035,1000.0,543.0
0.005901,8555529.0,50494.25,3376.35,1644727546,FLICK/ADA_0.3,0.0,0.0,0.0,543.0
0.096955,515203.0,49951.95,38543.72,1644727546,cNETA/ADA_0.3,-0.00026199999999999835,694.0,-67.17000000000553,543.0
0.012237,3495464.0,42776.77,10062.49,1644727546,CNFT/ADA_0.3,0.0,0.0,0.0,543.0
0.128618,327357.95,42104.34,0.0,1644727546,MELD/ADA_1.0,0.0,0.0,0.0,543.0
0.119829,296482.19,35527.17,25239.03,1644727546,REVU/ADA_0.3,0.0,0.0,0.0,543.0
0.005656,5048514.0,28557.92,5262.61,1644727546,BDOGE/ADA_1.0,0.0,0.0,0.0,543.0
37.978974,741.0,28142.41,16675.74,1644727546,unsi…en/ADA_1.0,0.103746000000001,-1.0,39.0,543.0
0.000828,33947189.8,28132.58,0.0,1644727546,MONET/ADA_0.3,0.0,0.0,0.0,543.0
0.003213,8400724.54,26992.35,14066.14,1644727546,DRIP/ADA_1.0,0.0,0.0,0.0,543.0
0.168296,144959.0,24396.14,5437.81,1644727546,SKULL/ADA_1.0,0.0,0.0,0.0,543.0
0.132837,183293.38,24348.24,5554.03,1644727546,MINt/ADA_0.05,0.0,0.0,0.0,543.0
0.00074,28068873.0,20779.96,265.14,1644727546,RAG/ADA_1.0,0.0,0.0,0.0,543.0
0.326277,63658.92,20770.5,0.0,1644727546,MIN/ADA_0.05,0.0,0.0,0.0,543.0
0.016385,1140103.0,18681.44,0.0,1644727546,GOKEY/ADA_0.3,0.0,0.0,0.0,543.0
23.093065,785.0,18128.05,6254.45,1644727546,XDIA…ND/ADA_1.0,0.0,0.0,0.0,543.0
0.448788,39822.0,17871.67,0.0,1644727546,CDX/ADA_1.0,0.0,0.0,0.0,543.0
0.038797,433540.0,16820.08,648.84,1644727546,cMETA/ADA_0.3,0.0,0.0,0.0,543.0
0.005502,2879439.0,15843.58,6813.07,1644727546,RAVE/ADA_1.0,0.0,0.0,0.0,543.0
2.188129,6300.6,13786.54,0.0,1644727546,DANA/ADA_0.3,0.0,0.0,0.0,543.0
0.311822,41529.28,12949.77,3261.12,1644727546,CARGO/ADA_0.3,0.0,0.0,0.0,543.0
0.0,14964451243.0,12328.37,1233.3,1644727546,MEOW/ADA_0.3,0.0,0.0,0.0,543.0
4.6e-05,249852955.0,11686.36,2452.82,1644727546,SHIBA/ADA_1.0,0.0,0.0,0.0,543.0
0.768512,14255.77,10955.74,303.0,1644727546,WMT/ADA_1.0,0.0,0.0,0.0,543.0
0.110175,97370.0,10727.76,0.0,1644727546,Card…rm/ADA_0.3,0.0,0.0,0.0,543.0
0.053967,187440.24,10115.6,54.03,1644727546,cbTHC/ADA_0.3,0.0,0.0,0.0,543.0
0.0,131875169065.0,9068.79,1215.61,1644727546,HOSKY/ADA_0.05,0.0,0.0,0.0,543.0
0.003331,2677061.96,8919.58,0.0,1644727546,DRIP/ADA_0.3,0.0,0.0,0.0,543.0
0.001152,7469690.0,8610.39,0.0,1644727546,FLANO/ADA_1.0,0.0,0.0,0.0,543.0
0.000144,53999879.0,7818.24,312.02,1644727546,KIDZ/ADA_0.3,0.0,0.0,0.0,543.0
0.029275,256500.0,7509.23,1100.85,1644727546,YAY/ADA_1.0,,,,
0.65605,21549012.31,14137248.12,1661139.62,1644728446,SUNDAE/ADA_0.3,-0.01181500000000002,207234.20999999717,-116185.94000000134,900.0
85.608476,144221.85,12346613.16,620802.3,1644728446,LQ/ADA_0.3,0.005282999999991489,20.670000000012806,2530.859999999404,900.0
0.784416,12061102.55,9460929.56,873649.58,1644728446,WMT/ADA_0.3,4.199999999998649e-05,712.1500000003725,1062.9199999999255,900.0
0.134357,9680624.7,1300667.89,581986.58,1644728446,MELD/ADA_0.3,0.00013900000000000023,-12468.550000000745,-325.8900000001304,900.0
0.104769,11727074.0,1228637.32,131483.5,1644728446,PAVIA/ADA_0.3,-3.499999999999337e-05,2000.0,-208.94999999995343,900.0
0.170845,6299903.0,1076308.72,52168.69,1644728446,XRAY/ADA_0.3,-5.3999999999998494e-05,1006.0,-171.38000000012107,900.0
0.311919,2600872.0,811263.3,76873.96,1644728446,ADAX/ADA_0.3,0.0,0.0,0.0,900.0
1.861423,393711.9,732864.58,57198.38,1644728446,AADA/ADA_0.3,0.0,0.0,0.0,900.0
1.766922,319645.82,564789.47,124485.91,1644728446,VYFI/ADA_0.3,0.006242000000000081,-565.2600000000093,1000.0,900.0
6.672567,52761.0,352051.35,202527.7,1644728446,MILK/ADA_0.3,0.003127000000000102,-12.0,85.0,900.0
0.131021,1601720.47,209859.69,106008.47,1644728446,MINt/ADA_0.3,-0.00039300000000000446,2400.0,-313.9800000000105,900.0
0.035619,5526578.91,196855.61,19722.43,1644728446,CLAP/ADA_0.3,0.0,0.0,0.0,900.0
0.0,6912756657394.0,153266.48,15448.85,1644728446,CHRLZ/ADA_0.3,0.0,574176963988.0,-13841.5,900.0
2.131896,67600.02,144116.21,42778.92,1644728446,DANA/ADA_0.05,-0.015199000000000407,239.77000000000407,-512.6800000000221,900.0
0.775099,177808.41,137819.12,3901.95,1644728446,WMT/ADA_0.05,0.0,656.8999999999942,509.1600000000035,900.0
3.1e-05,3231403522.2,102030.9,2283.95,1644728446,ASHIB/ADA_1.0,0.0,0.0,0.0,900.0
0.0,103471320969189.0,96466.19,15444.07,1644728446,BISON/ADA_0.3,0.0,0.0,0.0,900.0
0.029881,2877832.0,85993.45,18906.44,1644728446,FIRE/ADA_0.3,0.0,0.0,0.0,900.0
0.0,920169997882.0,73363.7,26607.56,1644728446,HOSKY/ADA_0.3,0.0,-27696590543.0,2150.0,900.0
0.310575,173402.62,53854.55,124875.08,1644728446,MIN/ADA_0.3,0.0,0.0,0.0,900.0
0.005901,8555529.0,50494.25,2172.75,1644728446,FLICK/ADA_0.3,0.0,0.0,0.0,900.0
0.092495,527498.0,48791.24,39744.49,1644728446,cNETA/ADA_0.3,-0.004460000000000006,12295.0,-1160.7099999999991,900.0
0.012264,3491715.0,42822.85,9051.11,1644728446,CNFT/ADA_0.3,2.700000000000098e-05,-3749.0,46.080000000001746,900.0
0.128618,327357.95,42104.34,0.0,1644728446,MELD/ADA_1.0,0.0,0.0,0.0,900.0
0.119829,296482.19,35527.17,25088.58,1644728446,REVU/ADA_0.3,0.0,0.0,0.0,900.0
0.005656,5048514.0,28557.92,4771.61,1644728446,BDOGE/ADA_1.0,0.0,0.0,0.0,900.0
37.978974,741.0,28142.41,16675.74,1644728446,unsi…en/ADA_1.0,0.0,0.0,0.0,900.0
0.000828,33947189.8,28132.58,0.0,1644728446,MONET/ADA_0.3,0.0,0.0,0.0,900.0
0.003198,8419724.54,26932.05,11860.98,1644728446,DRIP/ADA_1.0,-1.5000000000000256e-05,19000.0,-60.29999999999927,900.0
0.168296,144959.0,24396.14,5407.51,1644728446,SKULL/ADA_1.0,0.0,0.0,0.0,900.0
0.132837,183293.38,24348.24,5554.03,1644728446,MINt/ADA_0.05,0.0,0.0,0.0,900.0
0.00074,28068873.0,20779.96,265.14,1644728446,RAG/ADA_1.0,0.0,0.0,0.0,900.0
0.326277,63658.92,20770.5,0.0,1644728446,MIN/ADA_0.05,0.0,0.0,0.0,900.0
0.016385,1140103.0,18681.44,0.0,1644728446,GOKEY/ADA_0.3,0.0,0.0,0.0,900.0
23.093065,785.0,18128.05,6254.45,1644728446,XDIA…ND/ADA_1.0,0.0,0.0,0.0,900.0
0.448788,39822.0,17871.67,0.0,1644728446,CDX/ADA_1.0,0.0,0.0,0.0,900.0
0.038797,433540.0,16820.08,648.84,1644728446,cMETA/ADA_0.3,0.0,0.0,0.0,900.0
0.005502,2879439.0,15843.58,6813.07,1644728446,RAVE/ADA_1.0,0.0,0.0,0.0,900.0
2.188129,6300.6,13786.54,0.0,1644728446,DANA/ADA_0.3,0.0,0.0,0.0,900.0
0.311822,41529.28,12949.77,3261.12,1644728446,CARGO/ADA_0.3,0.0,0.0,0.0,900.0
0.0,15087859999.0,12430.04,1233.3,1644728446,MEOW/ADA_0.3,0.0,123408756.0,101.67000000000007,900.0
4.6e-05,249852955.0,11686.36,2452.82,1644728446,SHIBA/ADA_1.0,0.0,0.0,0.0,900.0
0.768512,14255.77,10955.74,303.0,1644728446,WMT/ADA_1.0,0.0,0.0,0.0,900.0
0.110175,97370.0,10727.76,0.0,1644728446,Card…rm/ADA_0.3,0.0,0.0,0.0,900.0
0.053967,187440.24,10115.6,54.03,1644728446,cbTHC/ADA_0.3,0.0,0.0,0.0,900.0
0.0,131875169065.0,9068.79,1215.61,1644728446,HOSKY/ADA_0.05,0.0,0.0,0.0,900.0
0.003331,2677061.96,8919.58,0.0,1644728446,DRIP/ADA_0.3,0.0,0.0,0.0,900.0
0.001152,7469690.0,8610.39,0.0,1644728446,FLANO/ADA_1.0,0.0,0.0,0.0,900.0
0.000144,53999879.0,7818.24,312.02,1644728446,KIDZ/ADA_0.3,0.0,0.0,0.0,900.0
0.029664,254821.0,7559.23,1151.35,1644728446,YAY/ADA_1.0,0.00038900000000000046,-1679.0,50.0,900.0
0.657242,21544093.99,14159704.12,1698226.17,1644729347,SUNDAE/ADA_0.3,0.0011919999999999709,-4918.320000000298,22456.0,900.0
85.6199,144223.49,12348401.12,621629.78,1644729347,LQ/ADA_0.3,0.011424000000005208,1.639999999984866,1787.9599999990314,900.0
0.784449,12063779.36,9463428.71,876051.12,1644729347,WMT/ADA_0.3,3.2999999999949736e-05,2676.809999998659,2499.1500000003725,900.0
0.134359,9687402.44,1301590.34,583604.04,1644729347,MELD/ADA_0.3,2.000000000002e-06,6777.7400000002235,922.4500000001863,900.0
0.104634,11734642.0,1227850.87,133367.74,1644729347,PAVIA/ADA_0.3,-0.00013499999999999623,7568.0,-786.4499999999534,900.0
0.170845,6299903.0,1076308.72,52168.69,1644729347,XRAY/ADA_0.3,0.0,0.0,0.0,900.0
0.311754,2601561.0,811049.09,77088.17,1644729347,ADAX/ADA_0.3,-0.00016500000000002624,689.0,-214.21000000007916,900.0
1.861423,393711.9,732864.58,57198.38,1644729347,AADA/ADA_0.3,0.0,0.0,0.0,900.0
1.763065,319995.82,564173.58,125101.81,1644729347,VYFI/ADA_0.3,-0.0038569999999999993,350.0,-615.890000000014,900.0
6.649935,52851.0,351455.72,203273.55,1644729347,MILK/ADA_0.3,-0.022631999999999763,90.0,-595.6300000000047,900.0
0.131021,1601720.47,209859.69,106008.47,1644729347,MINt/ADA_0.3,0.0,0.0,0.0,900.0
0.035619,5526578.91,196855.61,19722.43,1644729347,CLAP/ADA_0.3,0.0,0.0,0.0,900.0
0.0,6912756657394.0,153266.48,15448.85,1644729347,CHRLZ/ADA_0.3,0.0,0.0,0.0,900.0
2.131896,67600.02,144116.21,42980.5,1644729347,DANA/ADA_0.05,0.0,0.0,0.0,900.0
0.775099,177808.41,137819.12,3901.95,1644729347,WMT/ADA_0.05,0.0,0.0,0.0,900.0
3.1e-05,3231403522.2,102030.9,2283.95,1644729347,ASHIB/ADA_1.0,0.0,0.0,0.0,900.0
0.0,103471320969189.0,96466.19,15444.07,1644729347,BISON/ADA_0.3,0.0,0.0,0.0,900.0
0.029881,2877832.0,85993.45,18906.44,1644729347,FIRE/ADA_0.3,0.0,0.0,0.0,900.0
0.0,928349709971.0,72719.21,27402.5,1644729347,HOSKY/ADA_0.3,0.0,8179712089.0,-644.4899999999907,900.0
0.308395,174018.4,53666.56,125403.07,1644729347,MIN/ADA_0.3,-0.0021800000000000153,615.7799999999988,-187.99000000000524,900.0
0.005901,8555529.0,50494.25,2172.75,1644729347,FLICK/ADA_0.3,0.0,0.0,0.0,900.0
0.093491,524686.0,49053.58,40246.09,1644729347,cNETA/ADA_0.3,0.0009960000000000108,-2812.0,262.3400000000038,900.0
0.012264,3491715.0,42822.85,9051.11,1644729347,CNFT/ADA_0.3,0.0,0.0,0.0,900.0
0.128618,327357.95,42104.34,0.0,1644729347,MELD/ADA_1.0,0.0,0.0,0.0,900.0
0.119829,296482.19,35527.17,25088.58,1644729347,REVU/ADA_0.3,0.0,0.0,0.0,900.0
0.005656,5048514.0,28557.92,4771.61,1644729347,BDOGE/ADA_1.0,0.0,0.0,0.0,900.0
37.978974,741.0,28142.41,16675.74,1644729347,unsi…en/ADA_1.0,0.0,0.0,0.0,900.0
0.000828,33947189.8,28132.58,0.0,1644729347,MONET/ADA_0.3,0.0,0.0,0.0,900.0
0.003198,8420724.54,26935.25,11860.98,1644729347,DRIP/ADA_1.0,0.0,1000.0,3.2000000000007276,900.0
0.168296,144959.0,24396.14,5407.51,1644729347,SKULL/ADA_1.0,0.0,0.0,0.0,900.0
0.132837,183293.38,24348.24,5554.03,1644729347,MINt/ADA_0.05,0.0,0.0,0.0,900.0
0.00074,28068873.0,20779.96,265.14,1644729347,RAG/ADA_1.0,0.0,0.0,0.0,900.0
0.326277,63658.92,20770.5,0.0,1644729347,MIN/ADA_0.05,0.0,0.0,0.0,900.0
0.016385,1140103.0,18681.44,0.0,1644729347,GOKEY/ADA_0.3,0.0,0.0,0.0,900.0
23.212013,783.0,18175.0,6301.87,1644729347,XDIA…ND/ADA_1.0,0.11894799999999961,-2.0,46.95000000000073,900.0
0.448788,39822.0,17871.67,0.0,1644729347,CDX/ADA_1.0,0.0,0.0,0.0,900.0
0.038797,433540.0,16820.08,648.84,1644729347,cMETA/ADA_0.3,0.0,0.0,0.0,900.0
0.005502,2879439.0,15843.58,6867.35,1644729347,RAVE/ADA_1.0,0.0,0.0,0.0,900.0
2.188129,6300.6,13786.54,0.0,1644729347,DANA/ADA_0.3,0.0,0.0,0.0,900.0
0.311822,41529.28,12949.77,3243.87,1644729347,CARGO/ADA_0.3,0.0,0.0,0.0,900.0
0.0,15087859999.0,12430.04,1233.3,1644729347,MEOW/ADA_0.3,0.0,0.0,0.0,900.0
4.6e-05,249852955.0,11686.36,2452.82,1644729347,SHIBA/ADA_1.0,0.0,0.0,0.0,900.0
0.768512,14255.77,10955.74,303.0,1644729347,WMT/ADA_1.0,0.0,0.0,0.0,900.0
0.110175,97370.0,10727.76,0.0,1644729347,Card…rm/ADA_0.3,0.0,0.0,0.0,900.0
0.053967,187440.24,10115.6,54.03,1644729347,cbTHC/ADA_0.3,0.0,0.0,0.0,900.0
0.0,123695456976.0,9668.79,1815.91,1644729347,HOSKY/ADA_0.05,0.0,-8179712089.0,600.0,900.0
0.003331,2677061.96,8919.58,0.0,1644729347,DRIP/ADA_0.3,0.0,0.0,0.0,900.0
0.001152,7469690.0,8610.39,0.0,1644729347,FLANO/ADA_1.0,0.0,0.0,0.0,900.0
0.000144,53999879.0,7818.24,312.02,1644729347,KIDZ/ADA_0.3,0.0,0.0,0.0,900.0
0.029664,254821.0,7559.23,1151.35,1644729347,YAY/ADA_1.0,0.0,0.0,0.0,900.0
0.659915,21509787.69,14194631.75,1703205.34,1644730249,SUNDAE/ADA_0.3,0.0026730000000000365,-34306.29999999702,34927.63000000082,901.0
85.616494,144226.49,12348167.18,624999.54,1644730249,LQ/ADA_0.3,-0.0034059999999982438,3.0,-233.93999999947846,901.0
0.784847,12062634.43,9467328.63,876259.95,1644730249,WMT/ADA_0.3,0.00039800000000000946,-1144.929999999702,3899.9199999999255,901.0
0.13508,9663089.52,1305297.62,585799.81,1644730249,MELD/ADA_0.3,0.0007209999999999994,-24312.919999999925,3707.280000000028,901.0
0.104697,11731145.0,1228218.03,133736.0,1644730249,PAVIA/ADA_0.3,6.299999999999362e-05,-3497.0,367.1599999999162,901.0
0.170845,6300503.0,1076411.23,52168.69,1644730249,XRAY/ADA_0.3,0.0,600.0,102.51000000000931,901.0
0.311785,2601435.0,811089.09,77128.29,1644730249,ADAX/ADA_0.3,3.100000000000325e-05,-126.0,40.0,901.0
1.861423,393711.9,732864.58,57198.38,1644730249,AADA/ADA_0.3,0.0,0.0,0.0,901.0
1.763065,319995.82,564173.58,125101.81,1644730249,VYFI/ADA_0.3,0.0,0.0,0.0,901.0
6.624879,52951.0,350793.97,203935.3,1644730249,MILK/ADA_0.3,-0.02505600000000019,100.0,-661.75,901.0
0.131021,1601720.47,209859.69,106008.47,1644730249,MINt/ADA_0.3,0.0,0.0,0.0,901.0
0.035619,5526578.91,196855.61,19722.43,1644730249,CLAP/ADA_0.3,0.0,0.0,0.0,901.0
0.0,6912756657394.0,153266.48,15448.85,1644730249,CHRLZ/ADA_0.3,0.0,0.0,0.0,901.0
2.137859,67505.69,144317.69,42980.5,1644730249,DANA/ADA_0.05,0.005963000000000385,-94.33000000000175,201.48000000001048,901.0
0.775099,177808.41,137819.12,3901.95,1644730249,WMT/ADA_0.05,0.0,0.0,0.0,901.0
3.1e-05,3231403522.2,102030.9,2283.95,1644730249,ASHIB/ADA_1.0,0.0,0.0,0.0,901.0
0.0,103471320969189.0,96466.19,15444.07,1644730249,BISON/ADA_0.3,0.0,0.0,0.0,901.0
0.030046,2869911.0,86231.51,19145.22,1644730249,FIRE/ADA_0.3,0.00016499999999999848,-7921.0,238.05999999999767,901.0
0.0,923077282549.0,73135.82,27669.91,1644730249,HOSKY/ADA_0.3,0.0,-5272427422.0,416.6100000000006,901.0
0.308395,174018.4,53666.56,125403.07,1644730249,MIN/ADA_0.3,0.0,0.0,0.0,901.0
0.005901,8555529.0,50494.25,2172.75,1644730249,FLICK/ADA_0.3,0.0,0.0,0.0,901.0
0.090891,532164.0,48369.13,41622.59,1644730249,cNETA/ADA_0.3,-0.002600000000000005,7478.0,-684.4500000000044,901.0
0.012264,3491715.0,42822.85,9051.11,1644730249,CNFT/ADA_0.3,0.0,0.0,0.0,901.0
0.128618,327357.95,42104.34,0.0,1644730249,MELD/ADA_1.0,0.0,0.0,0.0,901.0
0.119829,296482.19,35527.17,25088.58,1644730249,REVU/ADA_0.3,0.0,0.0,0.0,901.0
0.005656,5048514.0,28557.92,4771.61,1644730249,BDOGE/ADA_1.0,0.0,0.0,0.0,901.0
38.083675,740.0,28181.91,16715.63,1644730249,unsi…en/ADA_1.0,0.1047009999999986,-1.0,39.5,901.0
0.000828,33947189.8,28132.58,0.0,1644730249,MONET/ADA_0.3,0.0,0.0,0.0,901.0
0.003198,8435724.54,26983.23,11860.98,1644730249,DRIP/ADA_1.0,0.0,15000.0,47.97999999999956,901.0
0.168296,144959.0,24396.14,5407.51,1644730249,SKULL/ADA_1.0,0.0,0.0,0.0,901.0
0.132837,183293.38,24348.24,5554.03,1644730249,MINt/ADA_0.05,0.0,0.0,0.0,901.0
0.00074,28068873.0,20779.96,265.14,1644730249,RAG/ADA_1.0,0.0,0.0,0.0,901.0
0.326277,63658.92,20770.5,0.0,1644730249,MIN/ADA_0.05,0.0,0.0,0.0,901.0
0.016385,1140103.0,18681.44,0.0,1644730249,GOKEY/ADA_0.3,0.0,0.0,0.0,901.0
24.476923,763.0,18675.89,6807.77,1644730249,XDIA…ND/ADA_1.0,1.2649100000000004,-20.0,500.8899999999994,901.0
0.448788,39822.0,17871.67,0.0,1644730249,CDX/ADA_1.0,0.0,0.0,0.0,901.0
0.038797,433540.0,16820.08,648.84,1644730249,cMETA/ADA_0.3,0.0,0.0,0.0,901.0
0.005464,2889439.0,15789.29,6867.35,1644730249,RAVE/ADA_1.0,-3.799999999999984e-05,10000.0,-54.289999999999054,901.0
2.188129,6300.6,13786.54,0.0,1644730249,DANA/ADA_0.3,0.0,0.0,0.0,901.0
0.311822,41529.28,12949.77,3243.87,1644730249,CARGO/ADA_0.3,0.0,0.0,0.0,901.0
0.0,15087859999.0,12430.04,1233.3,1644730249,MEOW/ADA_0.3,0.0,0.0,0.0,901.0
4.6e-05,249852955.0,11686.36,2452.82,1644730249,SHIBA/ADA_1.0,0.0,0.0,0.0,901.0
0.768512,14255.77,10955.74,303.0,1644730249,WMT/ADA_1.0,0.0,0.0,0.0,901.0
0.110175,97370.0,10727.76,0.0,1644730249,Card…rm/ADA_0.3,0.0,0.0,0.0,901.0
0.053967,187440.24,10115.6,54.03,1644730249,cbTHC/ADA_0.3,0.0,0.0,0.0,901.0
0.0,123695456976.0,9668.79,1815.91,1644730249,HOSKY/ADA_0.05,0.0,0.0,0.0,901.0
0.003331,2677061.96,8919.58,0.0,1644730249,DRIP/ADA_0.3,0.0,0.0,0.0,901.0
0.001152,7469690.0,8610.39,0.0,1644730249,FLANO/ADA_1.0,0.0,0.0,0.0,901.0
0.000144,53999879.0,7818.24,312.02,1644730249,KIDZ/ADA_0.3,0.0,0.0,0.0,901.0
0.029664,254821.0,7559.23,1151.35,1644730249,YAY/ADA_1.0,0.0,0.0,0.0,901.0
0.66118,21499458.31,14215026.63,1716876.64,1644731145,SUNDAE/ADA_0.3,0.0012649999999999606,-10329.380000002682,20394.88000000082,896.0
85.663919,144225.91,12354957.12,627386.48,1644731145,LQ/ADA_0.3,0.04742500000000405,-0.5799999999871943,6789.9399999994785,896.0
0.785093,12092445.01,9493700.94,877797.83,1644731145,WMT/ADA_0.3,0.0002460000000000795,29810.580000000075,26372.30999999866,896.0
0.134734,9679760.15,1304197.27,591611.76,1644731145,MELD/ADA_0.3,-0.00034600000000001296,16670.63000000082,-1100.3500000000931,896.0
0.104822,11728159.0,1229374.0,134473.87,1644731145,PAVIA/ADA_0.3,0.0001250000000000001,-2986.0,1155.969999999972,896.0
0.170834,6300703.0,1076377.16,52202.75,1644731145,XRAY/ADA_0.3,-1.0999999999983245e-05,200.0,-34.07000000006519,896.0
0.311785,2601435.0,811089.09,77128.29,1644731145,ADAX/ADA_0.3,0.0,0.0,0.0,896.0
1.861423,393711.9,732864.58,57198.38,1644731145,AADA/ADA_0.3,0.0,0.0,0.0,896.0
1.763065,319995.82,564173.58,125101.81,1644731145,VYFI/ADA_0.3,0.0,0.0,0.0,896.0
6.615411,52989.0,350544.04,204345.48,1644731145,MILK/ADA_0.3,-0.009468000000000032,38.0,-249.92999999999302,896.0
0.131021,1601720.47,209859.69,106008.47,1644731145,MINt/ADA_0.3,0.0,0.0,0.0,896.0
0.0,5229305573933.0,197389.63,15448.85,1644731145,CHRLZ/ADA_0.3,0.0,-1683451083461.0,44123.149999999994,896.0
0.035619,5526578.91,196855.61,19722.43,1644731145,CLAP/ADA_0.3,0.0,0.0,0.0,896.0
2.12876,67649.84,144010.33,43287.85,1644731145,DANA/ADA_0.05,-0.009098999999999968,144.14999999999418,-307.36000000001513,896.0
0.775099,176483.9,136792.5,3901.95,1644731145,WMT/ADA_0.05,0.0,-1324.5100000000093,-1026.6199999999953,896.0
3.1e-05,3232403522.2,101999.65,2315.2,1644731145,ASHIB/ADA_1.0,0.0,1000000.0,-31.25,896.0
0.0,103471320969189.0,96466.19,15444.07,1644731145,BISON/ADA_0.3,0.0,0.0,0.0,896.0
0.030041,2870183.0,86223.36,19153.36,1644731145,FIRE/ADA_0.3,-4.9999999999980616e-06,272.0,-8.14999999999418,896.0
0.0,897735528047.0,75206.6,29746.9,1644731145,HOSKY/ADA_0.3,0.0,-25341754502.0,2070.779999999999,896.0
0.308395,174018.4,53666.56,125403.07,1644731145,MIN/ADA_0.3,0.0,0.0,0.0,896.0
0.005901,8672336.0,51183.64,2172.75,1644731145,FLICK/ADA_0.3,0.0,116807.0,689.3899999999994,896.0
0.090891,532164.0,48369.13,41622.59,1644731145,cNETA/ADA_0.3,0.0,0.0,0.0,896.0
0.012264,3491715.0,42822.85,9051.11,1644731145,CNFT/ADA_0.3,0.0,0.0,0.0,896.0
0.128618,327357.95,42104.34,0.0,1644731145,MELD/ADA_1.0,0.0,0.0,0.0,896.0
0.119829,296482.19,35527.17,25088.58,1644731145,REVU/ADA_0.3,0.0,0.0,0.0,896.0
0.005656,5048514.0,28557.92,4771.61,1644731145,BDOGE/ADA_1.0,0.0,0.0,0.0,896.0
38.083675,740.0,28181.91,16715.63,1644731145,unsi…en/ADA_1.0,0.0,0.0,0.0,896.0
0.000828,33947189.8,28132.58,0.0,1644731145,MONET/ADA_0.3,0.0,0.0,0.0,896.0
0.00318,8463724.54,26920.24,11936.76,1644731145,DRIP/ADA_1.0,-1.7999999999999787e-05,28000.0,-62.98999999999796,896.0
0.168296,144959.0,24396.14,5407.51,1644731145,SKULL/ADA_1.0,0.0,0.0,0.0,896.0
0.132837,183293.38,24348.24,5554.03,1644731145,MINt/ADA_0.05,0.0,0.0,0.0,896.0
0.00074,28068873.0,20779.96,265.14,1644731145,RAG/ADA_1.0,0.0,0.0,0.0,896.0
0.326277,63658.92,20770.5,0.0,1644731145,MIN/ADA_0.05,0.0,0.0,0.0,896.0
0.016385,1140103.0,18681.44,0.0,1644731145,GOKEY/ADA_0.3,0.0,0.0,0.0,896.0
24.476923,763.0,18675.89,6807.77,1644731145,XDIA…ND/ADA_1.0,0.0,0.0,0.0,896.0
0.449788,39778.0,17891.67,1244.42,1644731145,CDX/ADA_1.0,0.0010000000000000009,-44.0,20.0,896.0
0.038797,433540.0,16820.08,648.84,1644731145,cMETA/ADA_0.3,0.0,0.0,0.0,896.0
0.005464,2889439.0,15789.29,6867.35,1644731145,RAVE/ADA_1.0,0.0,0.0,0.0,896.0
2.188129,6300.6,13786.54,0.0,1644731145,DANA/ADA_0.3,0.0,0.0,0.0,896.0
0.311822,41529.28,12949.77,3243.87,1644731145,CARGO/ADA_0.3,0.0,0.0,0.0,896.0
0.0,15087859999.0,12430.04,1233.3,1644731145,MEOW/ADA_0.3,0.0,0.0,0.0,896.0
4.6e-05,249852955.0,11686.36,2452.82,1644731145,SHIBA/ADA_1.0,0.0,0.0,0.0,896.0
0.768512,14255.77,10955.74,303.0,1644731145,WMT/ADA_1.0,0.0,0.0,0.0,896.0
0.110175,97370.0,10727.76,0.0,1644731145,Card…rm/ADA_0.3,0.0,0.0,0.0,896.0
0.053967,187440.24,10115.6,54.03,1644731145,cbTHC/ADA_0.3,0.0,0.0,0.0,896.0
0.0,123695456976.0,9668.79,1815.91,1644731145,HOSKY/ADA_0.05,0.0,0.0,0.0,896.0
0.003331,2683061.96,8939.57,501.5,1644731145,DRIP/ADA_0.3,0.0,6000.0,19.98999999999978,896.0
0.001152,7469690.0,8610.39,0.0,1644731145,FLANO/ADA_1.0,0.0,0.0,0.0,896.0
0.000144,53999879.0,7818.24,312.02,1644731145,KIDZ/ADA_0.3,0.0,0.0,0.0,896.0
0.029664,254821.0,7559.23,1151.35,1644731145,YAY/ADA_1.0,0.0,0.0,0.0,896.0
0.661746,21501895.8,14228798.58,1627128.04,1644732040,SUNDAE/ADA_0.3,0.0005659999999999554,2437.490000002086,13771.949999999255,895.0
85.659186,144243.92,12355817.69,616885.23,1644732040,LQ/ADA_0.3,-0.0047330000000016526,18.010000000009313,860.570000000298,895.0
0.786946,12078711.01,9505302.96,869790.49,1644732040,WMT/ADA_0.3,0.0018529999999999935,-13734.0,11602.020000001416,895.0
0.134947,9678385.34,1306071.98,527574.49,1644732040,MELD/ADA_0.3,0.00021300000000001873,-1374.8100000005215,1874.7099999999627,895.0
0.10484,11727160.0,1229479.15,133300.39,1644732040,PAVIA/ADA_0.3,1.8000000000004124e-05,-999.0,105.14999999990687,895.0
0.170834,6300703.0,1076377.16,51615.31,1644732040,XRAY/ADA_0.3,0.0,0.0,0.0,895.0
0.311785,2601470.0,811100.0,77065.83,1644732040,ADAX/ADA_0.3,0.0,35.0,10.910000000032596,895.0
1.861423,393711.9,732864.58,55951.79,1644732040,AADA/ADA_0.3,0.0,0.0,0.0,895.0
1.764313,319882.76,564373.58,124051.33,1644732040,VYFI/ADA_0.3,0.0012479999999999158,-113.05999999999767,200.0,895.0
6.615411,52989.0,350544.04,202224.87,1644732040,MILK/ADA_0.3,0.0,0.0,0.0,895.0
0.131121,1601111.95,209939.69,89713.58,1644732040,MINt/ADA_0.3,9.999999999998899e-05,-608.5200000000186,80.0,895.0
0.035591,5528778.91,196777.51,19800.53,1644732040,CLAP/ADA_0.3,-2.8000000000000247e-05,2200.0,-78.09999999997672,895.0
0.0,6911756656995.0,153288.72,15471.16,1644732040,CHRLZ/ADA_0.3,0.0,1682451083062.0,-44100.91,895.0
2.141407,67449.84,144437.56,43406.48,1644732040,DANA/ADA_0.05,0.012646999999999853,-200.0,427.2300000000105,895.0
0.775099,176483.9,136792.5,3901.95,1644732040,WMT/ADA_0.05,0.0,0.0,0.0,895.0
3.1e-05,3232403522.2,101999.65,2315.2,1644732040,ASHIB/ADA_1.0,0.0,0.0,0.0,895.0
0.0,103471320969189.0,96466.19,15444.07,1644732040,BISON/ADA_0.3,0.0,0.0,0.0,895.0
0.030041,2870183.0,86223.36,19153.36,1644732040,FIRE/ADA_0.3,0.0,0.0,0.0,895.0
0.0,901557046869.0,74888.86,29068.75,1644732040,HOSKY/ADA_0.3,0.0,3821518822.0,-317.74000000000524,895.0
0.308395,174018.4,53666.56,124978.2,1644732040,MIN/ADA_0.3,0.0,0.0,0.0,895.0
0.005901,8672336.0,51183.64,2172.75,1644732040,FLICK/ADA_0.3,0.0,0.0,0.0,895.0
0.094295,522492.0,49268.67,35129.11,1644732040,cNETA/ADA_0.3,0.0034040000000000042,-9672.0,899.5400000000009,895.0
0.012264,3491715.0,42822.85,8994.92,1644732040,CNFT/ADA_0.3,0.0,0.0,0.0,895.0
0.128618,327357.95,42104.34,0.0,1644732040,MELD/ADA_1.0,0.0,0.0,0.0,895.0
0.118958,297566.86,35398.05,24283.59,1644732040,REVU/ADA_0.3,-0.0008710000000000107,1084.6699999999837,-129.11999999999534,895.0
0.00569,5033508.0,28643.92,4858.47,1644732040,BDOGE/ADA_1.0,3.4000000000000176e-05,-15006.0,86.0,895.0
38.292235,738.0,28259.66,16794.16,1644732040,unsi…en/ADA_1.0,0.20855999999999852,-2.0,77.75,895.0
0.000828,33947189.8,28132.58,0.0,1644732040,MONET/ADA_0.3,0.0,0.0,0.0,895.0
0.003176,8468724.54,26904.5,11255.41,1644732040,DRIP/ADA_1.0,-4.000000000000097e-06,5000.0,-15.7400000000016,895.0
0.168296,144959.0,24396.14,5407.51,1644732040,SKULL/ADA_1.0,0.0,0.0,0.0,895.0
0.132837,183293.38,24348.24,5554.03,1644732040,MINt/ADA_0.05,0.0,0.0,0.0,895.0
0.00074,28068873.0,20779.96,265.14,1644732040,RAG/ADA_1.0,0.0,0.0,0.0,895.0
0.326277,63658.92,20770.5,0.0,1644732040,MIN/ADA_0.05,0.0,0.0,0.0,895.0
0.016385,1140103.0,18681.44,0.0,1644732040,GOKEY/ADA_0.3,0.0,0.0,0.0,895.0
24.476923,763.0,18675.89,6807.77,1644732040,XDIA…ND/ADA_1.0,0.0,0.0,0.0,895.0
0.449788,39778.0,17891.67,1244.42,1644732040,CDX/ADA_1.0,0.0,0.0,0.0,895.0
0.038797,433540.0,16820.08,603.7,1644732040,cMETA/ADA_0.3,0.0,0.0,0.0,895.0
0.005464,2889439.0,15789.29,6867.35,1644732040,RAVE/ADA_1.0,0.0,0.0,0.0,895.0
2.188129,6300.6,13786.54,0.0,1644732040,DANA/ADA_0.3,0.0,0.0,0.0,895.0
0.311822,41529.28,12949.77,3243.87,1644732040,CARGO/ADA_0.3,0.0,0.0,0.0,895.0
0.0,15087859999.0,12430.04,1233.3,1644732040,MEOW/ADA_0.3,0.0,0.0,0.0,895.0
4.6e-05,249852955.0,11686.36,2452.82,1644732040,SHIBA/ADA_1.0,0.0,0.0,0.0,895.0
0.768512,14255.77,10955.74,303.0,1644732040,WMT/ADA_1.0,0.0,0.0,0.0,895.0
0.110175,97370.0,10727.76,0.0,1644732040,Card…rm/ADA_0.3,0.0,0.0,0.0,895.0
0.053967,187440.24,10115.6,54.03,1644732040,cbTHC/ADA_0.3,0.0,0.0,0.0,895.0
0.0,123695456976.0,9668.79,1815.91,1644732040,HOSKY/ADA_0.05,0.0,0.0,0.0,895.0
0.003331,2683061.96,8939.57,501.5,1644732040,DRIP/ADA_0.3,0.0,0.0,0.0,895.0
0.001152,7469690.0,8610.39,0.0,1644732040,FLANO/ADA_1.0,0.0,0.0,0.0,895.0
0.000144,53999879.0,7818.24,312.02,1644732040,KIDZ/ADA_0.3,0.0,0.0,0.0,895.0
0.029664,254821.0,7559.23,1151.35,1644732040,YAY/ADA_1.0,0.0,0.0,0.0,895.0
0.663136,21489901.5,14250744.72,1649575.16,1644732940,SUNDAE/ADA_0.3,0.0013900000000000023,-11994.300000000745,21946.140000000596,900.0
85.716993,144250.02,12364678.24,621586.75,1644732940,LQ/ADA_0.3,0.05780699999999683,6.099999999976717,8860.550000000745,900.0
0.787047,12099766.02,9523095.01,871978.47,1644732940,WMT/ADA_0.3,0.00010100000000001774,21055.009999999776,17792.049999998882,900.0
0.134589,9691251.4,1304344.86,529842.67,1644732940,MELD/ADA_0.3,-0.00035800000000002496,12866.060000000522,-1727.119999999879,900.0
0.10486,11726062.0,1229598.99,133418.49,1644732940,PAVIA/ADA_0.3,1.9999999999992246e-05,-1098.0,119.84000000008382,900.0
0.170834,6300703.0,1076377.16,51615.31,1644732940,XRAY/ADA_0.3,0.0,0.0,0.0,900.0
0.311785,2601502.0,811109.98,77065.83,1644732940,ADAX/ADA_0.3,0.0,32.0,9.979999999981374,900.0
1.86396,393444.27,733364.58,56453.29,1644732940,AADA/ADA_0.3,0.0025370000000000115,-267.63000000000466,500.0,900.0
1.764313,319882.76,564373.58,124051.33,1644732940,VYFI/ADA_0.3,0.0,0.0,0.0,900.0
6.621533,52965.0,350709.5,202390.83,1644732940,MILK/ADA_0.3,0.006122000000000405,-24.0,165.46000000002095,900.0
0.131125,1601101.9,209944.94,91024.02,1644732940,MINt/ADA_0.3,4.000000000004e-06,-10.050000000046566,5.25,900.0
0.035591,5528778.91,196777.51,19800.53,1644732940,CLAP/ADA_0.3,0.0,0.0,0.0,900.0
0.0,6911756656995.0,153288.72,15471.16,1644732940,CHRLZ/ADA_0.3,0.0,0.0,0.0,900.0
2.15923,67170.94,145037.56,44006.78,1644732940,DANA/ADA_0.05,0.017822999999999922,-278.8999999999942,600.0,900.0
0.775099,176483.9,136792.5,3901.95,1644732940,WMT/ADA_0.05,0.0,0.0,0.0,900.0
3.1e-05,3236305489.9,102192.52,2350.55,1644732940,ASHIB/ADA_1.0,0.0,3901967.700000286,192.8700000000099,900.0
0.0,103471320969189.0,96466.19,15444.07,1644732940,BISON/ADA_0.3,0.0,0.0,0.0,900.0
0.030041,2870183.0,86223.36,19153.36,1644732940,FIRE/ADA_0.3,0.0,0.0,0.0,900.0
0.0,905718559558.0,74553.83,29435.82,1644732940,HOSKY/ADA_0.3,0.0,4161512689.0,-335.02999999999884,900.0
0.308395,174018.4,53666.56,124978.2,1644732940,MIN/ADA_0.3,0.0,0.0,0.0,900.0
0.005901,8672336.0,51183.64,2172.75,1644732940,FLICK/ADA_0.3,0.0,0.0,0.0,900.0
0.095445,519340.0,49568.67,35430.01,1644732940,cNETA/ADA_0.3,0.0011499999999999982,-3152.0,300.0,900.0
0.012264,3491715.0,42822.85,8994.92,1644732940,CNFT/ADA_0.3,0.0,0.0,0.0,900.0
0.128618,327357.95,42104.34,0.0,1644732940,MELD/ADA_1.0,0.0,0.0,0.0,900.0
0.118958,297566.86,35398.05,24283.59,1644732940,REVU/ADA_0.3,0.0,0.0,0.0,900.0
0.00569,5048514.0,28729.32,4858.47,1644732940,BDOGE/ADA_1.0,0.0,15006.0,85.40000000000146,900.0
38.292235,738.0,28259.66,16794.16,1644732940,unsi…en/ADA_1.0,0.0,0.0,0.0,900.0
0.000828,33947189.8,28132.58,0.0,1644732940,MONET/ADA_0.3,0.0,0.0,0.0,900.0
0.003171,8475724.54,26882.5,11277.4,1644732940,DRIP/ADA_1.0,-4.999999999999796e-06,7000.0,-22.0,900.0
0.168296,144959.0,24396.14,5407.51,1644732940,SKULL/ADA_1.0,0.0,0.0,0.0,900.0
0.132837,183293.38,24348.24,5554.03,1644732940,MINt/ADA_0.05,0.0,0.0,0.0,900.0
0.00074,28068873.0,20779.96,265.14,1644732940,RAG/ADA_1.0,0.0,0.0,0.0,900.0
0.326277,63658.92,20770.5,0.0,1644732940,MIN/ADA_0.05,0.0,0.0,0.0,900.0
0.016385,1140103.0,18681.44,0.0,1644732940,GOKEY/ADA_0.3,0.0,0.0,0.0,900.0
24.476923,763.0,18675.89,6807.77,1644732940,XDIA…ND/ADA_1.0,0.0,0.0,0.0,900.0
0.449788,39778.0,17891.67,1244.42,1644732940,CDX/ADA_1.0,0.0,0.0,0.0,900.0
0.038797,433540.0,16820.08,603.7,1644732940,cMETA/ADA_0.3,0.0,0.0,0.0,900.0
0.005464,2889439.0,15789.29,6867.35,1644732940,RAVE/ADA_1.0,0.0,0.0,0.0,900.0
2.188129,6300.6,13786.54,0.0,1644732940,DANA/ADA_0.3,0.0,0.0,0.0,900.0
0.318112,41117.27,13079.92,3374.41,1644732940,CARGO/ADA_0.3,0.006290000000000018,-412.01000000000204,130.14999999999964,900.0
0.0,15077822184.0,12438.34,1241.63,1644732940,MEOW/ADA_0.3,0.0,-10037815.0,8.299999999999272,900.0
4.6e-05,249852955.0,11686.36,2452.82,1644732940,SHIBA/ADA_1.0,0.0,0.0,0.0,900.0
0.768512,14255.77,10955.74,303.0,1644732940,WMT/ADA_1.0,0.0,0.0,0.0,900.0
0.110175,97370.0,10727.76,0.0,1644732940,Card…rm/ADA_0.3,0.0,0.0,0.0,900.0
0.053967,187440.24,10115.6,54.03,1644732940,cbTHC/ADA_0.3,0.0,0.0,0.0,900.0
0.0,123695456976.0,9668.79,1815.91,1644732940,HOSKY/ADA_0.05,0.0,0.0,0.0,900.0
0.003331,2681917.85,8935.76,501.5,1644732940,DRIP/ADA_0.3,0.0,-1144.1099999998696,-3.8099999999994907,900.0
0.001152,7469690.0,8610.39,0.0,1644732940,FLANO/ADA_1.0,0.0,0.0,0.0,900.0
0.000144,53999879.0,7818.24,312.02,1644732940,KIDZ/ADA_0.3,0.0,0.0,0.0,900.0
0.029664,254821.0,7559.23,1151.35,1644732940,YAY/ADA_1.0,0.0,0.0,0.0,900.0
0.664038,21514895.54,14286726.34,1664469.83,1644733844,SUNDAE/ADA_0.3,0.0009020000000000694,24994.039999999106,35981.61999999918,903.0
85.747377,144224.5,12366872.81,623787.91,1644733844,LQ/ADA_0.3,0.030383999999997968,-25.519999999989523,2194.570000000298,903.0
0.787096,12103295.6,9526462.03,877519.61,1644733844,WMT/ADA_0.3,4.899999999996574e-05,3529.5800000000745,3367.019999999553,903.0
0.134843,9719402.4,1310594.01,531213.79,1644733844,MELD/ADA_0.3,0.0002540000000000042,28151.0,6249.149999999907,903.0
0.104892,11739119.0,1231340.08,135328.79,1644733844,PAVIA/ADA_0.3,3.200000000000425e-05,13057.0,1741.0900000000838,903.0
0.170834,6300703.0,1076377.16,51615.31,1644733844,XRAY/ADA_0.3,0.0,0.0,0.0,903.0
0.311796,2601455.0,811124.98,77080.87,1644733844,ADAX/ADA_0.3,1.1000000000038757e-05,-47.0,15.0,903.0
1.864801,393355.69,733530.23,56619.44,1644733844,AADA/ADA_0.3,0.0008409999999998696,-88.5800000000163,165.65000000002328,903.0
1.764313,319882.76,564373.58,124051.33,1644733844,VYFI/ADA_0.3,0.0,0.0,0.0,903.0
6.621533,53114.0,351696.11,202390.83,1644733844,MILK/ADA_0.3,0.0,149.0,986.609999999986,903.0
0.13125,1600341.92,210044.94,91124.32,1644733844,MINt/ADA_0.3,0.000125000000000014,-759.9799999999814,100.0,903.0
0.035591,5528778.91,196777.51,19809.4,1644733844,CLAP/ADA_0.3,0.0,0.0,0.0,903.0
0.0,6911756656995.0,153288.72,15471.16,1644733844,CHRLZ/ADA_0.3,0.0,0.0,0.0,903.0
2.174139,66940.29,145537.56,44507.03,1644733844,DANA/ADA_0.05,0.014908999999999839,-230.65000000000873,500.0,903.0
0.775099,177117.32,137283.46,3901.95,1644733844,WMT/ADA_0.05,0.0,633.4200000000128,490.95999999999185,903.0
3.1e-05,3236305489.9,102192.52,2350.55,1644733844,ASHIB/ADA_1.0,0.0,0.0,0.0,903.0
0.0,103471320969189.0,96466.19,15444.07,1644733844,BISON/ADA_0.3,0.0,0.0,0.0,903.0
0.030041,2870183.0,86223.36,19153.36,1644733844,FIRE/ADA_0.3,0.0,0.0,0.0,903.0
0.0,907679335690.0,74393.26,29596.39,1644733844,HOSKY/ADA_0.3,0.0,1960776132.0,-160.57000000000698,903.0
0.312553,173178.91,54127.75,125340.59,1644733844,MIN/ADA_0.3,0.0041580000000000505,-839.4899999999907,461.1900000000023,903.0
0.005901,8672336.0,51183.64,2172.75,1644733844,FLICK/ADA_0.3,0.0,0.0,0.0,903.0
0.097359,519120.0,50541.16,35931.51,1644733844,cNETA/ADA_0.3,0.001913999999999999,-220.0,972.4900000000052,903.0
0.012264,3491715.0,42822.85,8994.92,1644733844,CNFT/ADA_0.3,0.0,0.0,0.0,903.0
0.128618,327357.95,42104.34,0.0,1644733844,MELD/ADA_1.0,0.0,0.0,0.0,903.0
0.118958,297566.86,35398.05,24283.59,1644733844,REVU/ADA_0.3,0.0,0.0,0.0,903.0
0.00569,5048514.0,28729.32,4858.47,1644733844,BDOGE/ADA_1.0,0.0,0.0,0.0,903.0
38.292235,738.0,28259.66,16794.16,1644733844,unsi…en/ADA_1.0,0.0,0.0,0.0,903.0
0.000828,33947189.8,28132.58,0.0,1644733844,MONET/ADA_0.3,0.0,0.0,0.0,903.0
0.003162,8488724.54,26841.75,11318.16,1644733844,DRIP/ADA_1.0,-9.000000000000327e-06,13000.0,-40.75,903.0
0.168296,144959.0,24396.14,5407.51,1644733844,SKULL/ADA_1.0,0.0,0.0,0.0,903.0
0.132837,183293.38,24348.24,5554.03,1644733844,MINt/ADA_0.05,0.0,0.0,0.0,903.0
0.00074,28068873.0,20779.96,265.14,1644733844,RAG/ADA_1.0,0.0,0.0,0.0,903.0
0.326277,63658.92,20770.5,0.0,1644733844,MIN/ADA_0.05,0.0,0.0,0.0,903.0
0.016385,1140103.0,18681.44,0.0,1644733844,GOKEY/ADA_0.3,0.0,0.0,0.0,903.0
24.476923,763.0,18675.89,6807.77,1644733844,XDIA…ND/ADA_1.0,0.0,0.0,0.0,903.0
0.449788,39778.0,17891.67,1244.42,1644733844,CDX/ADA_1.0,0.0,0.0,0.0,903.0
0.038797,433540.0,16820.08,603.7,1644733844,cMETA/ADA_0.3,0.0,0.0,0.0,903.0
0.005464,2889439.0,15789.29,6867.35,1644733844,RAVE/ADA_1.0,0.0,0.0,0.0,903.0
2.188129,6300.6,13786.54,0.0,1644733844,DANA/ADA_0.3,0.0,0.0,0.0,903.0
0.318112,41117.27,13079.92,3374.41,1644733844,CARGO/ADA_0.3,0.0,0.0,0.0,903.0
0.0,15077822184.0,12438.34,1241.63,1644733844,MEOW/ADA_0.3,0.0,0.0,0.0,903.0
4.6e-05,249852955.0,11686.36,2452.82,1644733844,SHIBA/ADA_1.0,0.0,0.0,0.0,903.0
0.768512,14255.77,10955.74,303.0,1644733844,WMT/ADA_1.0,0.0,0.0,0.0,903.0
0.110175,97370.0,10727.76,0.0,1644733844,Card…rm/ADA_0.3,0.0,0.0,0.0,903.0
0.053967,187440.24,10115.6,54.03,1644733844,cbTHC/ADA_0.3,0.0,0.0,0.0,903.0
0.0,123695456976.0,9668.79,1815.91,1644733844,HOSKY/ADA_0.05,0.0,0.0,0.0,903.0
0.003331,2681917.85,8935.76,501.5,1644733844,DRIP/ADA_0.3,0.0,0.0,0.0,903.0
0.001152,7469690.0,8610.39,0.0,1644733844,FLANO/ADA_1.0,0.0,0.0,0.0,903.0
0.000144,53999879.0,7818.24,312.02,1644733844,KIDZ/ADA_0.3,0.0,0.0,0.0,903.0
0.029664,254821.0,7559.23,1151.35,1644733844,YAY/ADA_1.0,0.0,0.0,0.0,903.0
0.664392,21561936.22,14325580.45,1671849.51,1644734750,SUNDAE/ADA_0.3,0.00035399999999996545,47040.6799999997,38854.109999999404,906.0
86.858676,143313.56,12448026.49,704028.2,1644734750,LQ/ADA_0.3,1.1112990000000025,-910.9400000000023,81153.6799999997,906.0
0.787106,12105243.82,9528110.56,877686.3,1644734750,WMT/ADA_0.3,9.99999999995449e-06,1948.2200000006706,1648.530000001192,906.0
0.135425,9698499.04,1313427.26,547421.57,1644734750,MELD/ADA_0.3,0.0005819999999999992,-20903.360000001267,2833.25,906.0
0.105046,11730478.0,1232245.46,137130.84,1644734750,PAVIA/ADA_0.3,0.00015400000000000136,-8641.0,905.3799999998882,906.0
0.170672,6303703.0,1075866.44,52126.03,1644734750,XRAY/ADA_0.3,-0.00016200000000002324,3000.0,-510.71999999997206,906.0
0.311713,2601806.0,811017.01,77470.55,1644734750,ADAX/ADA_0.3,-8.299999999999974e-05,351.0,-107.96999999997206,906.0
1.867467,393075.2,734055.23,57146.01,1644734750,AADA/ADA_0.3,0.002666000000000057,-280.4899999999907,525.0,906.0
1.764313,319882.76,564373.58,124051.33,1644734750,VYFI/ADA_0.3,0.0,0.0,0.0,906.0
6.623403,53107.0,351749.09,202443.97,1644734750,MILK/ADA_0.3,0.0018699999999993722,-7.0,52.98000000003958,906.0
0.13125,1600341.92,210044.94,91124.32,1644734750,MINt/ADA_0.3,0.0,0.0,0.0,906.0
0.035588,5529028.91,196768.64,19809.4,1644734750,CLAP/ADA_0.3,-2.9999999999960614e-06,250.0,-8.869999999995343,906.0
0.0,6911756656995.0,153288.72,15471.16,1644734750,CHRLZ/ADA_0.3,0.0,0.0,0.0,906.0
2.192098,66665.59,146137.56,45107.33,1644734750,DANA/ADA_0.05,0.01795900000000028,-274.6999999999971,600.0,906.0
0.775099,177062.47,137240.95,3901.95,1644734750,WMT/ADA_0.05,0.0,-54.85000000000582,-42.50999999998021,906.0
3.1e-05,3236305489.9,102192.52,2350.55,1644734750,ASHIB/ADA_1.0,0.0,0.0,0.0,906.0
0.0,103412402460100.0,96521.58,15588.97,1644734750,BISON/ADA_0.3,0.0,-58918509089.0,55.38999999999942,906.0
0.030041,2870183.0,86223.36,19153.36,1644734750,FIRE/ADA_0.3,0.0,0.0,0.0,906.0
0.0,919372503345.0,73649.23,30440.42,1644734750,HOSKY/ADA_0.3,0.0,11693167655.0,-744.0299999999988,906.0
0.312553,173178.91,54127.75,125340.59,1644734750,MIN/ADA_0.3,0.0,0.0,0.0,906.0
0.005913,8663898.0,51233.64,2222.9,1644734750,FLICK/ADA_0.3,1.1999999999999858e-05,-8438.0,50.0,906.0
0.097744,518098.0,50641.16,36031.81,1644734750,cNETA/ADA_0.3,0.00038499999999999646,-1022.0,100.0,906.0
0.012264,3491715.0,42822.85,8994.92,1644734750,CNFT/ADA_0.3,0.0,0.0,0.0,906.0
0.128618,327357.95,42104.34,0.0,1644734750,MELD/ADA_1.0,0.0,0.0,0.0,906.0
0.118958,297566.86,35398.05,24283.59,1644734750,REVU/ADA_0.3,0.0,0.0,0.0,906.0
0.00569,5048514.0,28729.32,4858.47,1644734750,BDOGE/ADA_1.0,0.0,0.0,0.0,906.0
38.292235,738.0,28259.66,16794.16,1644734750,unsi…en/ADA_1.0,0.0,0.0,0.0,906.0
0.000828,33947189.8,28132.58,0.0,1644734750,MONET/ADA_0.3,0.0,0.0,0.0,906.0
0.003162,8488724.54,26841.75,11318.16,1644734750,DRIP/ADA_1.0,0.0,0.0,0.0,906.0
0.168296,144959.0,24396.14,5407.51,1644734750,SKULL/ADA_1.0,0.0,0.0,0.0,906.0
0.132837,178497.23,23711.13,5554.03,1644734750,MINt/ADA_0.05,0.0,-4796.149999999994,-637.1100000000006,906.0
0.00074,28068873.0,20779.96,265.14,1644734750,RAG/ADA_1.0,0.0,0.0,0.0,906.0
0.326277,63658.92,20770.5,0.0,1644734750,MIN/ADA_0.05,0.0,0.0,0.0,906.0
0.016385,1140103.0,18681.44,0.0,1644734750,GOKEY/ADA_0.3,0.0,0.0,0.0,906.0
24.476923,763.0,18675.89,6807.77,1644734750,XDIA…ND/ADA_1.0,0.0,0.0,0.0,906.0
0.449788,39778.0,17891.67,1244.42,1644734750,CDX/ADA_1.0,0.0,0.0,0.0,906.0
0.038797,433540.0,16820.08,603.7,1644734750,cMETA/ADA_0.3,0.0,0.0,0.0,906.0
0.005464,2889439.0,15789.29,6867.35,1644734750,RAVE/ADA_1.0,0.0,0.0,0.0,906.0
2.188129,6300.6,13786.54,0.0,1644734750,DANA/ADA_0.3,0.0,0.0,0.0,906.0
0.318112,41117.27,13079.92,3374.41,1644734750,CARGO/ADA_0.3,0.0,0.0,0.0,906.0
0.0,15077822184.0,12438.34,1241.63,1644734750,MEOW/ADA_0.3,0.0,0.0,0.0,906.0
4.6e-05,249852955.0,11686.36,2452.82,1644734750,SHIBA/ADA_1.0,0.0,0.0,0.0,906.0
0.768512,14255.77,10955.74,303.0,1644734750,WMT/ADA_1.0,0.0,0.0,0.0,906.0
0.110175,97370.0,10727.76,0.0,1644734750,Card…rm/ADA_0.3,0.0,0.0,0.0,906.0
0.053967,187440.24,10115.6,54.03,1644734750,cbTHC/ADA_0.3,0.0,0.0,0.0,906.0
0.0,123695456976.0,9668.79,1815.91,1644734750,HOSKY/ADA_0.05,0.0,0.0,0.0,906.0
0.003331,2681917.85,8935.76,501.5,1644734750,DRIP/ADA_0.3,0.0,0.0,0.0,906.0
0.001152,7469690.0,8610.39,0.0,1644734750,FLANO/ADA_1.0,0.0,0.0,0.0,906.0
0.000144,53999879.0,7818.24,312.02,1644734750,KIDZ/ADA_0.3,0.0,0.0,0.0,906.0
0.028074,261992.0,7355.24,1445.79,1644734750,YAY/ADA_1.0,-0.0015899999999999977,7171.0,-203.98999999999978,906.0
0.665592,21547354.05,14341766.34,1316899.89,1644735643,SUNDAE/ADA_0.3,0.0011999999999999789,-14582.169999998063,16185.890000000596,892.0
86.861811,143319.17,12448962.99,695107.54,1644735643,LQ/ADA_0.3,0.003135000000000332,5.610000000015134,936.5,892.0
0.784979,12128796.67,9520855.1,884288.33,1644735643,WMT/ADA_0.3,-0.00212699999999999,23552.849999999627,-7255.460000000894,892.0
0.132356,9810484.67,1298479.75,516508.92,1644735643,MELD/ADA_0.3,-0.0030689999999999884,111985.63000000082,-14947.51000000001,892.0
0.104827,11742724.0,1230964.26,124145.05,1644735643,PAVIA/ADA_0.3,-0.00021899999999999697,12246.0,-1281.1999999999534,892.0
0.170672,6303703.0,1075866.44,52126.03,1644735643,XRAY/ADA_0.3,0.0,0.0,0.0,892.0
0.311954,2600802.0,811331.34,71271.83,1644735643,ADAX/ADA_0.3,0.00024099999999999122,-1004.0,314.3299999999581,892.0
1.867467,393075.2,734055.23,54358.92,1644735643,AADA/ADA_0.3,0.0,0.0,0.0,892.0
1.764313,319882.76,564373.58,123567.92,1644735643,VYFI/ADA_0.3,0.0,0.0,0.0,892.0
6.622656,53110.0,351729.28,196540.05,1644735643,MILK/ADA_0.3,-0.0007469999999996091,3.0,-19.80999999999767,892.0
0.129977,1608169.99,209025.56,61555.54,1644735643,MINt/ADA_0.3,-0.0012729999999999964,7828.070000000065,-1019.3800000000047,892.0
0.035588,5529028.91,196768.64,19809.4,1644735643,CLAP/ADA_0.3,0.0,0.0,0.0,892.0
0.0,6911756656995.0,153288.72,15471.16,1644735643,CHRLZ/ADA_0.3,0.0,0.0,0.0,892.0
2.192098,66665.59,146137.56,44888.11,1644735643,DANA/ADA_0.05,0.0,0.0,0.0,892.0
0.775099,176935.38,137142.44,3901.95,1644735643,WMT/ADA_0.05,0.0,-127.08999999999651,-98.51000000000931,892.0
3.1e-05,3236305489.9,102192.52,2350.55,1644735643,ASHIB/ADA_1.0,0.0,0.0,0.0,892.0
0.0,103412402460100.0,96521.58,15588.97,1644735643,BISON/ADA_0.3,0.0,0.0,0.0,892.0
0.030041,2870183.0,86223.36,19122.65,1644735643,FIRE/ADA_0.3,0.0,0.0,0.0,892.0
0.0,919372503345.0,73649.23,30337.47,1644735643,HOSKY/ADA_0.3,0.0,0.0,0.0,892.0
0.312553,178369.39,55750.06,117749.08,1644735643,MIN/ADA_0.3,0.0,5190.4800000000105,1622.3099999999977,892.0
0.005936,8647071.0,51333.64,2323.2,1644735643,FLICK/ADA_0.3,2.300000000000045e-05,-16827.0,100.0,892.0
0.09784,517844.0,50666.16,33069.85,1644735643,cNETA/ADA_0.3,9.599999999999886e-05,-254.0,25.0,892.0
0.012264,3491715.0,42822.85,8994.92,1644735643,CNFT/ADA_0.3,0.0,0.0,0.0,892.0
0.128618,327357.95,42104.34,0.0,1644735643,MELD/ADA_1.0,0.0,0.0,0.0,892.0
0.118958,297566.86,35398.05,24283.59,1644735643,REVU/ADA_0.3,0.0,0.0,0.0,892.0
0.00569,5048514.0,28729.32,4858.47,1644735643,BDOGE/ADA_1.0,0.0,0.0,0.0,892.0
38.292235,738.0,28259.66,16794.16,1644735643,unsi…en/ADA_1.0,0.0,0.0,0.0,892.0
0.000828,33947189.8,28132.58,0.0,1644735643,MONET/ADA_0.3,0.0,0.0,0.0,892.0
0.00312,8544831.03,26661.67,10578.07,1644735643,DRIP/ADA_1.0,-4.199999999999994e-05,56106.49000000022,-180.08000000000175,892.0
0.168296,144959.0,24396.14,5407.51,1644735643,SKULL/ADA_1.0,0.0,0.0,0.0,892.0
0.132837,178497.23,23711.13,2993.75,1644735643,MINt/ADA_0.05,0.0,0.0,0.0,892.0
0.00074,28068873.0,20779.96,265.14,1644735643,RAG/ADA_1.0,0.0,0.0,0.0,892.0
0.326277,58468.43,19076.96,4216.36,1644735643,MIN/ADA_0.05,0.0,-5190.489999999998,-1693.5400000000009,892.0
0.016385,1140103.0,18681.44,0.0,1644735643,GOKEY/ADA_0.3,0.0,0.0,0.0,892.0
24.476923,763.0,18675.89,5840.88,1644735643,XDIA…ND/ADA_1.0,0.0,0.0,0.0,892.0
0.449788,39778.0,17891.67,1244.42,1644735643,CDX/ADA_1.0,0.0,0.0,0.0,892.0
0.038797,433540.0,16820.08,503.4,1644735643,cMETA/ADA_0.3,0.0,0.0,0.0,892.0
0.005464,2889439.0,15789.29,6702.67,1644735643,RAVE/ADA_1.0,0.0,0.0,0.0,892.0
2.188129,6300.6,13786.54,0.0,1644735643,DANA/ADA_0.3,0.0,0.0,0.0,892.0
0.318112,41117.27,13079.92,3374.41,1644735643,CARGO/ADA_0.3,0.0,0.0,0.0,892.0
0.0,15077822184.0,12438.34,1241.63,1644735643,MEOW/ADA_0.3,0.0,0.0,0.0,892.0
4.6e-05,249852955.0,11686.36,2452.82,1644735643,SHIBA/ADA_1.0,0.0,0.0,0.0,892.0
0.768512,14255.77,10955.74,303.0,1644735643,WMT/ADA_1.0,0.0,0.0,0.0,892.0
0.110175,97370.0,10727.76,0.0,1644735643,Card…rm/ADA_0.3,0.0,0.0,0.0,892.0
0.053967,187440.24,10115.6,54.03,1644735643,cbTHC/ADA_0.3,0.0,0.0,0.0,892.0
0.0,123695456976.0,9668.79,1815.91,1644735643,HOSKY/ADA_0.05,0.0,0.0,0.0,892.0
0.003331,2681917.85,8935.76,501.5,1644735643,DRIP/ADA_0.3,0.0,0.0,0.0,892.0
0.001152,7469690.0,8610.39,0.0,1644735643,FLANO/ADA_1.0,0.0,0.0,0.0,892.0
0.000144,53999879.0,7818.24,312.02,1644735643,KIDZ/ADA_0.3,0.0,0.0,0.0,892.0
0.028074,261992.0,7355.24,1445.79,1644735643,YAY/ADA_1.0,0.0,0.0,0.0,892.0
0.666307,21541885.47,14353520.31,1328125.87,1644736539,SUNDAE/ADA_0.3,0.0007150000000000212,-5468.580000001937,11753.97000000067,896.0
86.82481,143349.79,12446318.69,700057.77,1644736539,LQ/ADA_0.3,-0.037001000000003614,30.619999999995343,-2644.300000000745,896.0
0.785245,12139785.78,9532710.01,897700.27,1644736539,WMT/ADA_0.3,0.00026599999999998847,10989.109999999404,11854.910000000149,896.0
0.128825,9944279.47,1281073.85,518122.16,1644736539,MELD/ADA_0.3,-0.0035310000000000064,133794.80000000075,-17405.899999999907,896.0
0.104349,11769646.0,1228157.46,127065.97,1644736539,PAVIA/ADA_0.3,-0.0004780000000000062,26922.0,-2806.8000000000466,896.0
0.170672,6303703.0,1075866.44,52126.03,1644736539,XRAY/ADA_0.3,0.0,0.0,0.0,896.0
0.312513,2598493.0,812062.84,72001.45,1644736539,ADAX/ADA_0.3,0.0005589999999999762,-2309.0,731.5,896.0
1.867848,393035.17,734130.23,54434.15,1644736539,AADA/ADA_0.3,0.0003809999999999647,-40.03000000002794,75.0,896.0
1.763275,319977.11,564207.73,123577.95,1644736539,VYFI/ADA_0.3,-0.0010380000000000944,94.34999999997672,-165.84999999997672,896.0
6.622656,53110.0,351729.28,196869.88,1644736539,MILK/ADA_0.3,0.0,0.0,0.0,896.0
0.121032,1672479.47,202423.88,68891.41,1644736539,MINt/ADA_0.3,-0.008945000000000008,64309.47999999998,-6601.679999999993,896.0
0.035588,5529028.91,196768.64,19809.4,1644736539,CLAP/ADA_0.3,0.0,0.0,0.0,896.0
0.0,6911756656995.0,153288.72,15471.16,1644736539,CHRLZ/ADA_0.3,0.0,0.0,0.0,896.0
2.17992,66851.59,145731.17,45294.5,1644736539,DANA/ADA_0.05,-0.012178000000000022,186.0,-406.38999999998487,896.0
0.775099,176935.38,137142.44,3901.95,1644736539,WMT/ADA_0.05,0.0,0.0,0.0,896.0
3.1e-05,3236305489.9,102192.52,2350.55,1644736539,ASHIB/ADA_1.0,0.0,0.0,0.0,896.0
0.0,103412402460100.0,96521.58,15588.97,1644736539,BISON/ADA_0.3,0.0,0.0,0.0,896.0
0.030063,2869122.0,86255.36,19122.65,1644736539,FIRE/ADA_0.3,2.1999999999997716e-05,-1061.0,32.0,896.0
0.0,924095799603.0,73274.05,30756.72,1644736539,HOSKY/ADA_0.3,0.0,4723296258.0,-375.179999999993,896.0
0.311131,178777.65,55623.31,117935.92,1644736539,MIN/ADA_0.3,-0.0014220000000000343,408.2599999999802,-126.75,896.0
0.005936,8647071.0,51333.64,2323.2,1644736539,FLICK/ADA_0.3,0.0,0.0,0.0,896.0
0.096569,521260.0,50338.04,34390.4,1644736539,cNETA/ADA_0.3,-0.0012709999999999944,3416.0,-328.1200000000026,896.0
0.012264,3491715.0,42822.85,8994.92,1644736539,CNFT/ADA_0.3,0.0,0.0,0.0,896.0
0.128618,327357.95,42104.34,0.0,1644736539,MELD/ADA_1.0,0.0,0.0,0.0,896.0
0.118958,297566.86,35398.05,24283.59,1644736539,REVU/ADA_0.3,0.0,0.0,0.0,896.0
0.00569,5048514.0,28729.32,4858.47,1644736539,BDOGE/ADA_1.0,0.0,0.0,0.0,896.0
38.292235,738.0,28259.66,16794.16,1644736539,unsi…en/ADA_1.0,0.0,0.0,0.0,896.0
0.000828,33947189.8,28132.58,0.0,1644736539,MONET/ADA_0.3,0.0,0.0,0.0,896.0
0.003045,8649831.03,26341.22,10932.54,1644736539,DRIP/ADA_1.0,-7.499999999999998e-05,105000.0,-320.4499999999971,896.0
0.168296,144959.0,24396.14,5407.51,1644736539,SKULL/ADA_1.0,0.0,0.0,0.0,896.0
0.132837,177644.83,23597.9,2993.75,1644736539,MINt/ADA_0.05,0.0,-852.4000000000233,-113.22999999999956,896.0
0.000728,28289999.0,20619.14,425.95,1644736539,RAG/ADA_1.0,-1.1999999999999966e-05,221126.0,-160.8199999999997,896.0
0.326277,58468.43,19076.96,4216.36,1644736539,MIN/ADA_0.05,0.0,0.0,0.0,896.0
0.016385,1140103.0,18681.44,0.0,1644736539,GOKEY/ADA_0.3,0.0,0.0,0.0,896.0
24.476923,763.0,18675.89,5840.88,1644736539,XDIA…ND/ADA_1.0,0.0,0.0,0.0,896.0
0.449788,39778.0,17891.67,1244.42,1644736539,CDX/ADA_1.0,0.0,0.0,0.0,896.0
0.038797,433540.0,16820.08,503.4,1644736539,cMETA/ADA_0.3,0.0,0.0,0.0,896.0
0.005464,2889439.0,15789.29,6702.67,1644736539,RAVE/ADA_1.0,0.0,0.0,0.0,896.0
2.188129,6300.6,13786.54,0.0,1644736539,DANA/ADA_0.3,0.0,0.0,0.0,896.0
0.318112,41117.27,13079.92,3374.41,1644736539,CARGO/ADA_0.3,0.0,0.0,0.0,896.0
0.0,15077822184.0,12438.34,1241.63,1644736539,MEOW/ADA_0.3,0.0,0.0,0.0,896.0
4.6e-05,249852955.0,11686.36,2452.82,1644736539,SHIBA/ADA_1.0,0.0,0.0,0.0,896.0
0.768512,14255.77,10955.74,303.0,1644736539,WMT/ADA_1.0,0.0,0.0,0.0,896.0
0.110175,97370.0,10727.76,0.0,1644736539,Card…rm/ADA_0.3,0.0,0.0,0.0,896.0
0.0,123695456976.0,9668.79,1815.91,1644736539,HOSKY/ADA_0.05,0.0,0.0,0.0,896.0
0.046276,202440.24,9368.16,801.47,1644736539,cbTHC/ADA_0.3,-0.007691000000000003,15000.0,-747.4400000000005,896.0
0.003331,2681917.85,8935.76,501.5,1644736539,DRIP/ADA_0.3,0.0,0.0,0.0,896.0
0.001152,7469690.0,8610.39,0.0,1644736539,FLANO/ADA_1.0,0.0,0.0,0.0,896.0
0.000144,53999879.0,7818.24,312.02,1644736539,KIDZ/ADA_0.3,0.0,0.0,0.0,896.0
0.028074,261992.0,7355.24,1445.79,1644736539,YAY/ADA_1.0,0.0,0.0,0.0,896.0
0.674858,21471053.8,14489922.62,1425355.57,1644737440,SUNDAE/ADA_0.3,0.008550999999999975,-70831.66999999806,136402.30999999866,900.0
86.739009,143439.45,12441796.56,707807.36,1644737440,LQ/ADA_0.3,-0.08580100000000357,89.66000000000349,-4522.129999998957,900.0
0.784035,12160588.08,9534327.72,898647.21,1644737440,WMT/ADA_0.3,-0.0012099999999999334,20802.300000000745,1617.710000000894,900.0
0.128978,9950935.02,1283457.43,522192.66,1644737440,MELD/ADA_0.3,0.00015300000000001424,6655.549999998882,2383.5799999998417,900.0
0.104354,11769379.0,1228185.41,127094.0,1644737440,PAVIA/ADA_0.3,5.0000000000050004e-06,-267.0,27.949999999953434,900.0
0.170672,6303703.0,1075866.44,52126.03,1644737440,XRAY/ADA_0.3,0.0,0.0,0.0,900.0
0.312513,2598493.0,812062.84,72001.45,1644737440,ADAX/ADA_0.3,0.0,0.0,0.0,900.0
1.867848,393035.17,734130.23,54434.15,1644737440,AADA/ADA_0.3,0.0,0.0,0.0,900.0
1.765304,319793.45,564532.73,123903.93,1644737440,VYFI/ADA_0.3,0.0020290000000000585,-183.6599999999744,325.0,900.0
6.609229,53164.0,351373.09,196896.24,1644737440,MILK/ADA_0.3,-0.013427000000000078,54.0,-356.1900000000023,900.0
0.121178,1671474.47,202545.96,69013.85,1644737440,MINt/ADA_0.3,0.00014599999999999336,-1005.0,122.0799999999872,900.0
0.035549,5532028.91,196662.25,19915.79,1644737440,CLAP/ADA_0.3,-3.900000000000431e-05,3000.0,-106.39000000001397,900.0
0.0,6911756656995.0,153288.72,15471.16,1644737440,CHRLZ/ADA_0.3,0.0,0.0,0.0,900.0
2.17992,66851.59,145731.17,45294.5,1644737440,DANA/ADA_0.05,0.0,0.0,0.0,900.0
0.775099,176935.38,137142.44,3901.95,1644737440,WMT/ADA_0.05,0.0,0.0,0.0,900.0
3.1e-05,3236314489.9,102192.8,2350.55,1644737440,ASHIB/ADA_1.0,0.0,9000.0,0.27999999999883585,900.0
0.0,103311720190654.0,96615.93,15683.61,1644737440,BISON/ADA_0.3,0.0,-100682269446.0,94.34999999999127,900.0
0.030063,2869122.0,86255.36,19122.65,1644737440,FIRE/ADA_0.3,0.0,0.0,0.0,900.0
0.0,925239694603.0,73183.73,30847.04,1644737440,HOSKY/ADA_0.3,0.0,1143895000.0,-90.32000000000698,900.0
0.271088,191888.25,52018.73,125479.68,1644737440,MIN/ADA_0.3,-0.040042999999999995,13110.600000000006,-3604.5799999999945,900.0
0.005936,8647071.0,51333.64,2323.2,1644737440,FLICK/ADA_0.3,0.0,0.0,0.0,900.0
0.096569,521760.0,50386.32,34390.4,1644737440,cNETA/ADA_0.3,0.0,500.0,48.279999999998836,900.0
0.012264,3491715.0,42822.85,8994.92,1644737440,CNFT/ADA_0.3,0.0,0.0,0.0,900.0
0.128618,327357.95,42104.34,0.0,1644737440,MELD/ADA_1.0,0.0,0.0,0.0,900.0
0.118958,297566.86,35398.05,24283.59,1644737440,REVU/ADA_0.3,0.0,0.0,0.0,900.0
0.00569,5048514.0,28729.32,4858.47,1644737440,BDOGE/ADA_1.0,0.0,0.0,0.0,900.0
38.292235,738.0,28259.66,16794.16,1644737440,unsi…en/ADA_1.0,0.0,0.0,0.0,900.0
0.000828,33947189.8,28132.58,0.0,1644737440,MONET/ADA_0.3,0.0,0.0,0.0,900.0
0.003037,8661131.03,26307.2,10932.54,1644737440,DRIP/ADA_1.0,-7.99999999999976e-06,11300.0,-34.02000000000044,900.0
0.168296,144959.0,24396.14,5407.51,1644737440,SKULL/ADA_1.0,0.0,0.0,0.0,900.0
0.132837,177644.83,23597.9,2993.75,1644737440,MINt/ADA_0.05,0.0,0.0,0.0,900.0
0.000728,28289999.0,20619.14,425.95,1644737440,RAG/ADA_1.0,0.0,0.0,0.0,900.0
0.326277,58168.14,18978.98,4216.36,1644737440,MIN/ADA_0.05,0.0,-300.2900000000009,-97.97999999999956,900.0
0.016385,1140103.0,18681.44,0.0,1644737440,GOKEY/ADA_0.3,0.0,0.0,0.0,900.0
24.476923,763.0,18675.89,5840.88,1644737440,XDIA…ND/ADA_1.0,0.0,0.0,0.0,900.0
0.449788,39778.0,17891.67,1244.42,1644737440,CDX/ADA_1.0,0.0,0.0,0.0,900.0
0.038797,433540.0,16820.08,503.4,1644737440,cMETA/ADA_0.3,0.0,0.0,0.0,900.0
0.005464,2889439.0,15789.29,6702.67,1644737440,RAVE/ADA_1.0,0.0,0.0,0.0,900.0
2.188129,6300.6,13786.54,0.0,1644737440,DANA/ADA_0.3,0.0,0.0,0.0,900.0
0.318112,41117.27,13079.92,3374.41,1644737440,CARGO/ADA_0.3,0.0,0.0,0.0,900.0
0.0,15077822184.0,12438.34,1241.63,1644737440,MEOW/ADA_0.3,0.0,0.0,0.0,900.0
4.6e-05,249852955.0,11686.36,2452.82,1644737440,SHIBA/ADA_1.0,0.0,0.0,0.0,900.0
0.768512,14255.77,10955.74,303.0,1644737440,WMT/ADA_1.0,0.0,0.0,0.0,900.0
0.110175,97370.0,10727.76,0.0,1644737440,Card…rm/ADA_0.3,0.0,0.0,0.0,900.0
0.0,123972159674.0,9690.42,1815.91,1644737440,HOSKY/ADA_0.05,0.0,276702698.0,21.6299999999992,900.0
0.046276,202439.53,9368.13,801.47,1644737440,cbTHC/ADA_0.3,0.0,-0.7099999999918509,-0.030000000000654836,900.0
0.003331,2681917.85,8935.76,501.5,1644737440,DRIP/ADA_0.3,0.0,0.0,0.0,900.0
0.001152,7469690.0,8610.39,0.0,1644737440,FLANO/ADA_1.0,0.0,0.0,0.0,900.0
0.000144,53999879.0,7818.24,312.02,1644737440,KIDZ/ADA_0.3,0.0,0.0,0.0,900.0
0.028074,261992.0,7355.24,1445.79,1644737440,YAY/ADA_1.0,0.0,0.0,0.0,900.0
0.671235,23015357.83,15448728.76,1975442.14,1644787840,SUNDAE/ADA_0.3,-0.003622999999999932,1544304.0299999975,958806.1400000006,50400.0
92.320463,144448.85,13335585.3,922228.03,1644787840,LQ/ADA_0.3,5.581454000000008,1009.3999999999942,893788.7400000002,50400.0
0.804015,12424027.34,9989108.26,924373.31,1644787840,WMT/ADA_0.3,0.019979999999999998,263439.2599999998,454780.5399999991,50400.0
0.115867,10549085.4,1222290.91,626405.76,1644787840,MELD/ADA_0.3,-0.013111000000000012,598150.3800000008,-61166.52000000002,50400.0
0.096773,12246667.0,1185148.29,257768.66,1644787840,PAVIA/ADA_0.3,-0.007581000000000004,477288.0,-43037.11999999988,50400.0
0.169894,6309128.0,1071884.59,16398.65,1644787840,XRAY/ADA_0.3,-0.0007780000000000009,5425.0,-3981.8499999998603,50400.0
0.299525,2677616.0,802013.53,183320.33,1644787840,ADAX/ADA_0.3,-0.012988,79123.0,-10049.30999999994,50400.0
1.941891,386753.65,751033.76,52198.28,1644787840,AADA/ADA_0.3,0.07404300000000008,-6281.51999999996,16903.530000000028,50400.0
1.644102,341539.42,561525.97,115961.02,1644787840,VYFI/ADA_0.3,-0.12120200000000003,21745.969999999972,-3006.7600000000093,50400.0
6.390165,54148.0,346014.65,129067.18,1644787840,MILK/ADA_0.3,-0.21906400000000037,984.0,-5358.440000000002,50400.0
0.123976,1637525.98,203015.21,46369.28,1644787840,MINt/ADA_0.3,0.002798000000000009,-33948.48999999999,469.25,50400.0
0.034912,5583019.01,194916.98,19283.9,1644787840,CLAP/ADA_0.3,-0.0006369999999999987,50990.09999999963,-1745.2699999999895,50400.0
0.0,6813768906123.0,155500.91,16841.78,1644787840,CHRLZ/ADA_0.3,0.0,-97987750872.0,2212.1900000000023,50400.0
2.210163,66641.1,147287.72,38719.15,1644787840,DANA/ADA_0.05,0.03024300000000002,-210.4899999999907,1556.5499999999884,50400.0
0.812849,174777.59,142067.83,5802.9,1644787840,WMT/ADA_0.05,0.03775000000000006,-2157.790000000008,4925.389999999985,50400.0
3.4e-05,3128801520.74,106683.35,5833.43,1644787840,ASHIB/ADA_1.0,2.9999999999999984e-06,-107512969.16000032,4490.550000000003,50400.0
0.037771,2527641.0,95473.3,49793.9,1644787840,FIRE/ADA_0.3,0.007708,-341481.0,9217.940000000002,50400.0
0.0,99528443573316.0,95254.24,14394.33,1644787840,BISON/ADA_0.3,0.0,-3783276617338.0,-1361.6899999999878,50400.0
0.0,964189848223.0,74092.12,52467.25,1644787840,HOSKY/ADA_0.3,0.0,38950153620.0,908.3899999999994,50400.0
0.006345,9118550.0,57859.37,9555.92,1644787840,FLICK/ADA_0.3,0.00040899999999999964,471479.0,6525.730000000003,50400.0
0.288973,188485.79,54467.31,77693.64,1644787840,MIN/ADA_0.3,0.017884999999999984,-3402.459999999992,2448.5799999999945,50400.0
0.083884,575992.0,48317.03,39191.63,1644787840,cNETA/ADA_0.3,-0.012685000000000002,54232.0,-2069.290000000001,50400.0
0.012251,3494112.0,42809.32,5207.02,1644787840,CNFT/ADA_0.3,-1.3000000000000858e-05,2397.0,-13.529999999998836,50400.0
0.120907,331306.71,40057.51,2770.14,1644787840,MELD/ADA_1.0,-0.0077110000000000095,3948.7600000000093,-2046.8299999999945,50400.0
0.114725,301014.52,34533.96,14748.49,1644787840,REVU/ADA_0.3,-0.004233000000000001,3447.6600000000326,-864.0900000000038,50400.0
0.005909,5014184.0,29632.64,2362.28,1644787840,BDOGE/ADA_1.0,0.00021900000000000044,-34330.0,903.3199999999997,50400.0
41.556906,711.0,29546.96,15251.54,1644787840,unsi…en/ADA_1.0,3.264671,-27.0,1287.2999999999993,50400.0
0.000831,33887142.92,28182.58,200.36,1644787840,MONET/ADA_0.3,3.000000000000073e-06,-60046.87999999523,50.0,50400.0
0.00283,9051562.88,25623.82,9034.11,1644787840,DRIP/ADA_1.0,-0.00020700000000000015,390431.8500000015,-683.380000000001,50400.0
0.170179,149489.0,25440.03,1537.17,1644787840,SKULL/ADA_1.0,0.0018829999999999958,4530.0,1043.8899999999994,50400.0
0.013688,1850725.0,25334.22,0.0,1644787840,QUID/ADA_0.3,,,,
0.123004,174759.48,21496.17,1334.37,1644787840,MINt/ADA_0.05,-0.009833000000000008,-2885.3499999999767,-2101.730000000003,50400.0
0.000745,27967725.0,20859.14,574.91,1644787840,RAG/ADA_1.0,1.699999999999998e-05,-322274.0,240.0,50400.0
25.577877,747.0,19106.67,2862.72,1644787840,XDIA…ND/ADA_1.0,1.1009540000000015,-16.0,430.77999999999884,50400.0
0.31747,58456.54,18558.22,2700.29,1644787840,MIN/ADA_0.05,-0.00880700000000001,288.40000000000146,-420.7599999999984,50400.0
0.016275,1140103.0,18555.31,325.7,1644787840,GOKEY/ADA_0.3,-0.00010999999999999899,0.0,-126.12999999999738,50400.0
0.466,38906.0,18130.19,3580.44,1644787840,CDX/ADA_1.0,0.016212000000000004,-872.0,238.52000000000044,50400.0
0.04,426987.0,17079.54,550.87,1644787840,cMETA/ADA_0.3,0.0012030000000000027,-6553.0,259.4599999999991,50400.0
0.005327,2927971.0,15599.39,6767.56,1644787840,RAVE/ADA_1.0,-0.00013699999999999997,38532.0,-189.90000000000146,50400.0
2.188129,6648.02,14546.74,0.0,1644787840,DANA/ADA_0.3,0.0,347.4200000000001,760.1999999999989,50400.0
0.311105,41580.15,12935.83,2371.72,1644787840,CARGO/ADA_0.3,-0.0070069999999999855,462.88000000000466,-144.09000000000015,50400.0
0.0,15732963574.0,12809.53,4498.72,1644787840,MEOW/ADA_0.3,0.0,655141390.0,371.1900000000005,50400.0
4.9e-05,242526063.0,12064.03,4295.11,1644787840,SHIBA/ADA_1.0,2.9999999999999984e-06,-7326892.0,377.6700000000001,50400.0
0.0,144904430243.0,11444.57,2354.57,1644787840,HOSKY/ADA_0.05,0.0,20932270569.0,1754.1499999999996,50400.0
0.768512,14390.42,11059.22,303.0,1644787840,WMT/ADA_1.0,0.0,134.64999999999964,103.47999999999956,50400.0
0.110175,97370.0,10727.76,0.0,1644787840,Card…rm/ADA_0.3,0.0,0.0,0.0,50400.0
0.046113,202797.65,9351.63,763.96,1644787840,cbTHC/ADA_0.3,-0.00016299999999999648,358.11999999999534,-16.5,50400.0
0.001159,7448281.0,8635.39,41.65,1644787840,FLANO/ADA_1.0,7.000000000000062e-06,-21409.0,25.0,50400.0
0.003002,2870246.04,8617.24,450.35,1644787840,DRIP/ADA_0.3,-0.0003290000000000003,188328.18999999994,-318.52000000000044,50400.0
0.000148,53286494.0,7923.46,284.53,1644787840,KIDZ/ADA_0.3,3.999999999999989e-06,-713385.0,105.22000000000025,50400.0
0.671294,23025028.53,15456573.53,1985340.98,1644788746,SUNDAE/ADA_0.3,5.899999999992023e-05,9670.70000000298,7844.769999999553,905.0
91.961168,144746.45,13311053.43,933279.55,1644788746,LQ/ADA_0.3,-0.35929500000000303,297.6000000000058,-24531.870000001043,905.0
0.803862,12432160.01,9993752.95,926136.9,1644788746,WMT/ADA_0.3,-0.00015300000000006975,8132.6699999999255,4644.6899999994785,905.0
0.118154,10443189.69,1233910.61,645606.99,1644788746,MELD/ADA_0.3,0.0022869999999999974,-105895.7100000009,11619.700000000186,905.0
0.096856,12233382.0,1184878.6,258279.49,1644788746,PAVIA/ADA_0.3,8.299999999999974e-05,-13285.0,-269.6899999999441,905.0
0.17308,6256926.0,1082952.59,26428.65,1644788746,XRAY/ADA_0.3,0.003186000000000022,-52202.0,11068.0,905.0
0.299602,2674741.0,801359.37,183424.54,1644788746,ADAX/ADA_0.3,7.699999999999374e-05,-2875.0,-654.1600000000326,905.0
1.941942,386748.65,751043.5,52208.05,1644788746,AADA/ADA_0.3,5.100000000002325e-05,-5.0,9.739999999990687,905.0
1.645652,341378.8,561790.97,116226.81,1644788746,VYFI/ADA_0.3,0.0015499999999999403,-160.61999999999534,265.0,905.0
6.390165,54203.0,346366.11,129067.18,1644788746,MILK/ADA_0.3,0.0,55.0,351.45999999996275,905.0
0.123976,1637525.98,203015.21,46369.28,1644788746,MINt/ADA_0.3,0.0,0.0,0.0,905.0
0.034912,5583019.01,194916.98,19283.9,1644788746,CLAP/ADA_0.3,0.0,0.0,0.0,905.0
0.0,6805042748389.0,155700.91,17042.38,1644788746,CHRLZ/ADA_0.3,0.0,-8726157734.0,200.0,905.0
2.213164,66595.91,147387.72,38819.2,1644788746,DANA/ADA_0.05,0.0030009999999998094,-45.19000000000233,100.0,905.0
0.812849,174777.59,142067.83,5802.9,1644788746,WMT/ADA_0.05,0.0,0.0,0.0,905.0
3.4e-05,3128801520.74,106683.35,5833.43,1644788746,ASHIB/ADA_1.0,0.0,0.0,0.0,905.0
0.037771,2527641.0,95473.3,49793.9,1644788746,FIRE/ADA_0.3,0.0,0.0,0.0,905.0
0.0,99428914803458.0,95349.88,14394.33,1644788746,BISON/ADA_0.3,0.0,-99528769858.0,95.63999999999942,905.0
0.0,964189848223.0,74092.12,52467.25,1644788746,HOSKY/ADA_0.3,0.0,0.0,0.0,905.0
0.006345,9118550.0,57859.37,9555.92,1644788746,FLICK/ADA_0.3,0.0,0.0,0.0,905.0
0.282916,190498.49,53895.24,78841.92,1644788746,MIN/ADA_0.3,-0.006056999999999979,2012.6999999999825,-572.0699999999997,905.0
0.083884,575992.0,48317.03,39191.63,1644788746,cNETA/ADA_0.3,0.0,0.0,0.0,905.0
0.012393,3474112.0,43056.51,5454.95,1644788746,CNFT/ADA_0.3,0.00014199999999999977,-20000.0,247.19000000000233,905.0
0.120907,331306.71,40057.51,2770.14,1644788746,MELD/ADA_1.0,0.0,0.0,0.0,905.0
0.114725,301014.52,34533.96,14748.49,1644788746,REVU/ADA_0.3,0.0,0.0,0.0,905.0
0.005909,5014184.0,29632.64,2362.28,1644788746,BDOGE/ADA_1.0,0.0,0.0,0.0,905.0
41.556906,711.0,29546.96,15251.54,1644788746,unsi…en/ADA_1.0,0.0,0.0,0.0,905.0
0.000831,33887142.92,28182.58,200.36,1644788746,MONET/ADA_0.3,0.0,0.0,0.0,905.0
0.002863,8999407.83,25773.82,9185.61,1644788746,DRIP/ADA_1.0,3.300000000000004e-05,-52155.050000000745,150.0,905.0
0.170179,149489.0,25440.03,1537.17,1644788746,SKULL/ADA_1.0,0.0,0.0,0.0,905.0
0.013688,1850725.0,25334.22,0.0,1644788746,QUID/ADA_0.3,0.0,0.0,0.0,905.0
0.123004,174759.48,21496.17,1334.37,1644788746,MINt/ADA_0.05,0.0,0.0,0.0,905.0
0.000746,27961090.0,20864.14,574.91,1644788746,RAG/ADA_1.0,1.0000000000000243e-06,-6635.0,5.0,905.0
25.577877,747.0,19106.67,2862.72,1644788746,XDIA…ND/ADA_1.0,0.0,0.0,0.0,905.0
0.31747,59030.48,18740.43,2700.29,1644788746,MIN/ADA_0.05,0.0,573.9400000000023,182.20999999999913,905.0
0.016275,1140103.0,18555.31,325.7,1644788746,GOKEY/ADA_0.3,0.0,0.0,0.0,905.0
0.466,38906.0,18130.19,3580.44,1644788746,CDX/ADA_1.0,0.0,0.0,0.0,905.0
0.04,426987.0,17079.54,550.87,1644788746,cMETA/ADA_0.3,0.0,0.0,0.0,905.0
0.005327,2927971.0,15599.39,6767.56,1644788746,RAVE/ADA_1.0,0.0,0.0,0.0,905.0
2.188129,6648.02,14546.74,0.0,1644788746,DANA/ADA_0.3,0.0,0.0,0.0,905.0
0.0,15107477860.0,13341.47,5032.26,1644788746,MEOW/ADA_0.3,0.0,-625485714.0,531.9399999999987,905.0
0.311105,41580.15,12935.83,2371.72,1644788746,CARGO/ADA_0.3,0.0,0.0,0.0,905.0
5e-05,241906437.0,12133.57,4346.07,1644788746,SHIBA/ADA_1.0,1.000000000000004e-06,-619626.0,69.53999999999905,905.0
0.0,144904430243.0,11444.57,2354.57,1644788746,HOSKY/ADA_0.05,0.0,0.0,0.0,905.0
0.768512,14390.42,11059.22,303.0,1644788746,WMT/ADA_1.0,0.0,0.0,0.0,905.0
0.110175,97370.0,10727.76,0.0,1644788746,Card…rm/ADA_0.3,0.0,0.0,0.0,905.0
0.046113,202797.65,9351.63,763.96,1644788746,cbTHC/ADA_0.3,0.0,0.0,0.0,905.0
0.001167,7422752.0,8665.39,71.95,1644788746,FLANO/ADA_1.0,7.999999999999978e-06,-25529.0,30.0,905.0
0.003002,2870246.04,8617.24,450.35,1644788746,DRIP/ADA_0.3,0.0,0.0,0.0,905.0
0.000148,53286494.0,7923.46,284.53,1644788746,KIDZ/ADA_0.3,0.0,0.0,0.0,905.0
0.671405,23023873.75,15458344.93,1966938.42,1644789644,SUNDAE/ADA_0.3,0.00011100000000008325,-1154.780000001192,1771.4000000003725,897.0
91.973257,144759.22,13313977.55,898610.54,1644789644,LQ/ADA_0.3,0.012089000000003125,12.769999999989523,2924.120000001043,897.0
0.804155,12431127.09,9996559.02,910248.06,1644789644,WMT/ADA_0.3,0.0002929999999999877,-1032.9199999999255,2806.070000000298,897.0
0.117802,10461427.2,1232386.63,623476.06,1644789644,MELD/ADA_0.3,-0.0003519999999999912,18237.509999999776,-1523.9800000002142,897.0
0.096856,12221008.0,1183680.08,253649.64,1644789644,PAVIA/ADA_0.3,0.0,-12374.0,-1198.5200000000186,897.0
0.173082,6256898.0,1082957.59,25919.53,1644789644,XRAY/ADA_0.3,2.000000000002e-06,-28.0,5.0,897.0
0.299677,2674409.0,801459.37,183625.14,1644789644,ADAX/ADA_0.3,7.500000000004725e-05,-332.0,100.0,897.0
1.942746,386668.65,751199.35,52269.17,1644789644,AADA/ADA_0.3,0.0008040000000000269,-80.0,155.84999999997672,897.0
1.64768,341169.0,562137.49,107648.57,1644789644,VYFI/ADA_0.3,0.002028000000000141,-209.79999999998836,346.5200000000186,897.0
6.379575,49830.0,317894.23,115349.7,1644789644,MILK/ADA_0.3,-0.010589999999999655,-4373.0,-28471.880000000005,897.0
0.123976,1637525.98,203015.21,45847.19,1644789644,MINt/ADA_0.3,0.0,0.0,0.0,897.0
0.034945,5580408.95,195008.42,19148.75,1644789644,CLAP/ADA_0.3,3.299999999999831e-05,-2610.05999999959,91.44000000000233,897.0
0.0,6805442748389.0,155691.79,16797.74,1644789644,CHRLZ/ADA_0.3,0.0,400000000.0,-9.119999999995343,897.0
2.167373,67295.91,145855.38,36348.57,1644789644,DANA/ADA_0.05,-0.045790999999999915,700.0,-1532.3399999999965,897.0
0.812849,174777.59,142067.83,5802.9,1644789644,WMT/ADA_0.05,0.0,0.0,0.0,897.0
3.4e-05,3128801520.74,106683.35,5154.71,1644789644,ASHIB/ADA_1.0,0.0,0.0,0.0,897.0
0.037771,2527641.0,95473.3,49418.79,1644789644,FIRE/ADA_0.3,0.0,0.0,0.0,897.0
0.0,99428914803458.0,95349.88,14393.77,1644789644,BISON/ADA_0.3,0.0,0.0,0.0,897.0
0.0,964338541223.0,74103.54,50896.44,1644789644,HOSKY/ADA_0.3,0.0,148693000.0,11.419999999998254,897.0
0.006286,9160898.0,57592.71,9822.58,1644789644,FLICK/ADA_0.3,-5.9000000000000025e-05,42348.0,-266.6600000000035,897.0
0.277234,192447.13,53352.9,81128.39,1644789644,MIN/ADA_0.3,-0.00568200000000002,1948.640000000014,-542.3399999999965,897.0
0.086898,565932.0,49178.52,33864.65,1644789644,cNETA/ADA_0.3,0.003014000000000003,-10060.0,861.489999999998,897.0
0.120907,356582.41,43113.53,2770.14,1644789644,MELD/ADA_1.0,0.0,25275.699999999953,3056.019999999997,897.0
0.012393,3474112.0,43056.51,4511.97,1644789644,CNFT/ADA_0.3,0.0,0.0,0.0,897.0
0.114725,301014.52,34533.96,12630.09,1644789644,REVU/ADA_0.3,0.0,0.0,0.0,897.0
42.088,707.0,29756.21,15365.75,1644789644,unsi…en/ADA_1.0,0.5310940000000031,-4.0,209.25,897.0
0.005909,5014184.0,29632.64,2362.28,1644789644,BDOGE/ADA_1.0,0.0,0.0,0.0,897.0
0.000831,33887142.92,28182.58,200.36,1644789644,MONET/ADA_0.3,0.0,0.0,0.0,897.0
0.002884,8967949.62,25865.32,7815.48,1644789644,DRIP/ADA_1.0,2.099999999999975e-05,-31458.210000000894,91.5,897.0
0.013745,1846966.0,25386.97,0.0,1644789644,QUID/ADA_0.3,5.699999999999976e-05,-3759.0,52.75,897.0
0.16827,150339.0,25297.62,1562.64,1644789644,SKULL/ADA_1.0,-0.001908999999999994,850.0,-142.40999999999985,897.0
0.123004,174759.48,21496.17,1334.37,1644789644,MINt/ADA_0.05,0.0,0.0,0.0,897.0
0.000746,27961090.0,20864.14,574.91,1644789644,RAG/ADA_1.0,0.0,0.0,0.0,897.0
25.577877,747.0,19106.67,2862.72,1644789644,XDIA…ND/ADA_1.0,0.0,0.0,0.0,897.0
0.31747,59030.48,18740.43,2700.29,1644789644,MIN/ADA_0.05,0.0,0.0,0.0,897.0
0.016275,1140103.0,18555.31,325.7,1644789644,GOKEY/ADA_0.3,0.0,0.0,0.0,897.0
0.466,38906.0,18130.19,3580.44,1644789644,CDX/ADA_1.0,0.0,0.0,0.0,897.0
0.04,426987.0,17079.54,550.87,1644789644,cMETA/ADA_0.3,0.0,0.0,0.0,897.0
0.005418,2903463.0,15733.73,5962.09,1644789644,RAVE/ADA_1.0,9.099999999999994e-05,-24508.0,134.34000000000015,897.0
2.188129,6754.19,14779.04,0.0,1644789644,DANA/ADA_0.3,0.0,106.16999999999916,232.3000000000011,897.0
0.0,15130526908.0,13361.83,5032.26,1644789644,MEOW/ADA_0.3,0.0,23049048.0,20.360000000000582,897.0
0.313511,41420.53,12985.83,2421.87,1644789644,CARGO/ADA_0.3,0.0024059999999999637,-159.62000000000262,50.0,897.0
5e-05,241906437.0,12133.57,3177.46,1644789644,SHIBA/ADA_1.0,0.0,0.0,0.0,897.0
0.0,144904430243.0,11444.57,2354.57,1644789644,HOSKY/ADA_0.05,0.0,0.0,0.0,897.0
0.768512,14390.42,11059.22,303.0,1644789644,WMT/ADA_1.0,0.0,0.0,0.0,897.0
0.110175,97370.0,10727.76,0.0,1644789644,Card…rm/ADA_0.3,0.0,0.0,0.0,897.0
0.046113,202797.65,9351.63,763.96,1644789644,cbTHC/ADA_0.3,0.0,0.0,0.0,897.0
0.001167,7422752.0,8665.39,71.95,1644789644,FLANO/ADA_1.0,0.0,0.0,0.0,897.0
0.003002,2870246.04,8617.24,450.35,1644789644,DRIP/ADA_0.3,0.0,0.0,0.0,897.0
0.000148,53286494.0,7923.46,211.31,1644789644,KIDZ/ADA_0.3,0.0,0.0,0.0,897.0
0.671575,23024873.0,15462943.96,1968911.33,1644790546,SUNDAE/ADA_0.3,0.00017000000000000348,999.25,4599.030000001192,902.0
91.923944,144821.58,13312571.48,904449.62,1644790546,LQ/ADA_0.3,-0.04931299999999794,62.35999999998603,-1406.070000000298,902.0
0.804643,12440448.15,10010123.41,913561.8,1644790546,WMT/ADA_0.3,0.00048800000000004395,9321.060000000522,13564.390000000596,902.0
0.118354,10437061.65,1235272.33,626370.41,1644790546,MELD/ADA_0.3,0.0005519999999999969,-24365.549999998882,2885.7000000001863,902.0
0.096742,12229262.0,1183091.37,255349.29,1644790546,PAVIA/ADA_0.3,-0.00011400000000000299,8254.0,-588.7099999999627,902.0
0.173082,6256849.0,1082949.05,25919.53,1644790546,XRAY/ADA_0.3,0.0,-49.0,-8.540000000037253,902.0
0.299436,2675485.0,801138.91,184145.9,1644790546,ADAX/ADA_0.3,-0.00024100000000004673,1076.0,-320.45999999996275,902.0
1.942746,386668.65,751199.35,52269.17,1644790546,AADA/ADA_0.3,0.0,0.0,0.0,902.0
1.650101,340919.0,562550.95,108063.28,1644790546,VYFI/ADA_0.3,0.0024210000000000065,-250.0,413.45999999996275,902.0
6.379575,49839.0,317951.65,115349.7,1644790546,MILK/ADA_0.3,0.0,9.0,57.42000000004191,902.0
0.123976,1637525.98,203015.21,45847.19,1644790546,MINt/ADA_0.3,0.0,0.0,0.0,902.0
0.034913,5582908.95,194921.35,19235.82,1644790546,CLAP/ADA_0.3,-3.199999999999731e-05,2500.0,-87.07000000000698,902.0
0.0,6805442748389.0,155691.79,16797.74,1644790546,CHRLZ/ADA_0.3,0.0,0.0,0.0,902.0
2.169572,67261.8,145929.38,36422.61,1644790546,DANA/ADA_0.05,0.002199000000000062,-34.11000000000058,74.0,902.0
0.812849,174534.28,141870.06,5802.9,1644790546,WMT/ADA_0.05,0.0,-243.30999999999767,-197.76999999998952,902.0
3.4e-05,3128801520.74,106683.35,5154.71,1644790546,ASHIB/ADA_1.0,0.0,0.0,0.0,902.0
0.037771,2527641.0,95473.3,49418.79,1644790546,FIRE/ADA_0.3,0.0,0.0,0.0,902.0
0.0,99428914803458.0,95349.88,14393.77,1644790546,BISON/ADA_0.3,0.0,0.0,0.0,902.0
0.0,962118154414.0,73936.92,50898.44,1644790546,HOSKY/ADA_0.3,0.0,-2220386809.0,-166.61999999999534,902.0
0.006066,9325898.0,56576.75,10838.53,1644790546,FLICK/ADA_0.3,-0.0002199999999999997,165000.0,-1015.9599999999991,902.0
0.277234,192447.13,53352.9,80786.64,1644790546,MIN/ADA_0.3,0.0,0.0,0.0,902.0
0.086898,565932.0,49178.52,33864.65,1644790546,cNETA/ADA_0.3,0.0,0.0,0.0,902.0
0.120907,356582.41,43113.53,2770.14,1644790546,MELD/ADA_1.0,0.0,0.0,0.0,902.0
0.012393,3474112.0,43056.51,4511.97,1644790546,CNFT/ADA_0.3,0.0,0.0,0.0,902.0
0.114725,301014.52,34533.96,12630.09,1644790546,REVU/ADA_0.3,0.0,0.0,0.0,902.0
44.219809,691.0,30555.88,16173.42,1644790546,unsi…en/ADA_1.0,2.131808999999997,-16.0,799.6700000000019,902.0
0.005909,5014184.0,29632.64,2362.28,1644790546,BDOGE/ADA_1.0,0.0,0.0,0.0,902.0
0.000831,33887142.92,28182.58,200.36,1644790546,MONET/ADA_0.3,0.0,0.0,0.0,902.0
0.013796,1997704.0,27561.97,0.0,1644790546,QUID/ADA_0.3,5.099999999999896e-05,150738.0,2175.0,902.0
0.002895,8960749.66,25943.96,7865.98,1644790546,DRIP/ADA_1.0,1.1000000000000159e-05,-7199.959999999031,78.63999999999942,902.0
0.16827,150339.0,25297.62,1562.64,1644790546,SKULL/ADA_1.0,0.0,0.0,0.0,902.0
0.123004,174759.48,21496.17,1334.37,1644790546,MINt/ADA_0.05,0.0,0.0,0.0,902.0
0.000746,27961090.0,20864.14,574.91,1644790546,RAG/ADA_1.0,0.0,0.0,0.0,902.0
25.577877,747.0,19106.67,2862.72,1644790546,XDIA…ND/ADA_1.0,0.0,0.0,0.0,902.0
0.31747,59030.48,18740.43,2700.29,1644790546,MIN/ADA_0.05,0.0,0.0,0.0,902.0
0.016275,1140103.0,18555.31,325.7,1644790546,GOKEY/ADA_0.3,0.0,0.0,0.0,902.0
0.466,38906.0,18130.19,3580.44,1644790546,CDX/ADA_1.0,0.0,0.0,0.0,902.0
0.04,426987.0,17079.54,550.87,1644790546,cMETA/ADA_0.3,0.0,0.0,0.0,902.0
0.005418,2903463.0,15733.73,5962.09,1644790546,RAVE/ADA_1.0,0.0,0.0,0.0,902.0
2.188129,6754.19,14779.04,0.0,1644790546,DANA/ADA_0.3,0.0,0.0,0.0,902.0
0.0,15130526908.0,13361.83,5032.26,1644790546,MEOW/ADA_0.3,0.0,0.0,0.0,902.0
0.313511,41420.53,12985.83,2421.87,1644790546,CARGO/ADA_0.3,0.0,0.0,0.0,902.0
5e-05,241906437.0,12133.57,3177.46,1644790546,SHIBA/ADA_1.0,0.0,0.0,0.0,902.0
0.0,144904430243.0,11444.57,2354.57,1644790546,HOSKY/ADA_0.05,0.0,0.0,0.0,902.0
0.768512,14390.42,11059.22,303.0,1644790546,WMT/ADA_1.0,0.0,0.0,0.0,902.0
0.110175,97370.0,10727.76,0.0,1644790546,Card…rm/ADA_0.3,0.0,0.0,0.0,902.0
0.046113,202797.65,9351.63,763.96,1644790546,cbTHC/ADA_0.3,0.0,0.0,0.0,902.0
0.001167,7422752.0,8665.39,71.95,1644790546,FLANO/ADA_1.0,0.0,0.0,0.0,902.0
0.003002,2870246.04,8617.24,450.35,1644790546,DRIP/ADA_0.3,0.0,0.0,0.0,902.0
0.000148,53286494.0,7923.46,211.31,1644790546,KIDZ/ADA_0.3,0.0,0.0,0.0,902.0
0.671687,23024744.59,15465432.73,1970204.69,1644791445,SUNDAE/ADA_0.3,0.00011200000000000099,-128.410000000149,2488.769999999553,898.0
91.923993,144837.27,13314020.88,904876.06,1644791445,LQ/ADA_0.3,4.899999998997373e-05,15.690000000002328,1449.4000000003725,898.0
0.804529,12443543.49,10011196.84,914269.32,1644791445,WMT/ADA_0.3,-0.00011399999999994748,3095.339999999851,1073.429999999702,898.0
0.11899,10409409.77,1238623.66,629998.16,1644791445,MELD/ADA_0.3,0.0006359999999999977,-27651.88000000082,3351.3299999998417,898.0
0.096745,12234575.0,1183645.31,255369.35,1644791445,PAVIA/ADA_0.3,3.0000000000030003e-06,5313.0,553.9399999999441,898.0
0.171706,6281898.0,1078643.71,30224.87,1644791445,XRAY/ADA_0.3,-0.001376000000000016,25049.0,-4305.340000000084,898.0
0.299415,2675579.0,801110.95,184176.46,1644791445,ADAX/ADA_0.3,-2.0999999999993246e-05,94.0,-27.960000000079162,898.0
1.94378,386566.04,751399.35,52469.77,1644791445,AADA/ADA_0.3,0.0010339999999999794,-102.61000000004424,200.0,898.0
1.652243,340698.27,562916.51,108429.93,1644791445,VYFI/ADA_0.3,0.0021419999999998662,-220.72999999998137,365.5600000000559,898.0
6.354089,49939.0,317316.87,115984.47,1644791445,MILK/ADA_0.3,-0.025485999999999898,100.0,-634.7800000000279,898.0
0.123976,1637525.98,203015.21,45847.19,1644791445,MINt/ADA_0.3,0.0,0.0,0.0,898.0
0.034939,5580905.19,194991.76,19376.14,1644791445,CLAP/ADA_0.3,2.5999999999998247e-05,-2003.7599999997765,70.41000000000349,898.0
0.0,6805442748389.0,155691.79,16797.74,1644791445,CHRLZ/ADA_0.3,0.0,0.0,0.0,898.0
2.169572,67261.8,145929.38,36422.61,1644791445,DANA/ADA_0.05,0.0,0.0,0.0,898.0
0.812849,174534.28,141870.06,5802.9,1644791445,WMT/ADA_0.05,0.0,0.0,0.0,898.0
3.4e-05,3128801520.74,106683.35,5154.71,1644791445,ASHIB/ADA_1.0,0.0,0.0,0.0,898.0
0.037771,2527641.0,95473.3,49809.96,1644791445,FIRE/ADA_0.3,0.0,0.0,0.0,898.0
0.0,99428914803458.0,95349.88,14393.77,1644791445,BISON/ADA_0.3,0.0,0.0,0.0,898.0
0.0,962118154414.0,73936.92,50898.44,1644791445,HOSKY/ADA_0.3,0.0,0.0,0.0,898.0
0.006095,9304092.0,56709.75,11157.49,1644791445,FLICK/ADA_0.3,2.8999999999999512e-05,-21806.0,133.0,898.0
0.277234,192447.13,53352.9,80786.64,1644791445,MIN/ADA_0.3,0.0,0.0,0.0,898.0
0.086898,565932.0,49178.52,34740.69,1644791445,cNETA/ADA_0.3,0.0,0.0,0.0,898.0
0.120907,356582.41,43113.53,2770.14,1644791445,MELD/ADA_1.0,0.0,0.0,0.0,898.0
0.012393,3474112.0,43056.51,4511.97,1644791445,CNFT/ADA_0.3,0.0,0.0,0.0,898.0
0.114725,301014.52,34533.96,12630.09,1644791445,REVU/ADA_0.3,0.0,0.0,0.0,898.0
44.605632,689.0,30733.28,16352.59,1644791445,unsi…en/ADA_1.0,0.385823000000002,-2.0,177.39999999999782,898.0
0.005913,5012510.0,29642.64,2372.38,1644791445,BDOGE/ADA_1.0,3.9999999999996635e-06,-1674.0,10.0,898.0
0.000831,33887142.92,28182.58,200.36,1644791445,MONET/ADA_0.3,0.0,0.0,0.0,898.0
0.013759,2000432.0,27525.1,0.0,1644791445,QUID/ADA_0.3,-3.699999999999884e-05,2728.0,-36.87000000000262,898.0
0.002884,8978292.42,25895.76,8115.17,1644791445,DRIP/ADA_1.0,-1.1000000000000159e-05,17542.759999999776,-48.20000000000073,898.0
0.16827,150339.0,25297.62,1562.64,1644791445,SKULL/ADA_1.0,0.0,0.0,0.0,898.0
0.123004,174759.48,21496.17,1334.37,1644791445,MINt/ADA_0.05,0.0,0.0,0.0,898.0
0.000746,27961090.0,20864.14,574.91,1644791445,RAG/ADA_1.0,0.0,0.0,0.0,898.0
25.577877,747.0,19106.67,2862.72,1644791445,XDIA…ND/ADA_1.0,0.0,0.0,0.0,898.0
0.31747,59030.48,18740.43,2700.29,1644791445,MIN/ADA_0.05,0.0,0.0,0.0,898.0
0.016275,1140103.0,18555.31,325.7,1644791445,GOKEY/ADA_0.3,0.0,0.0,0.0,898.0
0.466,38906.0,18130.19,3580.44,1644791445,CDX/ADA_1.0,0.0,0.0,0.0,898.0
0.04,426987.0,17079.54,550.87,1644791445,cMETA/ADA_0.3,0.0,0.0,0.0,898.0
0.005666,2839566.0,16091.36,6323.29,1644791445,RAVE/ADA_1.0,0.00024799999999999996,-63897.0,357.630000000001,898.0
2.188129,6754.19,14779.04,0.0,1644791445,DANA/ADA_0.3,0.0,0.0,0.0,898.0
0.0,15130526908.0,13361.83,5032.26,1644791445,MEOW/ADA_0.3,0.0,0.0,0.0,898.0
0.314242,41372.41,13000.98,2437.07,1644791445,CARGO/ADA_0.3,0.0007310000000000372,-48.11999999999534,15.149999999999636,898.0
5e-05,241906437.0,12133.57,3177.46,1644791445,SHIBA/ADA_1.0,0.0,0.0,0.0,898.0
0.0,144904430243.0,11444.57,2354.57,1644791445,HOSKY/ADA_0.05,0.0,0.0,0.0,898.0
0.768512,14390.42,11059.22,303.0,1644791445,WMT/ADA_1.0,0.0,0.0,0.0,898.0
0.110175,97370.0,10727.76,0.0,1644791445,Card…rm/ADA_0.3,0.0,0.0,0.0,898.0
0.046113,202797.65,9351.63,763.96,1644791445,cbTHC/ADA_0.3,0.0,0.0,0.0,898.0
0.001167,7422752.0,8665.39,71.95,1644791445,FLANO/ADA_1.0,0.0,0.0,0.0,898.0
0.003002,2870246.04,8617.24,450.35,1644791445,DRIP/ADA_0.3,0.0,0.0,0.0,898.0
0.000148,53286494.0,7923.46,211.31,1644791445,KIDZ/ADA_0.3,0.0,0.0,0.0,898.0
0.671673,23048021.92,15480747.17,1970364.62,1644792347,SUNDAE/ADA_0.3,-1.4000000000069512e-05,23277.330000001937,15314.439999999478,901.0
91.948123,144820.38,13315962.94,906631.31,1644792347,LQ/ADA_0.3,0.02412999999999954,-16.889999999984866,1942.059999998659,901.0
0.804632,12448246.22,10016267.12,914927.13,1644792347,WMT/ADA_0.3,0.00010299999999996423,4702.730000000447,5070.279999999329,901.0
0.118798,10418940.88,1237756.55,633203.53,1644792347,MELD/ADA_0.3,-0.00019199999999999773,9531.110000001267,-867.1099999998696,901.0
0.096792,12229235.0,1183702.07,255657.52,1644792347,PAVIA/ADA_0.3,4.700000000000537e-05,-5340.0,56.76000000000931,901.0
0.171692,6282154.0,1078600.1,30254.96,1644792347,XRAY/ADA_0.3,-1.3999999999986246e-05,256.0,-43.609999999869615,901.0
0.299415,2675579.0,801110.95,184176.46,1644792347,ADAX/ADA_0.3,0.0,0.0,0.0,901.0
1.94378,386017.53,750333.17,52469.77,1644792347,AADA/ADA_0.3,0.0,-548.5099999999511,-1066.1799999999348,901.0
1.654826,340432.67,563357.01,108429.93,1644792347,VYFI/ADA_0.3,0.002583000000000002,-265.6000000000349,440.5,901.0
6.35498,49936.0,317342.29,116009.97,1644792347,MILK/ADA_0.3,0.0008910000000001972,-3.0,25.419999999983702,901.0
0.123976,1637525.98,203015.21,45847.19,1644792347,MINt/ADA_0.3,0.0,0.0,0.0,901.0
0.034939,5580905.19,194991.76,19376.14,1644792347,CLAP/ADA_0.3,0.0,0.0,0.0,901.0
0.0,6805442748389.0,155691.79,16797.74,1644792347,CHRLZ/ADA_0.3,0.0,0.0,0.0,901.0
2.169572,67716.52,146915.91,36422.61,1644792347,DANA/ADA_0.05,0.0,454.72000000000116,986.5299999999988,901.0
0.812849,174107.34,141523.02,5802.9,1644792347,WMT/ADA_0.05,0.0,-426.9400000000023,-347.04000000000815,901.0
3.4e-05,3128801520.74,106683.35,5154.71,1644792347,ASHIB/ADA_1.0,0.0,0.0,0.0,901.0
0.03808,2517390.0,95863.3,49809.96,1644792347,FIRE/ADA_0.3,0.0003090000000000037,-10251.0,390.0,901.0
0.0,99428914803458.0,95349.88,14393.77,1644792347,BISON/ADA_0.3,0.0,0.0,0.0,901.0
0.0,959178655783.0,74165.64,51127.13,1644792347,HOSKY/ADA_0.3,0.0,-2939498631.0,228.72000000000116,901.0
0.315482,180422.27,56920.11,84530.38,1644792347,MIN/ADA_0.3,0.038248000000000004,-12024.860000000015,3567.209999999999,901.0
0.006134,9274388.0,56891.95,11160.29,1644792347,FLICK/ADA_0.3,3.899999999999997e-05,-29704.0,182.1999999999971,901.0
0.083825,544606.0,45651.78,34740.69,1644792347,cNETA/ADA_0.3,-0.0030730000000000063,-21326.0,-3526.739999999998,901.0
0.012451,3466087.0,43156.51,4612.27,1644792347,CNFT/ADA_0.3,5.800000000000076e-05,-8025.0,100.0,901.0
0.120907,356582.41,43113.53,2770.14,1644792347,MELD/ADA_1.0,0.0,0.0,0.0,901.0
0.114725,301014.52,34533.96,12630.09,1644792347,REVU/ADA_0.3,0.0,0.0,0.0,901.0
44.605632,689.0,30733.28,16352.59,1644792347,unsi…en/ADA_1.0,0.0,0.0,0.0,901.0
0.005913,5012510.0,29642.64,2372.38,1644792347,BDOGE/ADA_1.0,0.0,0.0,0.0,901.0
0.000831,33887142.92,28182.58,200.36,1644792347,MONET/ADA_0.3,0.0,0.0,0.0,901.0
0.013759,2000432.0,27525.1,0.0,1644792347,QUID/ADA_0.3,0.0,0.0,0.0,901.0
0.002884,8978547.88,25896.5,8115.17,1644792347,DRIP/ADA_1.0,0.0,255.46000000089407,0.7400000000016007,901.0
0.16827,150339.0,25297.62,1562.64,1644792347,SKULL/ADA_1.0,0.0,0.0,0.0,901.0
0.123004,174759.48,21496.17,1334.37,1644792347,MINt/ADA_0.05,0.0,0.0,0.0,901.0
0.000746,27961090.0,20864.14,574.91,1644792347,RAG/ADA_1.0,0.0,0.0,0.0,901.0
25.577877,747.0,19106.67,2862.72,1644792347,XDIA…ND/ADA_1.0,0.0,0.0,0.0,901.0
0.31747,59030.48,18740.43,2700.29,1644792347,MIN/ADA_0.05,0.0,0.0,0.0,901.0
0.016275,1140103.0,18555.31,325.7,1644792347,GOKEY/ADA_0.3,0.0,0.0,0.0,901.0
0.466,38906.0,18130.19,3580.44,1644792347,CDX/ADA_1.0,0.0,0.0,0.0,901.0
0.04,426987.0,17079.54,550.87,1644792347,cMETA/ADA_0.3,0.0,0.0,0.0,901.0
0.005666,2839566.0,16091.36,6348.54,1644792347,RAVE/ADA_1.0,0.0,0.0,0.0,901.0
2.188129,6648.02,14546.74,0.0,1644792347,DANA/ADA_0.3,0.0,-106.16999999999916,-232.3000000000011,901.0
0.0,15130526908.0,13361.83,5032.26,1644792347,MEOW/ADA_0.3,0.0,0.0,0.0,901.0
0.314242,41372.41,13000.98,2437.07,1644792347,CARGO/ADA_0.3,0.0,0.0,0.0,901.0
5e-05,241906437.0,12133.57,3177.46,1644792347,SHIBA/ADA_1.0,0.0,0.0,0.0,901.0
0.0,144904430243.0,11444.57,2354.57,1644792347,HOSKY/ADA_0.05,0.0,0.0,0.0,901.0
0.768512,14390.42,11059.22,303.0,1644792347,WMT/ADA_1.0,0.0,0.0,0.0,901.0
0.110175,97370.0,10727.76,0.0,1644792347,Card…rm/ADA_0.3,0.0,0.0,0.0,901.0
0.046785,201338.03,9419.63,832.17,1644792347,cbTHC/ADA_0.3,0.000671999999999999,-1459.6199999999953,68.0,901.0
0.001167,7422752.0,8665.39,71.95,1644792347,FLANO/ADA_1.0,0.0,0.0,0.0,901.0
0.003002,2870246.04,8617.24,450.35,1644792347,DRIP/ADA_0.3,0.0,0.0,0.0,901.0
0.000148,53286494.0,7923.46,211.31,1644792347,KIDZ/ADA_0.3,0.0,0.0,0.0,901.0
0.672619,23032002.74,15491770.86,1982451.11,1644793247,SUNDAE/ADA_0.3,0.0009460000000000024,-16019.180000003427,11023.689999999478,900.0
91.961157,144829.54,13318692.61,907579.42,1644793247,LQ/ADA_0.3,0.013034000000004653,9.160000000003492,2729.6699999999255,900.0
0.806881,12437430.79,10035529.96,928981.66,1644793247,WMT/ADA_0.3,0.0022489999999999455,-10815.430000001565,19262.840000001714,900.0
0.118966,10415380.6,1239079.37,634389.67,1644793247,MELD/ADA_0.3,0.00016800000000000148,-3560.280000001192,1322.8200000000652,900.0
0.09669,12236140.0,1183113.46,256384.79,1644793247,PAVIA/ADA_0.3,-0.00010200000000000486,6905.0,-588.6100000001024,900.0
0.169147,6329318.0,1070589.65,39302.47,1644793247,XRAY/ADA_0.3,-0.0025450000000000195,47164.0,-8010.450000000186,900.0
0.299419,2675563.0,801116.0,184181.52,1644793247,ADAX/ADA_0.3,4.000000000004e-06,-16.0,5.050000000046566,900.0
1.94378,386017.53,750333.17,52469.77,1644793247,AADA/ADA_0.3,0.0,0.0,0.0,900.0
1.654826,340432.67,563357.01,108871.76,1644793247,VYFI/ADA_0.3,0.0,0.0,0.0,900.0
6.354878,49880.0,316981.32,116009.97,1644793247,MILK/ADA_0.3,-0.0001020000000000465,-56.0,-360.96999999997206,900.0
0.123976,1637525.98,203015.21,45847.19,1644793247,MINt/ADA_0.3,0.0,0.0,0.0,900.0
0.03469,5600905.19,194297.55,20070.35,1644793247,CLAP/ADA_0.3,-0.0002489999999999992,20000.0,-694.210000000021,900.0
0.0,6805446166013.0,155691.87,16797.74,1644793247,CHRLZ/ADA_0.3,0.0,3417624.0,0.07999999998719431,900.0
2.169572,67716.52,146915.91,36422.61,1644793247,DANA/ADA_0.05,0.0,0.0,0.0,900.0
0.812849,174107.34,141523.02,5802.9,1644793247,WMT/ADA_0.05,0.0,0.0,0.0,900.0
3.4e-05,3128801520.74,106683.35,5154.71,1644793247,ASHIB/ADA_1.0,0.0,0.0,0.0,900.0
0.03808,2517390.0,95863.3,49809.96,1644793247,FIRE/ADA_0.3,0.0,0.0,0.0,900.0
0.0,99428914803458.0,95349.88,14393.77,1644793247,BISON/ADA_0.3,0.0,0.0,0.0,900.0
0.0,939177400883.0,75749.87,52716.11,1644793247,HOSKY/ADA_0.3,0.0,-20001254900.0,1584.229999999996,900.0
0.352694,170666.95,60193.32,96287.17,1644793247,MIN/ADA_0.3,0.03721200000000002,-9755.319999999978,3273.209999999999,900.0
0.006134,9274388.0,56891.95,11160.29,1644793247,FLICK/ADA_0.3,0.0,0.0,0.0,900.0
0.093507,515696.0,48221.57,38280.05,1644793247,cNETA/ADA_0.3,0.00968200000000001,-28910.0,2569.790000000001,900.0
0.012451,3466087.0,43156.51,4612.27,1644793247,CNFT/ADA_0.3,0.0,0.0,0.0,900.0
0.120907,355920.02,43033.44,2770.14,1644793247,MELD/ADA_1.0,0.0,-662.3899999999558,-80.08999999999651,900.0
0.114725,301014.52,34533.96,12630.09,1644793247,REVU/ADA_0.3,0.0,0.0,0.0,900.0
44.605632,689.0,30733.28,16352.59,1644793247,unsi…en/ADA_1.0,0.0,0.0,0.0,900.0
0.005913,5012510.0,29642.64,2372.38,1644793247,BDOGE/ADA_1.0,0.0,0.0,0.0,900.0
0.000831,33887142.92,28182.58,200.36,1644793247,MONET/ADA_0.3,0.0,0.0,0.0,900.0
0.013759,2000432.0,27525.1,0.0,1644793247,QUID/ADA_0.3,0.0,0.0,0.0,900.0
0.002913,8934147.11,26026.5,8246.47,1644793247,DRIP/ADA_1.0,2.8999999999999946e-05,-44400.770000001416,130.0,900.0
0.16827,150339.0,25297.62,1562.64,1644793247,SKULL/ADA_1.0,0.0,0.0,0.0,900.0
0.123004,174759.48,21496.17,1334.37,1644793247,MINt/ADA_0.05,0.0,0.0,0.0,900.0
0.000746,27961090.0,20864.14,574.91,1644793247,RAG/ADA_1.0,0.0,0.0,0.0,900.0
25.577877,747.0,19106.67,2862.72,1644793247,XDIA…ND/ADA_1.0,0.0,0.0,0.0,900.0
0.31747,59030.48,18740.43,2700.29,1644793247,MIN/ADA_0.05,0.0,0.0,0.0,900.0
0.016292,1139491.0,18565.31,335.73,1644793247,GOKEY/ADA_0.3,1.6999999999999654e-05,-612.0,10.0,900.0
0.466,38906.0,18130.19,3580.44,1644793247,CDX/ADA_1.0,0.0,0.0,0.0,900.0
0.04,426987.0,17079.54,550.87,1644793247,cMETA/ADA_0.3,0.0,0.0,0.0,900.0
0.00536,2958255.0,15856.42,6908.8,1644793247,RAVE/ADA_1.0,-0.00030599999999999985,118689.0,-234.9400000000005,900.0
2.188129,6648.02,14546.74,0.0,1644793247,DANA/ADA_0.3,0.0,0.0,0.0,900.0
0.0,15130526908.0,13361.83,5032.26,1644793247,MEOW/ADA_0.3,0.0,0.0,0.0,900.0
0.314242,41372.41,13000.98,2437.07,1644793247,CARGO/ADA_0.3,0.0,0.0,0.0,900.0
5e-05,241906437.0,12133.57,3177.46,1644793247,SHIBA/ADA_1.0,0.0,0.0,0.0,900.0
0.0,144904430243.0,11444.57,2354.57,1644793247,HOSKY/ADA_0.05,0.0,0.0,0.0,900.0
0.768512,14390.42,11059.22,303.0,1644793247,WMT/ADA_1.0,0.0,0.0,0.0,900.0
0.110175,97370.0,10727.76,0.0,1644793247,Card…rm/ADA_0.3,0.0,0.0,0.0,900.0
0.046785,201338.03,9419.63,832.17,1644793247,cbTHC/ADA_0.3,0.0,0.0,0.0,900.0
0.001167,7422752.0,8665.39,71.95,1644793247,FLANO/ADA_1.0,0.0,0.0,0.0,900.0
0.003002,2870246.04,8617.24,450.35,1644793247,DRIP/ADA_0.3,0.0,0.0,0.0,900.0
0.000148,53286494.0,7923.46,211.31,1644793247,KIDZ/ADA_0.3,0.0,0.0,0.0,900.0
0.672732,23031567.28,15494093.99,1950761.67,1644794145,SUNDAE/ADA_0.3,0.00011300000000002974,-435.4599999971688,2323.1300000008196,897.0
91.998781,144800.35,13321455.93,902161.17,1644794145,LQ/ADA_0.3,0.037623999999993885,-29.19000000000233,2763.320000000298,897.0
0.807419,12435056.52,10040303.35,900000.62,1644794145,WMT/ADA_0.3,0.0005380000000000384,-2374.269999999553,4773.389999998733,897.0
0.119326,10399647.37,1240952.19,619481.38,1644794145,MELD/ADA_0.3,0.0003599999999999992,-15733.230000000447,1872.8199999998324,897.0
0.09669,12236140.0,1183113.46,242908.63,1644794145,PAVIA/ADA_0.3,0.0,0.0,0.0,897.0
0.169163,6329024.0,1070639.65,39180.1,1644794145,XRAY/ADA_0.3,1.6000000000016e-05,-294.0,50.0,897.0
0.299419,2675563.0,801116.0,170172.73,1644794145,ADAX/ADA_0.3,0.0,0.0,0.0,897.0
1.946116,385786.05,750784.74,50161.43,1644794145,AADA/ADA_0.3,0.0023359999999998937,-231.48000000003958,451.5699999999488,897.0
1.654826,340432.67,563357.01,105964.64,1644794145,VYFI/ADA_0.3,0.0,0.0,0.0,897.0
6.354878,49880.0,316981.32,114340.42,1644794145,MILK/ADA_0.3,0.0,0.0,0.0,897.0
0.123821,1636105.45,202584.39,42441.77,1644794145,MINt/ADA_0.3,-0.00015500000000000236,-1420.530000000028,-430.8199999999779,897.0
0.03469,5600905.19,194297.55,20052.56,1644794145,CLAP/ADA_0.3,0.0,0.0,0.0,897.0
0.0,6805446166013.0,155691.87,16797.74,1644794145,CHRLZ/ADA_0.3,0.0,0.0,0.0,897.0
2.169572,67626.87,146721.42,31617.61,1644794145,DANA/ADA_0.05,0.0,-89.65000000000873,-194.4899999999907,897.0
0.812849,174132.34,141543.34,5802.9,1644794145,WMT/ADA_0.05,0.0,25.0,20.320000000006985,897.0
3.4e-05,3128802520.74,106683.38,5153.19,1644794145,ASHIB/ADA_1.0,0.0,1000.0,0.029999999998835847,897.0
0.03808,2517390.0,95863.3,48779.46,1644794145,FIRE/ADA_0.3,0.0,0.0,0.0,897.0
0.0,99428914803458.0,95349.88,14393.75,1644794145,BISON/ADA_0.3,0.0,0.0,0.0,897.0
0.0,939847808037.0,75695.99,51308.51,1644794145,HOSKY/ADA_0.3,0.0,670407154.0,-53.879999999990105,897.0
0.331836,190133.52,63093.26,91487.65,1644794145,MIN/ADA_0.3,-0.020857999999999988,19466.569999999978,2899.9400000000023,897.0
0.006134,9274388.0,56891.95,11158.79,1644794145,FLICK/ADA_0.3,0.0,0.0,0.0,897.0
0.089989,511504.0,46029.81,38700.16,1644794145,cNETA/ADA_0.3,-0.0035180000000000072,-4192.0,-2191.760000000002,897.0
0.012451,3466087.0,43156.51,1993.41,1644794145,CNFT/ADA_0.3,0.0,0.0,0.0,897.0
0.120907,355752.81,43013.23,1303.72,1644794145,MELD/ADA_1.0,0.0,-167.21000000002095,-20.209999999999127,897.0
0.114725,301014.52,34533.96,11982.0,1644794145,REVU/ADA_0.3,0.0,0.0,0.0,897.0
44.605632,689.0,30733.28,16352.59,1644794145,unsi…en/ADA_1.0,0.0,0.0,0.0,897.0
0.005896,5020010.0,29598.79,2416.23,1644794145,BDOGE/ADA_1.0,-1.6999999999999654e-05,7500.0,-43.849999999998545,897.0
0.000831,33887142.92,28182.58,200.36,1644794145,MONET/ADA_0.3,0.0,0.0,0.0,897.0
0.002914,8933643.09,26033.84,7845.36,1644794145,DRIP/ADA_1.0,1.0000000000001327e-06,-504.01999999955297,7.3400000000001455,897.0
0.01379,1853041.0,25554.28,0.0,1644794145,QUID/ADA_0.3,3.099999999999978e-05,-147391.0,-1970.8199999999997,897.0
0.16827,150339.0,25297.62,989.82,1644794145,SKULL/ADA_1.0,0.0,0.0,0.0,897.0
0.123004,174759.48,21496.17,889.99,1644794145,MINt/ADA_0.05,0.0,0.0,0.0,897.0
0.000746,27961090.0,20864.14,574.91,1644794145,RAG/ADA_1.0,0.0,0.0,0.0,897.0
25.577877,747.0,19106.67,2862.72,1644794145,XDIA…ND/ADA_1.0,0.0,0.0,0.0,897.0
0.31747,59030.48,18740.43,2700.29,1644794145,MIN/ADA_0.05,0.0,0.0,0.0,897.0
0.016292,1139491.0,18565.31,335.73,1644794145,GOKEY/ADA_0.3,0.0,0.0,0.0,897.0
0.466,38906.0,18130.19,3580.44,1644794145,CDX/ADA_1.0,0.0,0.0,0.0,897.0
0.04,426987.0,17079.54,550.87,1644794145,cMETA/ADA_0.3,0.0,0.0,0.0,897.0
0.00536,2958255.0,15856.42,5716.3,1644794145,RAVE/ADA_1.0,0.0,0.0,0.0,897.0
2.188129,6648.02,14546.74,0.0,1644794145,DANA/ADA_0.3,0.0,0.0,0.0,897.0
0.0,15121500520.0,13369.83,5040.28,1644794145,MEOW/ADA_0.3,0.0,-9026388.0,8.0,897.0
0.314242,41372.41,13000.98,1062.67,1644794145,CARGO/ADA_0.3,0.0,0.0,0.0,897.0
5e-05,241906437.0,12133.57,3129.18,1644794145,SHIBA/ADA_1.0,0.0,0.0,0.0,897.0
0.0,144904430243.0,11444.57,1731.25,1644794145,HOSKY/ADA_0.05,0.0,0.0,0.0,897.0
0.768512,14390.42,11059.22,303.0,1644794145,WMT/ADA_1.0,0.0,0.0,0.0,897.0
0.110175,97370.0,10727.76,0.0,1644794145,Card…rm/ADA_0.3,0.0,0.0,0.0,897.0
0.046785,201338.03,9419.63,832.17,1644794145,cbTHC/ADA_0.3,0.0,0.0,0.0,897.0
0.001167,7422752.0,8665.39,71.95,1644794145,FLANO/ADA_1.0,0.0,0.0,0.0,897.0
0.003002,2870246.04,8617.24,450.35,1644794145,DRIP/ADA_0.3,0.0,0.0,0.0,897.0
0.000148,53286494.0,7923.46,211.31,1644794145,KIDZ/ADA_0.3,0.0,0.0,0.0,897.0
0.67275,23036758.05,15497985.39,1950962.27,1644795044,SUNDAE/ADA_0.3,1.799999999996249e-05,5190.769999999553,3891.4000000003725,899.0
92.003608,144804.45,13322532.79,902512.22,1644795044,LQ/ADA_0.3,0.00482700000000591,4.100000000005821,1076.859999999404,899.0
0.804834,12456234.96,10025204.65,916251.99,1644795044,WMT/ADA_0.3,-0.0025849999999999485,21178.44000000134,-15098.699999999255,899.0
0.12001,10370010.17,1244511.57,623748.92,1644795044,MELD/ADA_0.3,0.000684000000000004,-29637.199999999255,3559.380000000121,899.0
0.096763,12228629.0,1183285.82,243359.98,1644795044,PAVIA/ADA_0.3,7.300000000000362e-05,-7511.0,172.36000000010245,899.0
0.169163,6330318.0,1070858.54,39180.1,1644795044,XRAY/ADA_0.3,0.0,1294.0,218.89000000013039,899.0
0.299382,2675697.0,801058.0,170221.68,1644795044,ADAX/ADA_0.3,-3.700000000000925e-05,134.0,-58.0,899.0
1.946116,385786.05,750784.74,50161.43,1644795044,AADA/ADA_0.3,0.0,0.0,0.0,899.0
1.654826,340432.67,563357.01,105964.64,1644795044,VYFI/ADA_0.3,0.0,0.0,0.0,899.0
6.354878,49892.0,317057.58,114340.42,1644795044,MILK/ADA_0.3,0.0,12.0,76.26000000000931,899.0
0.123821,1636105.45,202584.39,42441.77,1644795044,MINt/ADA_0.3,0.0,0.0,0.0,899.0
0.03469,5600905.19,194297.55,20052.56,1644795044,CLAP/ADA_0.3,0.0,0.0,0.0,899.0
0.0,6805446166013.0,155691.87,16797.74,1644795044,CHRLZ/ADA_0.3,0.0,0.0,0.0,899.0
2.148195,67962.71,145997.2,33242.05,1644795044,DANA/ADA_0.05,-0.0213770000000002,335.84000000001106,-724.2200000000012,899.0
0.812849,174215.03,141610.56,5802.9,1644795044,WMT/ADA_0.05,0.0,82.69000000000233,67.22000000000116,899.0
3.4e-05,3128802520.74,106683.38,5153.19,1644795044,ASHIB/ADA_1.0,0.0,0.0,0.0,899.0
0.03808,2517390.0,95863.3,48779.46,1644795044,FIRE/ADA_0.3,0.0,0.0,0.0,899.0
0.0,99428914803458.0,95349.88,14393.75,1644795044,BISON/ADA_0.3,0.0,0.0,0.0,899.0
0.0,939809317568.0,75699.68,51505.12,1644795044,HOSKY/ADA_0.3,0.0,-38490469.0,3.6899999999877764,899.0
0.331836,190383.52,63176.22,91487.65,1644795044,MIN/ADA_0.3,0.0,250.0,82.95999999999913,899.0
0.006134,9274388.0,56891.95,11158.79,1644795044,FLICK/ADA_0.3,0.0,0.0,0.0,899.0
0.089989,511504.0,46029.81,38700.16,1644795044,cNETA/ADA_0.3,0.0,0.0,0.0,899.0
0.012451,3466087.0,43156.51,1993.41,1644795044,CNFT/ADA_0.3,0.0,0.0,0.0,899.0
0.120907,355752.81,43013.23,1303.72,1644795044,MELD/ADA_1.0,0.0,0.0,0.0,899.0
0.114725,301014.52,34533.96,11982.0,1644795044,REVU/ADA_0.3,0.0,0.0,0.0,899.0
44.605632,689.0,30733.28,16352.59,1644795044,unsi…en/ADA_1.0,0.0,0.0,0.0,899.0
0.005896,5020010.0,29598.79,2416.23,1644795044,BDOGE/ADA_1.0,0.0,0.0,0.0,899.0
0.000834,33827308.42,28232.58,250.51,1644795044,MONET/ADA_0.3,2.9999999999999645e-06,-59834.5,50.0,899.0
0.002914,8933643.09,26033.84,7845.36,1644795044,DRIP/ADA_1.0,0.0,0.0,0.0,899.0
0.01379,1853041.0,25554.28,0.0,1644795044,QUID/ADA_0.3,0.0,0.0,0.0,899.0
0.16827,150339.0,25297.62,2263.34,1644795044,SKULL/ADA_1.0,0.0,0.0,0.0,899.0
0.123004,174759.48,21496.17,889.99,1644795044,MINt/ADA_0.05,0.0,0.0,0.0,899.0
0.000746,27961090.0,20864.14,574.91,1644795044,RAG/ADA_1.0,0.0,0.0,0.0,899.0
25.577877,747.0,19106.67,2862.72,1644795044,XDIA…ND/ADA_1.0,0.0,0.0,0.0,899.0
0.31747,59030.48,18740.43,2700.29,1644795044,MIN/ADA_0.05,0.0,0.0,0.0,899.0
0.016292,1139491.0,18565.31,335.73,1644795044,GOKEY/ADA_0.3,0.0,0.0,0.0,899.0
0.466,38906.0,18130.19,3580.44,1644795044,CDX/ADA_1.0,0.0,0.0,0.0,899.0
0.04,426987.0,17079.54,550.87,1644795044,cMETA/ADA_0.3,0.0,0.0,0.0,899.0
0.00536,2958255.0,15856.42,5716.3,1644795044,RAVE/ADA_1.0,0.0,0.0,0.0,899.0
2.188129,6648.02,14546.74,0.0,1644795044,DANA/ADA_0.3,0.0,0.0,0.0,899.0
0.0,15121500520.0,13369.83,5040.28,1644795044,MEOW/ADA_0.3,0.0,0.0,0.0,899.0
0.314242,41372.41,13000.98,1062.67,1644795044,CARGO/ADA_0.3,0.0,0.0,0.0,899.0
4.9e-05,243323627.0,12066.14,3453.89,1644795044,SHIBA/ADA_1.0,-1.000000000000004e-06,1417190.0,-67.43000000000029,899.0
0.0,144904430243.0,11444.57,1731.25,1644795044,HOSKY/ADA_0.05,0.0,0.0,0.0,899.0
0.768512,14390.42,11059.22,303.0,1644795044,WMT/ADA_1.0,0.0,0.0,0.0,899.0
0.110175,97370.0,10727.76,0.0,1644795044,Card…rm/ADA_0.3,0.0,0.0,0.0,899.0
0.046785,201338.03,9419.63,832.17,1644795044,cbTHC/ADA_0.3,0.0,0.0,0.0,899.0
0.003002,2914646.81,8750.54,450.35,1644795044,DRIP/ADA_0.3,0.0,44400.77000000002,133.3000000000011,899.0
0.001167,7422752.0,8665.39,71.95,1644795044,FLANO/ADA_1.0,0.0,0.0,0.0,899.0
0.000148,53286494.0,7923.46,211.31,1644795044,KIDZ/ADA_0.3,0.0,0.0,0.0,899.0
0.672752,23043672.25,15502686.85,1950987.35,1644795945,SUNDAE/ADA_0.3,2.0000000000575113e-06,6914.199999999255,4701.459999999031,901.0
92.072709,144789.09,13331124.73,907537.25,1644795945,LQ/ADA_0.3,0.06910100000000341,-15.360000000015134,8591.940000001341,901.0
0.804879,12457031.27,10026414.73,916537.84,1644795945,WMT/ADA_0.3,4.499999999996174e-05,796.3099999986589,1210.0800000000745,901.0
0.120136,10368013.69,1245579.87,624405.96,1644795945,MELD/ADA_0.3,0.0001260000000000011,-1996.480000000447,1068.3000000000466,901.0
0.096864,12221134.0,1183798.15,243981.84,1644795945,PAVIA/ADA_0.3,0.00010100000000000386,-7495.0,512.3299999998417,901.0
0.169163,6330318.0,1070858.54,39180.1,1644795945,XRAY/ADA_0.3,0.0,0.0,0.0,901.0
0.299608,2674693.0,801359.9,170524.48,1644795945,ADAX/ADA_0.3,0.00022600000000000398,-1004.0,301.9000000000233,901.0
1.945109,385886.05,750590.76,50355.41,1644795945,AADA/ADA_0.3,-0.0010069999999999801,100.0,-193.97999999998137,901.0
1.66696,339193.25,565421.72,108035.55,1644795945,VYFI/ADA_0.3,0.01213400000000009,-1239.4199999999837,2064.7099999999627,901.0
6.358764,49877.0,317156.11,114439.24,1644795945,MILK/ADA_0.3,0.003885999999999612,-15.0,98.52999999996973,901.0
0.123821,1636105.45,202584.39,42441.77,1644795945,MINt/ADA_0.3,0.0,0.0,0.0,901.0
0.03469,5600905.19,194297.55,20052.56,1644795945,CLAP/ADA_0.3,0.0,0.0,0.0,901.0
0.0,6805446166013.0,155691.87,16797.74,1644795945,CHRLZ/ADA_0.3,0.0,0.0,0.0,901.0
2.155568,67739.9,146018.01,33492.18,1644795945,DANA/ADA_0.05,0.007373000000000296,-222.81000000001222,20.80999999999767,901.0
0.812849,174265.03,141651.2,5802.9,1644795945,WMT/ADA_0.05,0.0,50.0,40.64000000001397,901.0
3.4e-05,3128802520.74,106683.38,5153.19,1644795945,ASHIB/ADA_1.0,0.0,0.0,0.0,901.0
0.037959,2521390.0,95711.67,48931.09,1644795945,FIRE/ADA_0.3,-0.00012100000000000305,4000.0,-151.63000000000466,901.0
0.0,99426536596769.0,95352.17,14396.05,1644795945,BISON/ADA_0.3,0.0,-2378206689.0,2.289999999993597,901.0
0.0,950413855313.0,77342.68,51897.52,1644795945,HOSKY/ADA_0.3,0.0,10604537745.0,1643.0,901.0
0.327016,191783.52,62716.42,91947.46,1644795945,MIN/ADA_0.3,-0.0048200000000000465,1400.0,-459.8000000000029,901.0
0.006134,9275388.0,56898.09,11158.79,1644795945,FLICK/ADA_0.3,0.0,1000.0,6.139999999999418,901.0
0.086486,521718.0,45121.77,39603.32,1644795945,cNETA/ADA_0.3,-0.003503000000000006,10214.0,-908.0400000000009,901.0
0.012451,3466087.0,43156.51,1993.41,1644795945,CNFT/ADA_0.3,0.0,0.0,0.0,901.0
0.120907,355752.81,43013.23,1303.72,1644795945,MELD/ADA_1.0,0.0,0.0,0.0,901.0
0.114725,301014.52,34533.96,11982.0,1644795945,REVU/ADA_0.3,0.0,0.0,0.0,901.0
44.605632,689.0,30733.28,16352.59,1644795945,unsi…en/ADA_1.0,0.0,0.0,0.0,901.0
0.005896,5020010.0,29598.79,2497.72,1644795945,BDOGE/ADA_1.0,0.0,0.0,0.0,901.0
0.000835,33812263.52,28245.18,263.14,1644795945,MONET/ADA_0.3,1.0000000000000243e-06,-15044.89999999851,12.599999999998545,901.0
0.002914,8931586.03,26027.84,7845.36,1644795945,DRIP/ADA_1.0,0.0,-2057.0600000005215,-6.0,901.0
0.013753,1855541.0,25519.96,0.0,1644795945,QUID/ADA_0.3,-3.7000000000000574e-05,2500.0,-34.31999999999971,901.0
0.151677,158389.0,24024.1,2263.34,1644795945,SKULL/ADA_1.0,-0.016592999999999997,8050.0,-1273.5200000000004,901.0
0.123004,174759.48,21496.17,889.99,1644795945,MINt/ADA_0.05,0.0,0.0,0.0,901.0
0.000746,27961090.0,20864.14,574.91,1644795945,RAG/ADA_1.0,0.0,0.0,0.0,901.0
25.577877,747.0,19106.67,2862.72,1644795945,XDIA…ND/ADA_1.0,0.0,0.0,0.0,901.0
0.31747,59030.48,18740.43,2700.29,1644795945,MIN/ADA_0.05,0.0,0.0,0.0,901.0
0.016292,1139491.0,18565.31,335.73,1644795945,GOKEY/ADA_0.3,0.0,0.0,0.0,901.0
0.466,38906.0,18130.19,3580.44,1644795945,CDX/ADA_1.0,0.0,0.0,0.0,901.0
0.04,426987.0,17079.54,550.87,1644795945,cMETA/ADA_0.3,0.0,0.0,0.0,901.0
0.00536,2958255.0,15856.42,5716.3,1644795945,RAVE/ADA_1.0,0.0,0.0,0.0,901.0
2.188129,6648.02,14546.74,0.0,1644795945,DANA/ADA_0.3,0.0,0.0,0.0,901.0
0.0,15121500520.0,13369.83,5040.28,1644795945,MEOW/ADA_0.3,0.0,0.0,0.0,901.0
0.314242,41372.41,13000.98,1062.67,1644795945,CARGO/ADA_0.3,0.0,0.0,0.0,901.0
4.9e-05,243323627.0,12066.14,3453.89,1644795945,SHIBA/ADA_1.0,0.0,0.0,0.0,901.0
0.0,144904430243.0,11444.57,1731.25,1644795945,HOSKY/ADA_0.05,0.0,0.0,0.0,901.0
0.768512,14390.42,11059.22,303.0,1644795945,WMT/ADA_1.0,0.0,0.0,0.0,901.0
0.110175,97370.0,10727.76,0.0,1644795945,Card…rm/ADA_0.3,0.0,0.0,0.0,901.0
0.046785,201338.03,9419.63,832.17,1644795945,cbTHC/ADA_0.3,0.0,0.0,0.0,901.0
0.003002,2914646.81,8750.54,450.35,1644795945,DRIP/ADA_0.3,0.0,0.0,0.0,901.0
0.001167,7422752.0,8665.39,71.95,1644795945,FLANO/ADA_1.0,0.0,0.0,0.0,901.0
0.000148,53286494.0,7923.46,211.31,1644795945,KIDZ/ADA_0.3,0.0,0.0,0.0,901.0
0.672852,23044724.43,15505708.73,0.0,1644796844,SUNDAE/ADA_0.3,9.999999999998899e-05,1052.179999999702,3021.8800000008196,899.0
92.032676,144821.73,13328331.41,0.0,1644796844,LQ/ADA_0.3,-0.0400330000000082,32.64000000001397,-2793.320000000298,899.0
0.805108,12459104.22,10030932.38,0.0,1644796844,WMT/ADA_0.3,0.00022900000000003473,2072.9500000011176,4517.6500000003725,899.0
0.121054,10328129.73,1250264.87,0.0,1644796844,MELD/ADA_0.3,0.0009179999999999883,-39883.95999999903,4685.0,899.0
0.096872,12227018.0,1184465.13,0.0,1644796844,PAVIA/ADA_0.3,7.999999999994123e-06,5884.0,666.9799999999814,899.0
0.167936,6353434.0,1066974.03,0.0,1644796844,XRAY/ADA_0.3,-0.0012270000000000059,23116.0,-3884.5100000000093,899.0
0.2994,2675622.0,801082.49,0.0,1644796844,ADAX/ADA_0.3,-0.00020799999999998597,929.0,-277.4100000000326,899.0
1.940348,386359.98,749673.1,0.0,1644796844,AADA/ADA_0.3,-0.004761000000000015,473.929999999993,-917.6600000000326,899.0
1.666091,339281.8,565274.59,0.0,1644796844,VYFI/ADA_0.3,-0.0008690000000000087,88.54999999998836,-147.13000000000466,899.0
6.295843,50126.0,315585.42,0.0,1644796844,MILK/ADA_0.3,-0.06292100000000023,249.0,-1570.6900000000023,899.0
0.123821,1636105.45,202584.39,0.0,1644796844,MINt/ADA_0.3,0.0,0.0,0.0,899.0
0.03469,5600905.19,194297.55,0.0,1644796844,CLAP/ADA_0.3,0.0,0.0,0.0,899.0
0.0,6805446166013.0,155691.87,0.0,1644796844,CHRLZ/ADA_0.3,0.0,0.0,0.0,899.0
2.155568,67739.9,146018.01,0.0,1644796844,DANA/ADA_0.05,0.0,0.0,0.0,899.0
0.812849,174265.03,141651.2,0.0,1644796844,WMT/ADA_0.05,0.0,0.0,0.0,899.0
3.4e-05,3128802520.74,106683.38,0.0,1644796844,ASHIB/ADA_1.0,0.0,0.0,0.0,899.0
0.037959,2521389.0,95711.71,0.0,1644796844,FIRE/ADA_0.3,0.0,-1.0,0.04000000000814907,899.0
0.0,99426536596769.0,95352.17,0.0,1644796844,BISON/ADA_0.3,0.0,0.0,0.0,899.0
0.0,950291356274.0,77352.68,0.0,1644796844,HOSKY/ADA_0.3,0.0,-122499039.0,10.0,899.0
0.359001,183053.54,65716.42,0.0,1644796844,MIN/ADA_0.3,0.03198500000000004,-8729.979999999981,3000.0,899.0
0.006135,9274577.0,56903.08,0.0,1644796844,FLICK/ADA_0.3,1.0000000000001327e-06,-811.0,4.990000000005239,899.0
0.086486,521718.0,45121.77,0.0,1644796844,cNETA/ADA_0.3,0.0,0.0,0.0,899.0
0.012451,3466087.0,43156.51,0.0,1644796844,CNFT/ADA_0.3,0.0,0.0,0.0,899.0
0.120907,355752.81,43013.23,0.0,1644796844,MELD/ADA_1.0,0.0,0.0,0.0,899.0
0.114725,301014.52,34533.96,0.0,1644796844,REVU/ADA_0.3,0.0,0.0,0.0,899.0
44.605632,689.0,30733.28,0.0,1644796844,unsi…en/ADA_1.0,0.0,0.0,0.0,899.0
0.005863,5034010.0,29517.3,0.0,1644796844,BDOGE/ADA_1.0,-3.300000000000004e-05,14000.0,-81.4900000000016,899.0
0.000835,33812263.52,28245.18,0.0,1644796844,MONET/ADA_0.3,0.0,0.0,0.0,899.0
0.002914,8931586.03,26027.84,0.0,1644796844,DRIP/ADA_1.0,0.0,0.0,0.0,899.0
0.013753,1855541.0,25519.96,0.0,1644796844,QUID/ADA_0.3,0.0,0.0,0.0,899.0
0.151677,158389.0,24024.1,0.0,1644796844,SKULL/ADA_1.0,0.0,0.0,0.0,899.0
0.123004,174759.48,21496.17,0.0,1644796844,MINt/ADA_0.05,0.0,0.0,0.0,899.0
0.000746,27961090.0,20864.14,0.0,1644796844,RAG/ADA_1.0,0.0,0.0,0.0,899.0
25.577877,747.0,19106.67,0.0,1644796844,XDIA…ND/ADA_1.0,0.0,0.0,0.0,899.0
0.31747,59030.48,18740.43,0.0,1644796844,MIN/ADA_0.05,0.0,0.0,0.0,899.0
0.016292,1139491.0,18565.31,0.0,1644796844,GOKEY/ADA_0.3,0.0,0.0,0.0,899.0
0.466,38906.0,18130.19,0.0,1644796844,CDX/ADA_1.0,0.0,0.0,0.0,899.0
0.04,426987.0,17079.54,0.0,1644796844,cMETA/ADA_0.3,0.0,0.0,0.0,899.0
0.00536,2958255.0,15856.42,0.0,1644796844,RAVE/ADA_1.0,0.0,0.0,0.0,899.0
2.188129,6764.14,14800.82,0.0,1644796844,DANA/ADA_0.3,0.0,116.11999999999989,254.07999999999993,899.0
0.0,14630544944.0,13819.83,0.0,1644796844,MEOW/ADA_0.3,0.0,-490955576.0,450.0,899.0
0.314242,41372.41,13000.98,0.0,1644796844,CARGO/ADA_0.3,0.0,0.0,0.0,899.0
4.9e-05,243323627.0,12066.14,0.0,1644796844,SHIBA/ADA_1.0,0.0,0.0,0.0,899.0
0.0,146144839942.0,11542.53,0.0,1644796844,HOSKY/ADA_0.05,0.0,1240409699.0,97.96000000000095,899.0
0.768512,14390.42,11059.22,0.0,1644796844,WMT/ADA_1.0,0.0,0.0,0.0,899.0
0.110175,97370.0,10727.76,0.0,1644796844,Card…rm/ADA_0.3,0.0,0.0,0.0,899.0
0.046785,201338.03,9419.63,0.0,1644796844,cbTHC/ADA_0.3,0.0,0.0,0.0,899.0
0.003002,2914646.81,8750.54,0.0,1644796844,DRIP/ADA_0.3,0.0,0.0,0.0,899.0
0.001167,7422752.0,8665.39,0.0,1644796844,FLANO/ADA_1.0,0.0,0.0,0.0,899.0
0.000148,53286494.0,7923.46,0.0,1644796844,KIDZ/ADA_0.3,0.0,0.0,0.0,899.0
0.673018,23043718.61,15508842.77,1890174.97,1644797741,SUNDAE/ADA_0.3,0.00016599999999999948,-1005.820000000298,3134.039999999106,896.0
91.979317,144867.33,13324798.47,896602.23,1644797741,LQ/ADA_0.3,-0.05335900000000038,45.59999999997672,-3532.9399999994785,896.0
0.805264,12459862.88,10033487.64,897579.24,1644797741,WMT/ADA_0.3,0.00015599999999993397,758.660000000149,2555.2599999997765,896.0
0.121449,10302113.25,1251181.45,616190.89,1644797741,MELD/ADA_0.3,0.00039500000000000646,-26016.480000000447,916.5799999998417,896.0
0.096916,12224343.0,1184745.01,241763.74,1644797741,PAVIA/ADA_0.3,4.400000000000237e-05,-2675.0,279.8800000001211,896.0
0.167936,6353434.0,1066974.03,0.0,1644797741,XRAY/ADA_0.3,0.0,0.0,0.0,896.0
0.299311,2676022.0,800963.11,168386.85,1644797741,ADAX/ADA_0.3,-8.900000000000574e-05,400.0,-119.38000000000466,896.0
1.940348,386359.98,749673.1,0.0,1644797741,AADA/ADA_0.3,0.0,0.0,0.0,896.0
1.666091,339281.8,565274.59,0.0,1644797741,VYFI/ADA_0.3,0.0,0.0,0.0,896.0
6.297727,50119.0,315635.8,115853.87,1644797741,MILK/ADA_0.3,0.0018840000000004409,-7.0,50.38000000000466,896.0
0.123821,1636105.45,202584.39,42311.0,1644797741,MINt/ADA_0.3,0.0,0.0,0.0,896.0
0.03469,5600905.19,194297.55,0.0,1644797741,CLAP/ADA_0.3,0.0,0.0,0.0,896.0
0.0,6805446166013.0,155691.87,0.0,1644797741,CHRLZ/ADA_0.3,0.0,0.0,0.0,896.0
2.155568,67739.9,146018.01,0.0,1644797741,DANA/ADA_0.05,0.0,0.0,0.0,896.0
0.812849,173028.28,140645.91,3301.65,1644797741,WMT/ADA_0.05,0.0,-1236.75,-1005.2900000000081,896.0
3.4e-05,3128802520.74,106683.38,0.0,1644797741,ASHIB/ADA_1.0,0.0,0.0,0.0,896.0
0.038356,2508325.0,96211.71,41314.96,1644797741,FIRE/ADA_0.3,0.0003970000000000015,-13064.0,500.0,896.0
0.0,99468451787244.0,95312.11,12159.0,1644797741,BISON/ADA_0.3,0.0,41915190475.0,-40.05999999999767,896.0
0.0,940303300853.0,76539.66,51590.34,1644797741,HOSKY/ADA_0.3,0.0,-9988055421.0,-813.0199999999895,896.0
0.351294,185053.54,65008.28,86179.57,1644797741,MIN/ADA_0.3,-0.007707000000000019,2000.0,-708.1399999999994,896.0
0.006135,9274577.0,56903.08,0.0,1644797741,FLICK/ADA_0.3,0.0,0.0,0.0,896.0
0.086486,521718.0,45121.77,0.0,1644797741,cNETA/ADA_0.3,0.0,0.0,0.0,896.0
0.012451,3466087.0,43156.51,0.0,1644797741,CNFT/ADA_0.3,0.0,0.0,0.0,896.0
0.120907,355752.81,43013.23,0.0,1644797741,MELD/ADA_1.0,0.0,0.0,0.0,896.0
0.114725,301014.52,34533.96,0.0,1644797741,REVU/ADA_0.3,0.0,0.0,0.0,896.0
44.605632,689.0,30733.28,0.0,1644797741,unsi…en/ADA_1.0,0.0,0.0,0.0,896.0
0.005863,5034010.0,29517.3,0.0,1644797741,BDOGE/ADA_1.0,0.0,0.0,0.0,896.0
0.000835,33811070.06,28246.18,113.94,1644797741,MONET/ADA_0.3,0.0,-1193.460000000894,1.0,896.0
0.013753,1855541.0,25519.96,0.0,1644797741,QUID/ADA_0.3,0.0,0.0,0.0,896.0
0.002757,9182586.03,25323.31,8303.25,1644797741,DRIP/ADA_1.0,-0.00015700000000000002,251000.0,-704.5299999999988,896.0
0.151677,158439.0,24031.68,2230.9,1644797741,SKULL/ADA_1.0,0.0,50.0,7.580000000001746,896.0
0.123004,174759.48,21496.17,0.0,1644797741,MINt/ADA_0.05,0.0,0.0,0.0,896.0
0.000746,27961090.0,20864.14,0.0,1644797741,RAG/ADA_1.0,0.0,0.0,0.0,896.0
25.577877,747.0,19106.67,0.0,1644797741,XDIA…ND/ADA_1.0,0.0,0.0,0.0,896.0
0.31747,59030.48,18740.43,0.0,1644797741,MIN/ADA_0.05,0.0,0.0,0.0,896.0
0.016292,1139491.0,18565.31,0.0,1644797741,GOKEY/ADA_0.3,0.0,0.0,0.0,896.0
0.465998,38862.0,18109.65,2699.42,1644797741,CDX/ADA_1.0,-2.000000000002e-06,-44.0,-20.539999999997235,896.0
0.04,426987.0,17079.54,0.0,1644797741,cMETA/ADA_0.3,0.0,0.0,0.0,896.0
0.00536,2958255.0,15856.42,0.0,1644797741,RAVE/ADA_1.0,0.0,0.0,0.0,896.0
2.188129,6764.14,14800.82,0.0,1644797741,DANA/ADA_0.3,0.0,0.0,0.0,896.0
0.0,14630544944.0,13819.83,0.0,1644797741,MEOW/ADA_0.3,0.0,0.0,0.0,896.0
0.296635,42584.41,12632.03,1111.3,1644797741,CARGO/ADA_0.3,-0.01760700000000004,1212.0,-368.9499999999989,896.0
4.9e-05,243323627.0,12066.14,0.0,1644797741,SHIBA/ADA_1.0,0.0,0.0,0.0,896.0
0.0,146144839942.0,11542.53,0.0,1644797741,HOSKY/ADA_0.05,0.0,0.0,0.0,896.0
0.768512,14390.42,11059.22,0.0,1644797741,WMT/ADA_1.0,0.0,0.0,0.0,896.0
0.110175,97370.0,10727.76,0.0,1644797741,Card…rm/ADA_0.3,0.0,0.0,0.0,896.0
0.046785,201338.03,9419.63,0.0,1644797741,cbTHC/ADA_0.3,0.0,0.0,0.0,896.0
0.003002,2984593.94,8960.54,450.35,1644797741,DRIP/ADA_0.3,0.0,69947.12999999989,210.0,896.0
0.001167,7422752.0,8665.39,0.0,1644797741,FLANO/ADA_1.0,0.0,0.0,0.0,896.0
0.000148,53286494.0,7923.46,0.0,1644797741,KIDZ/ADA_0.3,0.0,0.0,0.0,896.0
0.673064,23048853.64,15513362.34,1890709.07,1644798645,SUNDAE/ADA_0.3,4.599999999999049e-05,5135.030000001192,4519.570000000298,903.0
91.979317,144924.67,13330072.48,896602.23,1644798645,LQ/ADA_0.3,0.0,57.34000000002561,5274.0099999997765,903.0
0.807469,12445157.16,10049079.74,911743.99,1644798645,WMT/ADA_0.3,0.0022050000000000125,-14705.72000000067,15592.099999999627,903.0
0.121318,10307716.8,1250516.49,621258.72,1644798645,MELD/ADA_0.3,-0.0001310000000000061,5603.550000000745,-664.9599999999627,903.0
0.096412,12256342.0,1181661.13,244847.62,1644798645,PAVIA/ADA_0.3,-0.0005040000000000044,31999.0,-3083.880000000121,903.0
0.167936,6353434.0,1066974.03,0.0,1644798645,XRAY/ADA_0.3,0.0,0.0,0.0,903.0
0.299311,2676022.0,800963.11,168386.85,1644798645,ADAX/ADA_0.3,0.0,0.0,0.0,903.0
1.940348,386359.98,749673.1,0.0,1644798645,AADA/ADA_0.3,0.0,0.0,0.0,903.0
1.64189,341776.88,561160.19,110815.46,1644798645,VYFI/ADA_0.3,-0.024200999999999917,2495.0800000000163,-4114.400000000023,903.0
6.30963,50072.0,315935.8,116154.77,1644798645,MILK/ADA_0.3,0.011903000000000219,-47.0,300.0,903.0
0.124138,1634014.63,202844.39,42311.0,1644798645,MINt/ADA_0.3,0.00031699999999999784,-2090.820000000065,260.0,903.0
0.03469,5600905.19,194297.55,0.0,1644798645,CLAP/ADA_0.3,0.0,0.0,0.0,903.0
0.0,6805446166013.0,155691.87,0.0,1644798645,CHRLZ/ADA_0.3,0.0,0.0,0.0,903.0
2.155568,67739.9,146018.01,0.0,1644798645,DANA/ADA_0.05,0.0,0.0,0.0,903.0
0.812849,172565.49,140269.73,3301.65,1644798645,WMT/ADA_0.05,0.0,-462.79000000000815,-376.179999999993,903.0
3.4e-05,3128802520.74,106683.38,0.0,1644798645,ASHIB/ADA_1.0,0.0,0.0,0.0,903.0
0.038356,2521389.0,96712.81,41314.96,1644798645,FIRE/ADA_0.3,0.0,13064.0,501.09999999999127,903.0
0.0,99468451787244.0,95312.11,12159.0,1644798645,BISON/ADA_0.3,0.0,0.0,0.0,903.0
0.0,932501929910.0,77181.93,52234.54,1644798645,HOSKY/ADA_0.3,0.0,-7801370943.0,642.2699999999895,903.0
0.310098,196980.3,61083.31,90104.55,1644798645,MIN/ADA_0.3,-0.04119600000000001,11926.75999999998,-3924.970000000001,903.0
0.006135,9274577.0,56903.08,0.0,1644798645,FLICK/ADA_0.3,0.0,0.0,0.0,903.0
0.086469,521772.0,45117.11,38884.1,1644798645,cNETA/ADA_0.3,-1.6999999999989246e-05,54.0,-4.6599999999962165,903.0
0.012537,3454118.0,43306.51,2143.86,1644798645,CNFT/ADA_0.3,8.599999999999927e-05,-11969.0,150.0,903.0
0.120907,355752.81,43013.23,0.0,1644798645,MELD/ADA_1.0,0.0,0.0,0.0,903.0
0.114725,301014.52,34533.96,0.0,1644798645,REVU/ADA_0.3,0.0,0.0,0.0,903.0
44.605632,689.0,30733.28,0.0,1644798645,unsi…en/ADA_1.0,0.0,0.0,0.0,903.0
0.005863,5034010.0,29517.3,0.0,1644798645,BDOGE/ADA_1.0,0.0,0.0,0.0,903.0
0.000835,33811070.06,28246.18,113.94,1644798645,MONET/ADA_0.3,0.0,0.0,0.0,903.0
0.013753,1855541.0,25519.96,0.0,1644798645,QUID/ADA_0.3,0.0,0.0,0.0,903.0
0.002757,9182586.03,25323.31,8303.25,1644798645,DRIP/ADA_1.0,0.0,0.0,0.0,903.0
0.151677,158439.0,24031.68,2230.9,1644798645,SKULL/ADA_1.0,0.0,0.0,0.0,903.0
0.123004,174759.48,21496.17,0.0,1644798645,MINt/ADA_0.05,0.0,0.0,0.0,903.0
0.000746,27961090.0,20864.14,0.0,1644798645,RAG/ADA_1.0,0.0,0.0,0.0,903.0
25.577877,747.0,19106.67,0.0,1644798645,XDIA…ND/ADA_1.0,0.0,0.0,0.0,903.0
0.31747,59030.48,18740.43,0.0,1644798645,MIN/ADA_0.05,0.0,0.0,0.0,903.0
0.016292,1139491.0,18565.31,0.0,1644798645,GOKEY/ADA_0.3,0.0,0.0,0.0,903.0
0.465998,38862.0,18109.65,2699.42,1644798645,CDX/ADA_1.0,0.0,0.0,0.0,903.0
0.04,426987.0,17079.54,0.0,1644798645,cMETA/ADA_0.3,0.0,0.0,0.0,903.0
0.00536,2958255.0,15856.42,0.0,1644798645,RAVE/ADA_1.0,0.0,0.0,0.0,903.0
2.188129,6764.14,14800.82,0.0,1644798645,DANA/ADA_0.3,0.0,0.0,0.0,903.0
0.0,14555543789.0,13891.25,5331.97,1644798645,MEOW/ADA_0.3,0.0,-75001155.0,71.42000000000007,903.0
0.296635,42584.41,12632.03,1111.3,1644798645,CARGO/ADA_0.3,0.0,0.0,0.0,903.0
4.9e-05,243323627.0,12066.14,0.0,1644798645,SHIBA/ADA_1.0,0.0,0.0,0.0,903.0
0.0,146144839942.0,11542.53,0.0,1644798645,HOSKY/ADA_0.05,0.0,0.0,0.0,903.0
0.768512,14390.42,11059.22,0.0,1644798645,WMT/ADA_1.0,0.0,0.0,0.0,903.0
0.110175,97370.0,10727.76,0.0,1644798645,Card…rm/ADA_0.3,0.0,0.0,0.0,903.0
0.046785,201338.03,9419.63,0.0,1644798645,cbTHC/ADA_0.3,0.0,0.0,0.0,903.0
0.003002,2984593.94,8960.54,450.35,1644798645,DRIP/ADA_0.3,0.0,0.0,0.0,903.0
0.001167,7422752.0,8665.39,0.0,1644798645,FLANO/ADA_1.0,0.0,0.0,0.0,903.0
0.000148,53286494.0,7923.46,0.0,1644798645,KIDZ/ADA_0.3,0.0,0.0,0.0,903.0
0.673163,23055101.63,15519855.01,1891857.77,1644799547,SUNDAE/ADA_0.3,9.899999999996023e-05,6247.989999998361,6492.6699999999255,902.0
91.97973,145025.59,13339414.84,896632.32,1644799547,LQ/ADA_0.3,0.0004130000000088785,100.9199999999837,9342.359999999404,902.0
0.807855,12450242.75,10058001.98,914162.53,1644799547,WMT/ADA_0.3,0.00038599999999999746,5085.589999999851,8922.240000000224,902.0
0.123268,10222942.98,1260165.98,631553.07,1644799547,MELD/ADA_0.3,0.0019500000000000073,-84773.8200000003,9649.48999999999,902.0
0.096412,12256342.0,1181661.13,244847.62,1644799547,PAVIA/ADA_0.3,0.0,0.0,0.0,902.0
0.167936,6353434.0,1066974.03,0.0,1644799547,XRAY/ADA_0.3,0.0,0.0,0.0,902.0
0.299373,2675743.0,801047.11,168471.1,1644799547,ADAX/ADA_0.3,6.20000000000065e-05,-279.0,84.0,902.0
1.940348,386359.98,749673.1,0.0,1644799547,AADA/ADA_0.3,0.0,0.0,0.0,902.0
1.646712,341276.88,561984.82,111642.56,1644799547,VYFI/ADA_0.3,0.004821999999999882,-500.0,824.6300000000047,902.0
6.30963,50090.0,316049.37,116154.77,1644799547,MILK/ADA_0.3,0.0,18.0,113.57000000000698,902.0
0.124138,1633971.59,202839.04,42311.0,1644799547,MINt/ADA_0.3,0.0,-43.03999999980442,-5.350000000005821,902.0
0.034484,5617652.42,193720.05,15347.54,1644799547,CLAP/ADA_0.3,-0.00020599999999999785,16747.229999999516,-577.5,902.0
0.0,6805446166013.0,155691.87,0.0,1644799547,CHRLZ/ADA_0.3,0.0,0.0,0.0,902.0
2.155568,67739.9,146018.01,0.0,1644799547,DANA/ADA_0.05,0.0,0.0,0.0,902.0
0.812849,172565.49,140269.73,3301.65,1644799547,WMT/ADA_0.05,0.0,0.0,0.0,902.0
3.4e-05,3165483206.06,107934.09,5153.19,1644799547,ASHIB/ADA_1.0,0.0,36680685.32000017,1250.7099999999919,902.0
0.038356,2521389.0,96712.81,41314.96,1644799547,FIRE/ADA_0.3,0.0,0.0,0.0,902.0
0.0,99140867251981.0,95627.99,12475.83,1644799547,BISON/ADA_0.3,0.0,-327584535263.0,315.88000000000466,902.0
0.0,932503902992.0,77182.09,52234.54,1644799547,HOSKY/ADA_0.3,0.0,1973082.0,0.16000000000349246,902.0
0.343755,187117.7,64322.64,96880.21,1644799547,MIN/ADA_0.3,0.03365699999999999,-9862.599999999977,3239.3300000000017,902.0
0.006135,9274577.0,56903.08,0.0,1644799547,FLICK/ADA_0.3,0.0,0.0,0.0,902.0
0.086469,521772.0,45117.11,38884.1,1644799547,cNETA/ADA_0.3,0.0,0.0,0.0,902.0
0.012537,3454118.0,43306.51,2143.86,1644799547,CNFT/ADA_0.3,0.0,0.0,0.0,902.0
0.120907,355752.81,43013.23,0.0,1644799547,MELD/ADA_1.0,0.0,0.0,0.0,902.0
0.114725,301014.52,34533.96,0.0,1644799547,REVU/ADA_0.3,0.0,0.0,0.0,902.0
44.605632,689.0,30733.28,0.0,1644799547,unsi…en/ADA_1.0,0.0,0.0,0.0,902.0
0.005863,5034010.0,29517.3,0.0,1644799547,BDOGE/ADA_1.0,0.0,0.0,0.0,902.0
0.000835,33812263.52,28247.18,113.94,1644799547,MONET/ADA_0.3,0.0,1193.460000000894,1.0,902.0
0.002845,9040853.92,25724.31,8708.26,1644799547,DRIP/ADA_1.0,8.799999999999997e-05,-141732.1099999994,401.0,902.0
0.013753,1855541.0,25519.96,0.0,1644799547,QUID/ADA_0.3,0.0,0.0,0.0,902.0
0.151677,158439.0,24031.68,2230.9,1644799547,SKULL/ADA_1.0,0.0,0.0,0.0,902.0
0.123004,174759.48,21496.17,0.0,1644799547,MINt/ADA_0.05,0.0,0.0,0.0,902.0
0.000746,27961090.0,20864.14,0.0,1644799547,RAG/ADA_1.0,0.0,0.0,0.0,902.0
27.041742,727.0,19659.34,3420.92,1644799547,XDIA…ND/ADA_1.0,1.4638649999999984,-20.0,552.6700000000019,902.0
0.31747,59030.48,18740.43,0.0,1644799547,MIN/ADA_0.05,0.0,0.0,0.0,902.0
0.016292,1139491.0,18565.31,0.0,1644799547,GOKEY/ADA_0.3,0.0,0.0,0.0,902.0
0.465998,38862.0,18109.65,2719.7,1644799547,CDX/ADA_1.0,0.0,0.0,0.0,902.0
0.038193,436987.0,16689.84,845.29,1644799547,cMETA/ADA_0.3,-0.001807000000000003,10000.0,-389.7000000000007,902.0
0.00536,2958255.0,15856.42,0.0,1644799547,RAVE/ADA_1.0,0.0,0.0,0.0,902.0
2.188129,6764.14,14800.82,0.0,1644799547,DANA/ADA_0.3,0.0,0.0,0.0,902.0
0.0,14555543789.0,13891.25,5331.97,1644799547,MEOW/ADA_0.3,0.0,0.0,0.0,902.0
0.296635,42584.41,12632.03,1111.3,1644799547,CARGO/ADA_0.3,0.0,0.0,0.0,902.0
4.9e-05,243323627.0,12066.14,0.0,1644799547,SHIBA/ADA_1.0,0.0,0.0,0.0,902.0
0.0,146144839942.0,11542.53,0.0,1644799547,HOSKY/ADA_0.05,0.0,0.0,0.0,902.0
0.768512,14390.42,11059.22,0.0,1644799547,WMT/ADA_1.0,0.0,0.0,0.0,902.0
0.110175,97370.0,10727.76,0.0,1644799547,Card…rm/ADA_0.3,0.0,0.0,0.0,902.0
0.046785,201338.03,9419.63,0.0,1644799547,cbTHC/ADA_0.3,0.0,0.0,0.0,902.0
0.003002,2984593.94,8960.54,450.35,1644799547,DRIP/ADA_0.3,0.0,0.0,0.0,902.0
0.001167,7422752.0,8665.39,0.0,1644799547,FLANO/ADA_1.0,0.0,0.0,0.0,902.0
0.000148,53286494.0,7923.46,0.0,1644799547,KIDZ/ADA_0.3,0.0,0.0,0.0,902.0
0.673183,23059135.64,15523024.74,1892085.88,1644800445,SUNDAE/ADA_0.3,2.0000000000020002e-05,4034.010000001639,3169.730000000447,897.0
92.045457,144979.53,13344707.53,901612.56,1644800445,LQ/ADA_0.3,0.06572699999999543,-46.05999999999767,5292.6899999994785,897.0
0.807764,12454087.57,10059974.08,915420.59,1644800445,WMT/ADA_0.3,-9.099999999995223e-05,3844.820000000298,1972.0999999996275,897.0
0.122955,10237466.68,1258748.99,636002.63,1644800445,MELD/ADA_0.3,-0.0003130000000000077,14523.699999999255,-1416.9899999999907,897.0
0.096291,12264032.0,1180922.65,246448.6,1644800445,PAVIA/ADA_0.3,-0.00012099999999999611,7690.0,-738.4799999999814,897.0
0.167936,6353434.0,1066974.03,0.0,1644800445,XRAY/ADA_0.3,0.0,0.0,0.0,897.0
0.299373,2675743.0,801047.11,168471.1,1644800445,ADAX/ADA_0.3,0.0,0.0,0.0,897.0
1.940348,386359.98,749673.1,49698.01,1644800445,AADA/ADA_0.3,0.0,0.0,0.0,897.0
1.649818,340955.98,562515.35,112174.68,1644800445,VYFI/ADA_0.3,0.003106000000000053,-320.9000000000233,530.5300000000279,897.0
6.385551,49792.0,317949.37,118060.47,1644800445,MILK/ADA_0.3,0.07592100000000013,-298.0,1900.0,897.0
0.125732,1623597.13,204139.04,42870.99,1644800445,MINt/ADA_0.3,0.001594000000000012,-10374.460000000196,1300.0,897.0
0.034484,5617652.42,193720.05,15347.54,1644800445,CLAP/ADA_0.3,0.0,0.0,0.0,897.0
0.0,6805446166013.0,155691.87,0.0,1644800445,CHRLZ/ADA_0.3,0.0,0.0,0.0,897.0
2.155568,67739.9,146018.01,0.0,1644800445,DANA/ADA_0.05,0.0,0.0,0.0,897.0
0.812849,172565.49,140269.73,3301.65,1644800445,WMT/ADA_0.05,0.0,0.0,0.0,897.0
3.4e-05,3165483206.06,107934.09,5153.19,1644800445,ASHIB/ADA_1.0,0.0,0.0,0.0,897.0
0.038356,2521389.0,96712.81,36003.25,1644800445,FIRE/ADA_0.3,0.0,0.0,0.0,897.0
0.0,99140867251981.0,95627.99,12219.02,1644800445,BISON/ADA_0.3,0.0,0.0,0.0,897.0
0.0,932503902992.0,77182.09,51775.12,1644800445,HOSKY/ADA_0.3,0.0,0.0,0.0,897.0
0.343755,187117.7,64322.64,89532.72,1644800445,MIN/ADA_0.3,0.0,0.0,0.0,897.0
0.006135,9274577.0,56903.08,0.0,1644800445,FLICK/ADA_0.3,0.0,0.0,0.0,897.0
0.092384,504831.0,46638.53,40644.33,1644800445,cNETA/ADA_0.3,0.00591499999999999,-16941.0,1521.4199999999983,897.0
0.012537,3454118.0,43306.51,1848.21,1644800445,CNFT/ADA_0.3,0.0,0.0,0.0,897.0
0.120907,355752.81,43013.23,0.0,1644800445,MELD/ADA_1.0,0.0,0.0,0.0,897.0
0.114345,301514.52,34476.87,8301.72,1644800445,REVU/ADA_0.3,-0.00037999999999999146,500.0,-57.08999999999651,897.0
44.605632,689.0,30733.28,0.0,1644800445,unsi…en/ADA_1.0,0.0,0.0,0.0,897.0
0.005863,5034010.0,29517.3,0.0,1644800445,BDOGE/ADA_1.0,0.0,0.0,0.0,897.0
0.000835,33812263.52,28247.18,113.94,1644800445,MONET/ADA_0.3,0.0,0.0,0.0,897.0
0.002841,9046853.92,25707.42,10199.9,1644800445,DRIP/ADA_1.0,-3.9999999999996635e-06,6000.0,-16.890000000003056,897.0
0.013753,1855541.0,25519.96,0.0,1644800445,QUID/ADA_0.3,0.0,0.0,0.0,897.0
0.152872,157822.0,24126.68,2276.35,1644800445,SKULL/ADA_1.0,0.0011950000000000016,-617.0,95.0,897.0
0.123004,174759.48,21496.17,0.0,1644800445,MINt/ADA_0.05,0.0,0.0,0.0,897.0
0.000746,27961090.0,20864.14,0.0,1644800445,RAG/ADA_1.0,0.0,0.0,0.0,897.0
27.041742,727.0,19659.34,2766.98,1644800445,XDIA…ND/ADA_1.0,0.0,0.0,0.0,897.0
0.31747,59030.48,18740.43,0.0,1644800445,MIN/ADA_0.05,0.0,0.0,0.0,897.0
0.016292,1139491.0,18565.31,0.0,1644800445,GOKEY/ADA_0.3,0.0,0.0,0.0,897.0
0.46495,38906.0,18089.37,2719.7,1644800445,CDX/ADA_1.0,-0.001048000000000049,44.0,-20.280000000002474,897.0
0.038193,436987.0,16689.84,815.2,1644800445,cMETA/ADA_0.3,0.0,0.0,0.0,897.0
0.00536,2958255.0,15856.42,0.0,1644800445,RAVE/ADA_1.0,0.0,0.0,0.0,897.0
2.188129,6764.14,14800.82,0.0,1644800445,DANA/ADA_0.3,0.0,0.0,0.0,897.0
0.0,14555543789.0,13891.25,5216.62,1644800445,MEOW/ADA_0.3,0.0,0.0,0.0,897.0
0.296635,42584.41,12632.03,1111.3,1644800445,CARGO/ADA_0.3,0.0,0.0,0.0,897.0
4.9e-05,243323627.0,12066.14,3513.04,1644800445,SHIBA/ADA_1.0,0.0,0.0,0.0,897.0
0.0,146144839942.0,11542.53,0.0,1644800445,HOSKY/ADA_0.05,0.0,0.0,0.0,897.0
0.768512,14390.42,11059.22,0.0,1644800445,WMT/ADA_1.0,0.0,0.0,0.0,897.0
0.110175,97370.0,10727.76,0.0,1644800445,Card…rm/ADA_0.3,0.0,0.0,0.0,897.0
0.046785,201338.03,9419.63,0.0,1644800445,cbTHC/ADA_0.3,0.0,0.0,0.0,897.0
0.003002,2984593.94,8960.54,450.35,1644800445,DRIP/ADA_0.3,0.0,0.0,0.0,897.0
0.001167,7422752.0,8665.39,0.0,1644800445,FLANO/ADA_1.0,0.0,0.0,0.0,897.0
0.000175,45322626.0,7958.18,626.44,1644800445,FIRE/ADA_1.0,2.600000000000001e-05,-3142592.0,717.1800000000003,73442.0
0.673878,23051471.43,15533882.24,1890665.8,1644801345,SUNDAE/ADA_0.3,0.0006950000000000012,-7664.210000000894,10857.5,899.0
92.045794,144979.26,13344731.97,852467.19,1644801345,LQ/ADA_0.3,0.0003370000000018081,-0.2699999999895226,24.440000001341105,899.0
0.807934,12460228.66,10067044.07,872742.65,1644801345,WMT/ADA_0.3,0.00017000000000000348,6141.089999999851,7069.9900000002235,899.0
0.123241,10225586.29,1260215.85,628867.09,1644801345,MELD/ADA_0.3,0.00028600000000000847,-11880.390000000596,1466.8600000001024,899.0
0.09647,12252654.0,1182022.65,239420.61,1644801345,PAVIA/ADA_0.3,0.0001789999999999986,-11378.0,1100.0,899.0
0.16888,6355674.0,1073351.65,42625.78,1644801345,XRAY/ADA_0.3,0.0009440000000000004,2240.0,6377.619999999879,899.0
0.299373,2675743.0,801047.11,165069.15,1644801345,ADAX/ADA_0.3,0.0,0.0,0.0,899.0
1.940444,386350.51,749691.73,49729.39,1644801345,AADA/ADA_0.3,9.600000000009601e-05,-9.46999999997206,18.630000000004657,899.0
1.649703,340967.83,562495.86,107981.93,1644801345,VYFI/ADA_0.3,-0.00011500000000008725,11.850000000034925,-19.489999999990687,899.0
6.541297,49183.0,321720.61,121576.76,1644801345,MILK/ADA_0.3,0.15574599999999972,-609.0,3771.2399999999907,899.0
0.122562,1644515.98,201556.74,47760.1,1644801345,MINt/ADA_0.3,-0.003170000000000006,20918.850000000093,-2582.3000000000175,899.0
0.034537,5613318.99,193870.05,15497.99,1644801345,CLAP/ADA_0.3,5.2999999999997494e-05,-4333.429999999702,150.0,899.0
0.0,6805296166005.0,155695.31,16801.2,1644801345,CHRLZ/ADA_0.3,0.0,-150000008.0,3.4400000000023283,899.0
2.155568,67739.9,146018.01,0.0,1644801345,DANA/ADA_0.05,0.0,0.0,0.0,899.0
0.812849,172565.49,140269.73,3301.65,1644801345,WMT/ADA_0.05,0.0,0.0,0.0,899.0
3.4e-05,3165483206.06,107934.09,5153.19,1644801345,ASHIB/ADA_1.0,0.0,0.0,0.0,899.0
0.038356,2521389.0,96712.81,36003.25,1644801345,FIRE/ADA_0.3,0.0,0.0,0.0,899.0
0.0,99139833638193.0,95628.99,12220.02,1644801345,BISON/ADA_0.3,0.0,-1033613788.0,1.0,899.0
0.0,932503902992.0,77182.09,51775.12,1644801345,HOSKY/ADA_0.3,0.0,0.0,0.0,899.0
0.362802,182181.85,66095.97,99777.39,1644801345,MIN/ADA_0.3,0.019047000000000036,-4935.850000000006,1773.3300000000017,899.0
0.006135,9274577.0,56903.08,0.0,1644801345,FLICK/ADA_0.3,0.0,0.0,0.0,899.0
0.092001,505881.0,46542.02,40775.95,1644801345,cNETA/ADA_0.3,-0.00038299999999999446,1050.0,-96.51000000000204,899.0
0.012537,3454118.0,43306.51,1848.21,1644801345,CNFT/ADA_0.3,0.0,0.0,0.0,899.0
0.120907,355752.81,43013.23,0.0,1644801345,MELD/ADA_1.0,0.0,0.0,0.0,899.0
0.114345,301514.52,34476.87,8301.72,1644801345,REVU/ADA_0.3,0.0,0.0,0.0,899.0
44.605632,689.0,30733.28,0.0,1644801345,unsi…en/ADA_1.0,0.0,0.0,0.0,899.0
0.005863,5034010.0,29517.3,0.0,1644801345,BDOGE/ADA_1.0,0.0,0.0,0.0,899.0
0.000835,33812263.52,28247.18,113.94,1644801345,MONET/ADA_0.3,0.0,0.0,0.0,899.0
0.003207,8549257.16,27418.68,11904.39,1644801345,DRIP/ADA_1.0,0.000366,-497596.7599999998,1711.260000000002,899.0
0.013753,1855541.0,25519.96,0.0,1644801345,QUID/ADA_0.3,0.0,0.0,0.0,899.0
0.152872,157822.0,24126.68,2276.35,1644801345,SKULL/ADA_1.0,0.0,0.0,0.0,899.0
0.123004,174759.48,21496.17,0.0,1644801345,MINt/ADA_0.05,0.0,0.0,0.0,899.0
0.000746,27961090.0,20864.14,0.0,1644801345,RAG/ADA_1.0,0.0,0.0,0.0,899.0
27.041742,727.0,19659.34,2766.98,1644801345,XDIA…ND/ADA_1.0,0.0,0.0,0.0,899.0
0.31747,59030.48,18740.43,0.0,1644801345,MIN/ADA_0.05,0.0,0.0,0.0,899.0
0.016292,1139491.0,18565.31,0.0,1644801345,GOKEY/ADA_0.3,0.0,0.0,0.0,899.0
0.46495,38906.0,18089.37,2719.7,1644801345,CDX/ADA_1.0,0.0,0.0,0.0,899.0
0.038193,436987.0,16689.84,815.2,1644801345,cMETA/ADA_0.3,0.0,0.0,0.0,899.0
0.00536,2958255.0,15856.42,0.0,1644801345,RAVE/ADA_1.0,0.0,0.0,0.0,899.0
2.188129,6764.14,14800.82,0.0,1644801345,DANA/ADA_0.3,0.0,0.0,0.0,899.0
0.0,14555543789.0,13891.25,5216.62,1644801345,MEOW/ADA_0.3,0.0,0.0,0.0,899.0
0.296635,42584.41,12632.03,1111.3,1644801345,CARGO/ADA_0.3,0.0,0.0,0.0,899.0
4.7e-05,247990807.0,11841.3,3616.39,1644801345,SHIBA/ADA_1.0,-2.000000000000001e-06,4667180.0,-224.84000000000015,899.0
0.0,146144839942.0,11542.53,0.0,1644801345,HOSKY/ADA_0.05,0.0,0.0,0.0,899.0
0.768512,14390.42,11059.22,0.0,1644801345,WMT/ADA_1.0,0.0,0.0,0.0,899.0
0.110175,97370.0,10727.76,0.0,1644801345,Card…rm/ADA_0.3,0.0,0.0,0.0,899.0
0.046785,201338.03,9419.63,0.0,1644801345,cbTHC/ADA_0.3,0.0,0.0,0.0,899.0
0.003002,2984593.94,8960.54,450.35,1644801345,DRIP/ADA_0.3,0.0,0.0,0.0,899.0
0.001167,7422752.0,8665.39,0.0,1644801345,FLANO/ADA_1.0,0.0,0.0,0.0,899.0
0.000175,45322626.0,7958.18,626.44,1644801345,FIRE/ADA_1.0,0.0,0.0,0.0,899.0
0.674938,23060314.33,15564287.42,1904213.53,1644802247,SUNDAE/ADA_0.3,0.001060000000000061,8842.89999999851,30405.179999999702,902.0
92.047613,144979.04,13344975.37,852599.61,1644802247,LQ/ADA_0.3,0.0018189999999975726,-0.22000000000116415,243.39999999850988,902.0
0.808062,12462537.33,10070506.87,873545.05,1644802247,WMT/ADA_0.3,0.00012799999999990597,2308.6699999999255,3462.7999999988824,902.0
0.124712,10185502.12,1270260.88,636401.63,1644802247,MELD/ADA_0.3,0.001471,-40084.169999999925,10045.029999999795,902.0
0.096471,12252634.0,1182024.65,239422.62,1644802247,PAVIA/ADA_0.3,1.000000000001e-06,-20.0,2.0,902.0
0.16888,6355674.0,1073351.65,42625.78,1644802247,XRAY/ADA_0.3,0.0,0.0,0.0,902.0
0.299364,2675785.0,801034.88,165161.5,1644802247,ADAX/ADA_0.3,-8.999999999981245e-06,42.0,-12.229999999981374,902.0
1.942486,386147.66,750086.73,50125.57,1644802247,AADA/ADA_0.3,0.0020419999999998772,-202.85000000003492,395.0,902.0
1.649923,340945.13,562533.41,108019.6,1644802247,VYFI/ADA_0.3,0.000220000000000109,-22.70000000001164,37.550000000046566,902.0
6.285319,51043.0,320821.56,128033.65,1644802247,MILK/ADA_0.3,-0.2559779999999998,1860.0,-899.0499999999884,902.0
0.122562,1644515.98,201556.74,47760.1,1644802247,MINt/ADA_0.3,0.0,0.0,0.0,902.0
0.034522,5614542.12,193828.05,15576.05,1644802247,CLAP/ADA_0.3,-1.5000000000001124e-05,1223.1299999998882,-42.0,902.0
0.0,6805296166005.0,155695.31,16801.2,1644802247,CHRLZ/ADA_0.3,0.0,0.0,0.0,902.0
2.168357,67539.89,146450.62,30272.98,1644802247,DANA/ADA_0.05,0.012788999999999717,-200.00999999999476,432.60999999998603,902.0
0.812849,172438.29,140166.33,3301.65,1644802247,WMT/ADA_0.05,0.0,-127.19999999998254,-103.40000000002328,902.0
3.4e-05,3165483206.06,107934.09,5153.19,1644802247,ASHIB/ADA_1.0,0.0,0.0,0.0,902.0
0.0,99139833638193.0,95628.99,12220.02,1644802247,BISON/ADA_0.3,0.0,0.0,0.0,902.0
0.037255,2558481.0,95316.98,38108.14,1644802247,FIRE/ADA_0.3,-0.0011009999999999978,37092.0,-1395.8300000000017,902.0
0.0,932503902992.0,77182.09,51775.12,1644802247,HOSKY/ADA_0.3,0.0,0.0,0.0,902.0
0.362802,182181.85,66095.97,99777.39,1644802247,MIN/ADA_0.3,0.0,0.0,0.0,902.0
0.006135,9274577.0,56903.08,0.0,1644802247,FLICK/ADA_0.3,0.0,0.0,0.0,902.0
0.104372,475000.0,49577.02,43784.95,1644802247,cNETA/ADA_0.3,0.012371000000000007,-30881.0,3035.0,902.0
0.012537,3454118.0,43306.51,1848.21,1644802247,CNFT/ADA_0.3,0.0,0.0,0.0,902.0
0.120907,355752.81,43013.23,0.0,1644802247,MELD/ADA_1.0,0.0,0.0,0.0,902.0
0.114345,301514.52,34476.87,8301.72,1644802247,REVU/ADA_0.3,0.0,0.0,0.0,902.0
44.605632,689.0,30733.28,0.0,1644802247,unsi…en/ADA_1.0,0.0,0.0,0.0,902.0
0.005863,5034010.0,29517.3,0.0,1644802247,BDOGE/ADA_1.0,0.0,0.0,0.0,902.0
0.000835,33812263.52,28247.18,113.94,1644802247,MONET/ADA_0.3,0.0,0.0,0.0,902.0
0.003202,8555171.42,27400.11,11943.06,1644802247,DRIP/ADA_1.0,-5.00000000000023e-06,5914.2599999997765,-18.56999999999971,902.0
0.013753,1855541.0,25519.96,0.0,1644802247,QUID/ADA_0.3,0.0,0.0,0.0,902.0
0.152872,157822.0,24126.68,2276.35,1644802247,SKULL/ADA_1.0,0.0,0.0,0.0,902.0
0.123004,174759.48,21496.17,0.0,1644802247,MINt/ADA_0.05,0.0,0.0,0.0,902.0
0.000746,27961090.0,20864.14,0.0,1644802247,RAG/ADA_1.0,0.0,0.0,0.0,902.0
27.041742,727.0,19659.34,2766.98,1644802247,XDIA…ND/ADA_1.0,0.0,0.0,0.0,902.0
0.31747,59030.48,18740.43,0.0,1644802247,MIN/ADA_0.05,0.0,0.0,0.0,902.0
0.016292,1139491.0,18565.31,0.0,1644802247,GOKEY/ADA_0.3,0.0,0.0,0.0,902.0
0.46495,38906.0,18089.37,2719.7,1644802247,CDX/ADA_1.0,0.0,0.0,0.0,902.0
0.038193,436987.0,16689.84,815.2,1644802247,cMETA/ADA_0.3,0.0,0.0,0.0,902.0
0.00536,2958255.0,15856.42,0.0,1644802247,RAVE/ADA_1.0,0.0,0.0,0.0,902.0
2.188129,6764.14,14800.82,0.0,1644802247,DANA/ADA_0.3,0.0,0.0,0.0,902.0
0.0,14555543789.0,13891.25,5216.62,1644802247,MEOW/ADA_0.3,0.0,0.0,0.0,902.0
0.296635,42584.41,12632.03,1111.3,1644802247,CARGO/ADA_0.3,0.0,0.0,0.0,902.0
4.7e-05,247990807.0,11841.3,3616.39,1644802247,SHIBA/ADA_1.0,0.0,0.0,0.0,902.0
0.0,146144839942.0,11542.53,0.0,1644802247,HOSKY/ADA_0.05,0.0,0.0,0.0,902.0
0.768512,14390.42,11059.22,0.0,1644802247,WMT/ADA_1.0,0.0,0.0,0.0,902.0
0.110175,97370.0,10727.76,0.0,1644802247,Card…rm/ADA_0.3,0.0,0.0,0.0,902.0
0.046785,201338.03,9419.63,0.0,1644802247,cbTHC/ADA_0.3,0.0,0.0,0.0,902.0
0.003002,2984593.94,8960.54,450.35,1644802247,DRIP/ADA_0.3,0.0,0.0,0.0,902.0
0.001167,7422752.0,8665.39,0.0,1644802247,FLANO/ADA_1.0,0.0,0.0,0.0,902.0
0.000175,45322626.0,7958.18,626.44,1644802247,FIRE/ADA_1.0,0.0,0.0,0.0,902.0
0.675111,23075078.35,15578247.25,1905617.19,1644803148,SUNDAE/ADA_0.3,0.00017299999999997873,14764.020000003278,13959.830000000075,900.0
92.119782,144925.57,13350512.53,857900.07,1644803148,LQ/ADA_0.3,0.07216900000000237,-53.470000000001164,5537.160000000149,900.0
0.809999,12450192.23,10084645.54,885713.85,1644803148,WMT/ADA_0.3,0.0019370000000000775,-12345.099999999627,14138.669999999925,900.0
0.127062,10091099.56,1282199.09,654733.97,1644803148,MELD/ADA_0.3,0.002350000000000005,-94402.55999999866,11938.210000000196,900.0
0.096634,12268669.0,1185571.55,240427.63,1644803148,PAVIA/ADA_0.3,0.00016299999999999648,16035.0,3546.9000000001397,900.0
0.16888,6355674.0,1073351.65,42625.78,1644803148,XRAY/ADA_0.3,0.0,0.0,0.0,900.0
0.298611,2679313.0,800072.83,166168.45,1644803148,ADAX/ADA_0.3,-0.0007530000000000037,3528.0,-962.0500000000466,900.0
1.942512,386145.1,750091.73,50130.59,1644803148,AADA/ADA_0.3,2.6000000000081513e-05,-2.5599999999976717,5.0,900.0
1.649923,340945.13,562533.41,108019.6,1644803148,VYFI/ADA_0.3,0.0,0.0,0.0,900.0
6.347794,50792.0,322417.15,129634.03,1644803148,MILK/ADA_0.3,0.06247500000000006,-251.0,1595.5900000000256,900.0
0.129148,1602115.79,206910.92,54423.92,1644803148,MINt/ADA_0.3,0.0065860000000000085,-42400.189999999944,5354.180000000022,900.0
0.034522,5614542.12,193828.05,15576.05,1644803148,CLAP/ADA_0.3,0.0,0.0,0.0,900.0
0.0,6805296166005.0,155695.31,16801.2,1644803148,CHRLZ/ADA_0.3,0.0,0.0,0.0,900.0
2.168999,67529.89,146472.31,30294.69,1644803148,DANA/ADA_0.05,0.0006420000000000314,-10.0,21.69000000000233,900.0
0.812849,172438.29,140166.33,3301.65,1644803148,WMT/ADA_0.05,0.0,0.0,0.0,900.0
3.3e-05,3173483206.06,107664.71,5422.57,1644803148,ASHIB/ADA_1.0,-9.999999999999972e-07,8000000.0,-269.3799999999901,900.0
0.0,99137766475338.0,95630.99,12222.03,1644803148,BISON/ADA_0.3,0.0,-2067162855.0,2.0,900.0
0.037171,2561381.0,95211.21,38814.81,1644803148,FIRE/ADA_0.3,-8.400000000000074e-05,2900.0,-105.76999999998952,900.0
0.0,930899867277.0,77315.49,51908.91,1644803148,HOSKY/ADA_0.3,0.0,-1604035715.0,133.40000000000873,900.0
0.347927,186067.76,64738.04,107484.83,1644803148,MIN/ADA_0.3,-0.014875000000000027,3885.9100000000035,-1357.9300000000003,900.0
0.006135,9274577.0,56903.08,0.0,1644803148,FLICK/ADA_0.3,0.0,0.0,0.0,900.0
0.102,480499.0,49011.32,44350.64,1644803148,cNETA/ADA_0.3,-0.002372000000000013,5499.0,-565.6999999999971,900.0
0.012537,3454118.0,43306.51,1848.21,1644803148,CNFT/ADA_0.3,0.0,0.0,0.0,900.0
0.120907,355752.81,43013.23,0.0,1644803148,MELD/ADA_1.0,0.0,0.0,0.0,900.0
0.114345,301514.52,34476.87,8301.72,1644803148,REVU/ADA_0.3,0.0,0.0,0.0,900.0
44.7383,688.0,30779.95,16399.72,1644803148,unsi…en/ADA_1.0,0.13266800000000245,-1.0,46.67000000000189,900.0
0.005863,5034010.0,29517.3,0.0,1644803148,BDOGE/ADA_1.0,0.0,0.0,0.0,900.0
0.000835,33812263.52,28247.18,113.94,1644803148,MONET/ADA_0.3,0.0,0.0,0.0,900.0
0.003196,8563171.42,27374.77,11968.4,1644803148,DRIP/ADA_1.0,-5.999999999999929e-06,8000.0,-25.340000000000146,900.0
0.013753,1855541.0,25519.96,0.0,1644803148,QUID/ADA_0.3,0.0,0.0,0.0,900.0
0.152872,157822.0,24126.68,2276.35,1644803148,SKULL/ADA_1.0,0.0,0.0,0.0,900.0
0.123004,174759.48,21496.17,0.0,1644803148,MINt/ADA_0.05,0.0,0.0,0.0,900.0
0.000746,27961090.0,20864.14,0.0,1644803148,RAG/ADA_1.0,0.0,0.0,0.0,900.0
27.041742,727.0,19659.34,2766.98,1644803148,XDIA…ND/ADA_1.0,0.0,0.0,0.0,900.0
0.31747,59030.48,18740.43,0.0,1644803148,MIN/ADA_0.05,0.0,0.0,0.0,900.0
0.016292,1139491.0,18565.31,0.0,1644803148,GOKEY/ADA_0.3,0.0,0.0,0.0,900.0
0.46495,38906.0,18089.37,2719.7,1644803148,CDX/ADA_1.0,0.0,0.0,0.0,900.0
0.038193,436987.0,16689.84,815.2,1644803148,cMETA/ADA_0.3,0.0,0.0,0.0,900.0
0.00536,2958255.0,15856.42,0.0,1644803148,RAVE/ADA_1.0,0.0,0.0,0.0,900.0
2.188129,6764.14,14800.82,0.0,1644803148,DANA/ADA_0.3,0.0,0.0,0.0,900.0
0.0,14550322278.0,13896.25,5221.64,1644803148,MEOW/ADA_0.3,0.0,-5221511.0,5.0,900.0
0.296635,42584.41,12632.03,1111.3,1644803148,CARGO/ADA_0.3,0.0,0.0,0.0,900.0
4.7e-05,247990807.0,11841.3,3616.39,1644803148,SHIBA/ADA_1.0,0.0,0.0,0.0,900.0
0.0,146144839942.0,11542.53,0.0,1644803148,HOSKY/ADA_0.05,0.0,0.0,0.0,900.0
0.768512,14390.42,11059.22,0.0,1644803148,WMT/ADA_1.0,0.0,0.0,0.0,900.0
0.110175,97370.0,10727.76,0.0,1644803148,Card…rm/ADA_0.3,0.0,0.0,0.0,900.0
0.046785,201338.03,9419.63,0.0,1644803148,cbTHC/ADA_0.3,0.0,0.0,0.0,900.0
0.003002,2984593.94,8960.54,450.35,1644803148,DRIP/ADA_0.3,0.0,0.0,0.0,900.0
0.001167,7422752.0,8665.39,0.0,1644803148,FLANO/ADA_1.0,0.0,0.0,0.0,900.0
0.000175,45322626.0,7958.18,626.44,1644803148,FIRE/ADA_1.0,0.0,0.0,0.0,900.0
0.672159,23647416.36,15894825.45,2042386.17,1644811245,SUNDAE/ADA_0.3,-0.0029520000000000657,572338.0099999979,316578.19999999925,8097.0
91.954071,145193.38,13351122.7,862942.08,1644811245,LQ/ADA_0.3,-0.16571100000000172,267.8099999999977,610.1699999999255,8097.0
0.80906,12480747.72,10097675.09,796837.78,1644811245,WMT/ADA_0.3,-0.0009390000000000231,30555.490000000224,13029.550000000745,8097.0
0.127419,10102760.26,1287286.2,650471.75,1644811245,MELD/ADA_0.3,0.0003569999999999962,11660.699999999255,5087.10999999987,8097.0
0.096929,12250843.0,1187469.1,243929.46,1644811245,PAVIA/ADA_0.3,0.0002950000000000036,-17826.0,1897.5500000000466,8097.0
0.169263,6348520.0,1074574.63,43772.16,1644811245,XRAY/ADA_0.3,0.00038299999999999446,-7154.0,1222.9799999999814,8097.0
0.29018,2717927.0,788690.34,175862.31,1644811245,ADAX/ADA_0.3,-0.008431000000000022,38614.0,-11382.48999999999,8097.0
1.895792,391078.49,741403.85,55938.19,1644811245,AADA/ADA_0.3,-0.046720000000000095,4933.390000000014,-8687.880000000005,8097.0
1.663456,339559.26,564842.05,97482.31,1644811245,VYFI/ADA_0.3,0.013533000000000017,-1385.8699999999953,2308.640000000014,8097.0
6.379692,50918.0,324841.18,109952.2,1644811245,MILK/ADA_0.3,0.03189799999999998,126.0,2424.0299999999697,8097.0
0.130851,1592831.7,208424.69,49078.3,1644811245,MINt/ADA_0.3,0.0017029999999999823,-9284.090000000084,1513.7699999999895,8097.0
0.034527,5614108.95,193843.05,15573.18,1644811245,CLAP/ADA_0.3,5.0000000000050004e-06,-433.1699999999255,15.0,8097.0
0.0,6809637748895.0,155596.58,16927.02,1644811245,CHRLZ/ADA_0.3,0.0,4341582890.0,-98.73000000001048,8097.0
2.182757,67316.78,146936.25,19733.38,1644811245,DANA/ADA_0.05,0.013758000000000159,-213.11000000000058,463.9400000000023,8097.0
0.812849,172403.24,140137.85,3301.65,1644811245,WMT/ADA_0.05,0.0,-35.05000000001746,-28.479999999981374,8097.0
3.3e-05,3172332084.42,107705.25,4518.82,1644811245,ASHIB/ADA_1.0,0.0,-1151121.6399998665,40.5399999999936,8097.0
0.0,98842801954061.0,95917.28,3056.54,1644811245,BISON/ADA_0.3,0.0,-294964521277.0,286.2899999999936,8097.0
0.037171,2548111.0,94717.9,37620.0,1644811245,FIRE/ADA_0.3,0.0,-13270.0,-493.3100000000122,8097.0
0.0,931272096045.0,77286.23,43023.47,1644811245,HOSKY/ADA_0.3,0.0,372228768.0,-29.260000000009313,8097.0
0.292953,206676.46,60546.49,128112.12,1644811245,MIN/ADA_0.3,-0.05497399999999997,20608.699999999983,-4191.550000000003,8097.0
0.006005,9374216.0,56300.05,11083.38,1644811245,FLICK/ADA_0.3,-0.0001299999999999999,99639.0,-603.0299999999988,8097.0
0.094428,499475.0,47164.68,42760.71,1644811245,cNETA/ADA_0.3,-0.007571999999999995,18976.0,-1846.6399999999994,8097.0
0.120907,354491.41,42860.72,1303.72,1644811245,MELD/ADA_1.0,0.0,-1261.4000000000233,-152.51000000000204,8097.0
0.01181,3554118.0,41975.61,2985.12,1644811245,CNFT/ADA_0.3,-0.0007270000000000002,100000.0,-1330.9000000000015,8097.0
0.114345,301897.4,34520.65,5412.76,1644811245,REVU/ADA_0.3,0.0,382.88000000000466,43.779999999998836,8097.0
44.869986,687.0,30825.68,11583.19,1644811245,unsi…en/ADA_1.0,0.13168599999999486,-1.0,45.72999999999956,8097.0
0.005662,5179436.0,29328.86,2433.41,1644811245,BDOGE/ADA_1.0,-0.0002009999999999998,145426.0,-188.4399999999987,8097.0
0.000835,33812263.52,28247.18,113.94,1644811245,MONET/ADA_0.3,0.0,0.0,0.0,8097.0
0.003,9364895.3,28097.26,11529.52,1644811245,DRIP/ADA_1.0,-0.000196,801723.8800000008,722.489999999998,8097.0
0.013861,1848330.0,25619.83,1451.1,1644811245,QUID/ADA_0.3,0.00010800000000000046,-7211.0,99.87000000000262,8097.0
0.151418,158584.0,24012.62,1815.36,1644811245,SKULL/ADA_1.0,-0.0014540000000000108,762.0,-114.06000000000131,8097.0
0.123004,174759.48,21496.17,0.0,1644811245,MINt/ADA_0.05,0.0,0.0,0.0,8097.0
0.000746,27961090.0,20864.14,0.0,1644811245,RAG/ADA_1.0,0.0,0.0,0.0,8097.0
27.041742,727.0,19659.34,2027.43,1644811245,XDIA…ND/ADA_1.0,0.0,0.0,0.0,8097.0
0.016292,1137899.0,18539.36,72.89,1644811245,GOKEY/ADA_0.3,0.0,-1592.0,-25.950000000000728,8097.0
0.309265,59853.88,18510.72,4344.01,1644811245,MIN/ADA_0.05,-0.008204999999999962,823.3999999999942,-229.70999999999913,8097.0
0.46495,38906.0,18089.37,2719.7,1644811245,CDX/ADA_1.0,0.0,0.0,0.0,8097.0
0.038193,436987.0,16689.84,815.2,1644811245,cMETA/ADA_0.3,0.0,0.0,0.0,8097.0
0.00536,2958255.0,15856.42,0.0,1644811245,RAVE/ADA_1.0,0.0,0.0,0.0,8097.0
1e-06,13352877486.0,15146.25,5683.02,1644811245,MEOW/ADA_0.3,1e-06,-1197444792.0,1250.0,8097.0
2.188129,6764.14,14800.82,0.0,1644811245,DANA/ADA_0.3,0.0,0.0,0.0,8097.0
0.296635,42584.41,12632.03,1076.07,1644811245,CARGO/ADA_0.3,0.0,0.0,0.0,8097.0
5.1e-05,239882956.0,12247.5,3745.57,1644811245,SHIBA/ADA_1.0,4.000000000000002e-06,-8107851.0,406.2000000000007,8097.0
0.0,146153839942.0,11543.25,1731.25,1644811245,HOSKY/ADA_0.05,0.0,9000000.0,0.7199999999993452,8097.0
0.768512,14390.42,11059.22,0.0,1644811245,WMT/ADA_1.0,0.0,0.0,0.0,8097.0
0.110175,97370.0,10727.76,0.0,1644811245,Card…rm/ADA_0.3,0.0,0.0,0.0,8097.0
0.046783,201341.03,9419.49,832.28,1644811245,cbTHC/ADA_0.3,-2.000000000002e-06,3.0,-0.13999999999941792,8097.0
0.003002,3000593.94,9008.58,450.35,1644811245,DRIP/ADA_0.3,0.0,16000.0,48.039999999999054,8097.0
0.001167,7422752.0,8665.39,0.0,1644811245,FLANO/ADA_1.0,0.0,0.0,0.0,8097.0
0.000184,43638162.0,8061.54,834.58,1644811245,FIRE/ADA_1.0,9.000000000000002e-06,-1684464.0,103.35999999999967,8097.0
0.672605,23655455.95,15910799.67,1841824.02,1644812145,SUNDAE/ADA_0.3,0.00044600000000005746,8039.589999999851,15974.22000000067,899.0
91.985708,145168.54,13353431.9,857411.67,1644812145,LQ/ADA_0.3,0.03163700000000347,-24.839999999996508,2309.2000000011176,899.0
0.809122,12480390.75,10098165.09,773081.52,1644812145,WMT/ADA_0.3,6.20000000000065e-05,-356.97000000067055,490.0,899.0
0.126215,10150965.6,1281209.12,661516.81,1644812145,MELD/ADA_0.3,-0.0012040000000000106,48205.33999999985,-6077.079999999842,899.0
0.096771,12260843.0,1186503.5,242576.66,1644812145,PAVIA/ADA_0.3,-0.00015800000000000536,10000.0,-965.6000000000931,899.0
0.169263,6348520.0,1074574.63,43510.06,1644812145,XRAY/ADA_0.3,0.0,0.0,0.0,899.0
0.289751,2719943.0,788107.52,176134.02,1644812145,ADAX/ADA_0.3,-0.0004290000000000127,2016.0,-582.8199999999488,899.0
1.895792,391078.49,741403.85,55827.93,1644812145,AADA/ADA_0.3,0.0,0.0,0.0,899.0
1.714499,334474.03,573455.56,103840.5,1644812145,VYFI/ADA_0.3,0.05104299999999995,-5085.229999999981,8613.51000000001,899.0
6.379692,50918.0,324841.18,105559.1,1644812145,MILK/ADA_0.3,0.0,0.0,0.0,899.0
0.130851,1592831.7,208424.69,49078.3,1644812145,MINt/ADA_0.3,0.0,0.0,0.0,899.0
0.034527,5614108.95,193843.05,15573.18,1644812145,CLAP/ADA_0.3,0.0,0.0,0.0,899.0
0.0,6809637748895.0,155596.58,16927.02,1644812145,CHRLZ/ADA_0.3,0.0,0.0,0.0,899.0
2.17078,67502.28,146532.66,20136.97,1644812145,DANA/ADA_0.05,-0.011976999999999904,185.5,-403.5899999999965,899.0
0.812849,172403.24,140137.85,3301.65,1644812145,WMT/ADA_0.05,0.0,0.0,0.0,899.0
3.3e-05,3172332084.42,107705.25,4518.82,1644812145,ASHIB/ADA_1.0,0.0,0.0,0.0,899.0
0.0,98842801954061.0,95917.28,3056.54,1644812145,BISON/ADA_0.3,0.0,0.0,0.0,899.0
0.037171,2548111.0,94717.9,37620.0,1644812145,FIRE/ADA_0.3,0.0,0.0,0.0,899.0
0.0,931272096045.0,77286.23,43023.47,1644812145,HOSKY/ADA_0.3,0.0,0.0,0.0,899.0
0.294862,206007.25,60743.77,128309.98,1644812145,MIN/ADA_0.3,0.001908999999999994,-669.2099999999919,197.27999999999884,899.0
0.006005,9374216.0,56300.05,11083.38,1644812145,FLICK/ADA_0.3,0.0,0.0,0.0,899.0
0.094428,499475.0,47164.68,42760.71,1644812145,cNETA/ADA_0.3,0.0,0.0,0.0,899.0
0.120907,354491.41,42860.72,1303.72,1644812145,MELD/ADA_1.0,0.0,0.0,0.0,899.0
0.01181,3554118.0,41975.61,2985.12,1644812145,CNFT/ADA_0.3,0.0,0.0,0.0,899.0
0.114345,301897.4,34520.65,5412.76,1644812145,REVU/ADA_0.3,0.0,0.0,0.0,899.0
44.869986,687.0,30825.68,11583.19,1644812145,unsi…en/ADA_1.0,0.0,0.0,0.0,899.0
0.0054,5304436.0,28644.47,3117.8,1644812145,BDOGE/ADA_1.0,-0.0002620000000000001,125000.0,-684.3899999999994,899.0
0.000835,33812263.52,28247.18,113.94,1644812145,MONET/ADA_0.3,0.0,0.0,0.0,899.0
0.003002,9361596.76,28107.26,11539.62,1644812145,DRIP/ADA_1.0,1.9999999999998318e-06,-3298.5400000009686,10.0,899.0
0.013861,1848330.0,25619.83,1451.1,1644812145,QUID/ADA_0.3,0.0,0.0,0.0,899.0
0.151418,158584.0,24012.62,1815.36,1644812145,SKULL/ADA_1.0,0.0,0.0,0.0,899.0
0.123004,174759.48,21496.17,0.0,1644812145,MINt/ADA_0.05,0.0,0.0,0.0,899.0
0.000746,27961090.0,20864.14,0.0,1644812145,RAG/ADA_1.0,0.0,0.0,0.0,899.0
27.041742,727.0,19659.34,2027.43,1644812145,XDIA…ND/ADA_1.0,0.0,0.0,0.0,899.0
0.016292,1137899.0,18539.36,72.89,1644812145,GOKEY/ADA_0.3,0.0,0.0,0.0,899.0
0.309265,59853.88,18510.72,4344.01,1644812145,MIN/ADA_0.05,0.0,0.0,0.0,899.0
0.46495,38906.0,18089.37,2719.7,1644812145,CDX/ADA_1.0,0.0,0.0,0.0,899.0
0.038193,436987.0,16689.84,815.2,1644812145,cMETA/ADA_0.3,0.0,0.0,0.0,899.0
0.00536,2958255.0,15856.42,0.0,1644812145,RAVE/ADA_1.0,0.0,0.0,0.0,899.0
1e-06,13324992974.0,15178.18,5761.25,1644812145,MEOW/ADA_0.3,0.0,-27884512.0,31.93000000000029,899.0
2.188129,6764.14,14800.82,0.0,1644812145,DANA/ADA_0.3,0.0,0.0,0.0,899.0
0.293867,42784.77,12573.06,1135.04,1644812145,CARGO/ADA_0.3,-0.0027679999999999927,200.3599999999933,-58.970000000001164,899.0
5.1e-05,239882956.0,12247.5,3745.57,1644812145,SHIBA/ADA_1.0,0.0,0.0,0.0,899.0
0.0,146153839942.0,11543.25,1731.25,1644812145,HOSKY/ADA_0.05,0.0,0.0,0.0,899.0
0.768512,14390.42,11059.22,0.0,1644812145,WMT/ADA_1.0,0.0,0.0,0.0,899.0
0.110175,97370.0,10727.76,0.0,1644812145,Card…rm/ADA_0.3,0.0,0.0,0.0,899.0
0.046783,201341.03,9419.49,832.28,1644812145,cbTHC/ADA_0.3,0.0,0.0,0.0,899.0
0.003002,3000593.94,9008.58,450.35,1644812145,DRIP/ADA_0.3,0.0,0.0,0.0,899.0
0.001167,7422752.0,8665.39,0.0,1644812145,FLANO/ADA_1.0,0.0,0.0,0.0,899.0
0.000184,43638162.0,8061.54,834.58,1644812145,FIRE/ADA_1.0,0.0,0.0,0.0,899.0
0.673923,23687742.17,15963718.16,1856887.29,1644813044,SUNDAE/ADA_0.3,0.0013180000000000414,32286.220000002533,52918.49000000022,899.0
91.997557,145164.63,13354791.63,858275.58,1644813044,LQ/ADA_0.3,0.011848999999998,-3.9100000000034925,1359.730000000447,899.0
0.809226,12481959.27,10100732.26,773633.17,1644813044,WMT/ADA_0.3,0.00010399999999999299,1568.519999999553,2567.1699999999255,899.0
0.126298,10149649.47,1281888.08,663157.46,1644813044,MELD/ADA_0.3,8.299999999999974e-05,-1316.129999998957,678.9599999999627,899.0
0.096975,12247980.0,1187753.5,242977.86,1644813044,PAVIA/ADA_0.3,0.00020400000000000973,-12863.0,1250.0,899.0
0.169263,6348520.0,1074574.63,43510.06,1644813044,XRAY/ADA_0.3,0.0,0.0,0.0,899.0
0.289766,2719875.0,788127.52,176154.08,1644813044,ADAX/ADA_0.3,1.5000000000042757e-05,-68.0,20.0,899.0
1.895792,391078.49,741403.85,55827.93,1644813044,AADA/ADA_0.3,0.0,0.0,0.0,899.0
1.70927,334985.99,572581.75,104714.31,1644813044,VYFI/ADA_0.3,-0.005228999999999928,511.95999999996275,-873.8100000000559,899.0
6.379692,50918.0,324841.18,105559.1,1644813044,MILK/ADA_0.3,0.0,0.0,0.0,899.0
0.130851,1592831.7,208424.69,49078.3,1644813044,MINt/ADA_0.3,0.0,0.0,0.0,899.0
0.034527,5614108.95,193843.05,15573.18,1644813044,CLAP/ADA_0.3,0.0,0.0,0.0,899.0
0.0,6809637748895.0,155596.58,16927.02,1644813044,CHRLZ/ADA_0.3,0.0,0.0,0.0,899.0
2.17078,67502.28,146532.66,20136.97,1644813044,DANA/ADA_0.05,0.0,0.0,0.0,899.0
0.812849,172403.24,140137.85,3301.65,1644813044,WMT/ADA_0.05,0.0,0.0,0.0,899.0
3.3e-05,3172332084.42,107705.25,4518.82,1644813044,ASHIB/ADA_1.0,0.0,0.0,0.0,899.0
0.0,98842801954061.0,95917.28,3056.54,1644813044,BISON/ADA_0.3,0.0,0.0,0.0,899.0
0.037171,2548111.0,94717.9,37620.0,1644813044,FIRE/ADA_0.3,0.0,0.0,0.0,899.0
0.0,931276097445.0,77286.56,43023.47,1644813044,HOSKY/ADA_0.3,0.0,4001400.0,0.33000000000174623,899.0
0.295832,205669.68,60843.77,128410.28,1644813044,MIN/ADA_0.3,0.0009699999999999709,-337.570000000007,100.0,899.0
0.006005,9374216.0,56300.05,11083.38,1644813044,FLICK/ADA_0.3,0.0,0.0,0.0,899.0
0.094468,499370.0,47174.68,42770.74,1644813044,cNETA/ADA_0.3,3.999999999999837e-05,-105.0,10.0,899.0
0.120907,354491.41,42860.72,1303.72,1644813044,MELD/ADA_1.0,0.0,0.0,0.0,899.0
0.01181,3554118.0,41975.61,2985.12,1644813044,CNFT/ADA_0.3,0.0,0.0,0.0,899.0
0.114345,301897.4,34520.65,5412.76,1644813044,REVU/ADA_0.3,0.0,0.0,0.0,899.0
44.869986,687.0,30825.68,11583.19,1644813044,unsi…en/ADA_1.0,0.0,0.0,0.0,899.0
0.005279,5587698.0,29498.79,3438.56,1644813044,BDOGE/ADA_1.0,-0.00012100000000000045,283262.0,854.3199999999997,899.0
0.000835,33812263.52,28247.18,113.94,1644813044,MONET/ADA_0.3,0.0,0.0,0.0,899.0
0.003002,9361596.76,28107.26,11539.62,1644813044,DRIP/ADA_1.0,0.0,0.0,0.0,899.0
0.013861,1848330.0,25619.83,1451.1,1644813044,QUID/ADA_0.3,0.0,0.0,0.0,899.0
0.151418,158584.0,24012.62,1815.36,1644813044,SKULL/ADA_1.0,0.0,0.0,0.0,899.0
0.123004,174269.07,21435.85,889.99,1644813044,MINt/ADA_0.05,0.0,-490.4100000000035,-60.31999999999971,899.0
0.000746,27961090.0,20864.14,0.0,1644813044,RAG/ADA_1.0,0.0,0.0,0.0,899.0
27.041742,727.0,19659.34,2027.43,1644813044,XDIA…ND/ADA_1.0,0.0,0.0,0.0,899.0
0.016292,1137899.0,18539.36,72.89,1644813044,GOKEY/ADA_0.3,0.0,0.0,0.0,899.0
0.309265,59853.88,18510.72,4344.01,1644813044,MIN/ADA_0.05,0.0,0.0,0.0,899.0
0.46495,38906.0,18089.37,2719.7,1644813044,CDX/ADA_1.0,0.0,0.0,0.0,899.0
0.038193,436987.0,16689.84,815.2,1644813044,cMETA/ADA_0.3,0.0,0.0,0.0,899.0
0.00536,2958255.0,15856.42,0.0,1644813044,RAVE/ADA_1.0,0.0,0.0,0.0,899.0
1e-06,13324992974.0,15178.18,5761.25,1644813044,MEOW/ADA_0.3,0.0,0.0,0.0,899.0
2.188129,6764.14,14800.82,0.0,1644813044,DANA/ADA_0.3,0.0,0.0,0.0,899.0
0.293867,42784.77,12573.06,1135.04,1644813044,CARGO/ADA_0.3,0.0,0.0,0.0,899.0
5.1e-05,239882956.0,12247.5,3745.57,1644813044,SHIBA/ADA_1.0,0.0,0.0,0.0,899.0
0.0,146153839942.0,11543.25,1731.25,1644813044,HOSKY/ADA_0.05,0.0,0.0,0.0,899.0
0.768512,14390.42,11059.22,0.0,1644813044,WMT/ADA_1.0,0.0,0.0,0.0,899.0
0.110175,97370.0,10727.76,0.0,1644813044,Card…rm/ADA_0.3,0.0,0.0,0.0,899.0
0.046783,201341.03,9419.49,832.28,1644813044,cbTHC/ADA_0.3,0.0,0.0,0.0,899.0
0.003002,2990701.29,8978.88,450.35,1644813044,DRIP/ADA_0.3,0.0,-9892.649999999907,-29.700000000000728,899.0
0.001167,7422752.0,8665.39,0.0,1644813044,FLANO/ADA_1.0,0.0,0.0,0.0,899.0
0.000184,43638162.0,8061.54,834.58,1644813044,FIRE/ADA_1.0,0.0,0.0,0.0,899.0
0.675042,23738948.42,16024796.97,1872248.43,1644813945,SUNDAE/ADA_0.3,0.0011189999999999811,51206.25,61078.81000000052,900.0
92.016491,145194.46,13360284.98,859702.56,1644813945,LQ/ADA_0.3,0.01893400000000156,29.829999999987194,5493.3499999996275,900.0
0.809942,12476896.92,10105568.04,778120.3,1644813945,WMT/ADA_0.3,0.0007160000000000499,-5062.3499999996275,4835.779999999329,900.0
0.126707,10133283.37,1283964.67,665240.28,1644813945,MELD/ADA_0.3,0.0004089999999999927,-16366.10000000149,2076.589999999851,900.0
0.096975,12247860.0,1187741.84,242977.86,1644813945,PAVIA/ADA_0.3,0.0,-120.0,-11.659999999916181,900.0
0.169263,6348520.0,1074574.63,43510.06,1644813945,XRAY/ADA_0.3,0.0,0.0,0.0,900.0
0.289965,2718944.0,788400.2,176926.83,1644813945,ADAX/ADA_0.3,0.00019899999999994922,-931.0,272.6799999999348,900.0
1.852961,395579.32,732993.32,64238.46,1644813945,AADA/ADA_0.3,-0.04283099999999984,4500.830000000016,-8410.530000000028,900.0
1.704306,335474.29,571750.95,105585.17,1644813945,VYFI/ADA_0.3,-0.0049639999999999684,488.29999999998836,-830.8000000000466,900.0
6.386473,50892.0,325020.41,106773.29,1644813945,MILK/ADA_0.3,0.00678099999999926,-26.0,179.22999999998137,900.0
0.130035,1597831.7,207774.43,49728.56,1644813945,MINt/ADA_0.3,-0.0008159999999999834,5000.0,-650.2600000000093,900.0
0.034403,5624229.84,193495.27,15920.96,1644813945,CLAP/ADA_0.3,-0.0001239999999999991,10120.889999999665,-347.77999999999884,900.0
0.0,6809637748895.0,155596.58,16927.02,1644813945,CHRLZ/ADA_0.3,0.0,0.0,0.0,900.0
2.17078,67502.28,146532.66,20136.97,1644813945,DANA/ADA_0.05,0.0,0.0,0.0,900.0
0.812849,172317.86,140068.44,3301.65,1644813945,WMT/ADA_0.05,0.0,-85.38000000000466,-69.41000000000349,900.0
3.3e-05,3172332084.42,107705.25,4518.82,1644813945,ASHIB/ADA_1.0,0.0,0.0,0.0,900.0
0.0,98842801954061.0,95917.28,3056.54,1644813945,BISON/ADA_0.3,0.0,0.0,0.0,900.0
0.03714,2549194.0,94677.78,37660.12,1644813945,FIRE/ADA_0.3,-3.100000000000325e-05,1083.0,-40.11999999999534,900.0
0.0,934278120794.0,77038.96,43271.07,1644813945,HOSKY/ADA_0.3,0.0,3002023349.0,-247.59999999999127,900.0
0.295832,205669.68,60843.77,128410.28,1644813945,MIN/ADA_0.3,0.0,0.0,0.0,900.0
0.006089,9310057.0,56689.21,11473.71,1644813945,FLICK/ADA_0.3,8.399999999999987e-05,-64159.0,389.1599999999962,900.0
0.094449,499420.0,47169.97,42775.45,1644813945,cNETA/ADA_0.3,-1.8999999999991246e-05,50.0,-4.709999999999127,900.0
0.120907,354491.41,42860.72,1303.72,1644813945,MELD/ADA_1.0,0.0,0.0,0.0,900.0
0.01181,3554118.0,41975.61,2985.12,1644813945,CNFT/ADA_0.3,0.0,0.0,0.0,900.0
0.114345,301897.4,34520.65,5412.76,1644813945,REVU/ADA_0.3,0.0,0.0,0.0,900.0
44.869986,687.0,30825.68,11583.19,1644813945,unsi…en/ADA_1.0,0.0,0.0,0.0,900.0
0.005279,5587698.0,29498.79,3438.56,1644813945,BDOGE/ADA_1.0,0.0,0.0,0.0,900.0
0.003119,9386596.76,29279.84,12240.02,1644813945,DRIP/ADA_1.0,0.00011699999999999992,25000.0,1172.5800000000017,900.0
0.00084,33717058.55,28327.18,194.18,1644813945,MONET/ADA_0.3,5.000000000000013e-06,-95204.97000000626,80.0,900.0
0.013861,1848330.0,25619.83,1451.1,1644813945,QUID/ADA_0.3,0.0,0.0,0.0,900.0
0.149517,159594.0,23862.17,1965.82,1644813945,SKULL/ADA_1.0,-0.001900999999999986,1010.0,-150.45000000000073,900.0
0.123004,174269.07,21435.85,889.99,1644813945,MINt/ADA_0.05,0.0,0.0,0.0,900.0
0.000746,27961090.0,20864.14,0.0,1644813945,RAG/ADA_1.0,0.0,0.0,0.0,900.0
27.041742,727.0,19659.34,2027.43,1644813945,XDIA…ND/ADA_1.0,0.0,0.0,0.0,900.0
0.016292,1137899.0,18539.36,72.89,1644813945,GOKEY/ADA_0.3,0.0,0.0,0.0,900.0
0.309265,59853.88,18510.72,4344.01,1644813945,MIN/ADA_0.05,0.0,0.0,0.0,900.0
0.46495,38906.0,18089.37,2719.7,1644813945,CDX/ADA_1.0,0.0,0.0,0.0,900.0
0.038193,436987.0,16689.84,815.2,1644813945,cMETA/ADA_0.3,0.0,0.0,0.0,900.0
0.005236,2993255.0,15672.84,5233.93,1644813945,RAVE/ADA_1.0,-0.00012399999999999998,35000.0,-183.57999999999993,900.0
1e-06,13324992974.0,15178.18,5761.25,1644813945,MEOW/ADA_0.3,0.0,0.0,0.0,900.0
2.188129,6764.14,14800.82,0.0,1644813945,DANA/ADA_0.3,0.0,0.0,0.0,900.0
0.293867,42784.77,12573.06,1135.04,1644813945,CARGO/ADA_0.3,0.0,0.0,0.0,900.0
5.1e-05,239882956.0,12247.5,3745.57,1644813945,SHIBA/ADA_1.0,0.0,0.0,0.0,900.0
0.0,146153839942.0,11543.25,1731.25,1644813945,HOSKY/ADA_0.05,0.0,0.0,0.0,900.0
0.768512,14390.42,11059.22,0.0,1644813945,WMT/ADA_1.0,0.0,0.0,0.0,900.0
0.110175,97370.0,10727.76,0.0,1644813945,Card…rm/ADA_0.3,0.0,0.0,0.0,900.0
0.046783,201341.03,9419.49,832.28,1644813945,cbTHC/ADA_0.3,0.0,0.0,0.0,900.0
0.003002,2990701.29,8978.88,450.35,1644813945,DRIP/ADA_0.3,0.0,0.0,0.0,900.0
0.001167,7422752.0,8665.39,0.0,1644813945,FLANO/ADA_1.0,0.0,0.0,0.0,900.0
0.000184,43638162.0,8061.54,834.58,1644813945,FIRE/ADA_1.0,0.0,0.0,0.0,900.0
0.672992,23817211.62,16028802.46,1841945.0,1644814845,SUNDAE/ADA_0.3,-0.0020499999999999963,78263.19999999925,4005.4900000002235,900.0
91.959222,145239.73,13356133.05,859186.94,1644814845,LQ/ADA_0.3,-0.05726900000000512,45.27000000001863,-4151.929999999702,900.0
0.810517,12483248.36,10117886.71,768351.17,1644814845,WMT/ADA_0.3,0.0005749999999999922,6351.4399999994785,12318.670000001788,900.0
0.134293,9843374.28,1321905.55,696513.15,1644814845,MELD/ADA_0.3,0.007586000000000009,-289909.08999999985,37940.88000000012,900.0
0.097777,12197615.0,1192649.3,244804.22,1644814845,PAVIA/ADA_0.3,0.0008019999999999972,-50245.0,4907.459999999963,900.0
0.169263,6348520.0,1074574.63,43230.56,1644814845,XRAY/ADA_0.3,0.0,0.0,0.0,900.0
0.290109,2718273.0,788595.58,176868.46,1644814845,ADAX/ADA_0.3,0.000144000000000033,-671.0,195.38000000000466,900.0
1.853481,395523.94,733096.26,64341.71,1644814845,AADA/ADA_0.3,0.0005199999999998539,-55.38000000000466,102.94000000006054,900.0
1.704306,335474.29,571750.95,104768.68,1644814845,VYFI/ADA_0.3,0.0,0.0,0.0,900.0
6.386473,50892.0,325020.41,104955.5,1644814845,MILK/ADA_0.3,0.0,0.0,0.0,900.0
0.131288,1590201.16,208774.43,50651.32,1644814845,MINt/ADA_0.3,0.0012529999999999764,-7630.540000000037,1000.0,900.0
0.034403,5624229.84,193495.27,15842.86,1644814845,CLAP/ADA_0.3,0.0,0.0,0.0,900.0
0.0,6809637748895.0,155596.58,3085.52,1644814845,CHRLZ/ADA_0.3,0.0,0.0,0.0,900.0
2.17078,67502.28,146532.66,19524.27,1644814845,DANA/ADA_0.05,0.0,0.0,0.0,900.0
0.812849,172317.86,140068.44,3301.65,1644814845,WMT/ADA_0.05,0.0,0.0,0.0,900.0
3.3e-05,3172332084.42,107705.25,4487.57,1644814845,ASHIB/ADA_1.0,0.0,0.0,0.0,900.0
0.0,98842801954061.0,95917.28,3056.54,1644814845,BISON/ADA_0.3,0.0,0.0,0.0,900.0
0.03714,2549194.0,94677.78,37413.2,1644814845,FIRE/ADA_0.3,0.0,0.0,0.0,900.0
0.0,935278120794.0,76956.84,39876.09,1644814845,HOSKY/ADA_0.3,0.0,1000000000.0,-82.1200000000099,900.0
0.315373,199205.41,62824.15,129868.63,1644814845,MIN/ADA_0.3,0.01954100000000003,-6464.2699999999895,1980.3800000000047,900.0
0.006089,9310057.0,56689.21,11473.71,1644814845,FLICK/ADA_0.3,0.0,0.0,0.0,900.0
0.093403,502212.0,46908.52,39804.9,1644814845,cNETA/ADA_0.3,-0.0010460000000000053,2792.0,-261.45000000000437,900.0
0.12941,342704.76,44349.72,2807.61,1644814845,MELD/ADA_1.0,0.008502999999999997,-11786.649999999965,1489.0,900.0
0.01181,3554118.0,41975.61,2985.12,1644814845,CNFT/ADA_0.3,0.0,0.0,0.0,900.0
0.114345,301897.4,34520.65,5283.65,1644814845,REVU/ADA_0.3,0.0,0.0,0.0,900.0
44.869986,687.0,30825.68,11543.8,1644814845,unsi…en/ADA_1.0,0.0,0.0,0.0,900.0
0.005279,5587698.0,29498.79,2700.59,1644814845,BDOGE/ADA_1.0,0.0,0.0,0.0,900.0
0.003119,9386596.76,29279.84,12148.5,1644814845,DRIP/ADA_1.0,0.0,0.0,0.0,900.0
0.013861,1848330.0,25619.83,1451.1,1644814845,QUID/ADA_0.3,0.0,0.0,0.0,900.0
0.000788,32333280.99,25508.17,220.26,1644814845,MONET/ADA_0.3,-5.200000000000007e-05,-1383777.5599999987,-2819.010000000002,900.0
0.149517,159594.0,23862.17,1965.82,1644814845,SKULL/ADA_1.0,0.0,0.0,0.0,900.0
0.123004,174269.07,21435.85,889.99,1644814845,MINt/ADA_0.05,0.0,0.0,0.0,900.0
0.000746,27961090.0,20864.14,0.0,1644814845,RAG/ADA_1.0,0.0,0.0,0.0,900.0
27.041742,727.0,19659.34,1474.12,1644814845,XDIA…ND/ADA_1.0,0.0,0.0,0.0,900.0
0.016292,1137899.0,18539.36,72.89,1644814845,GOKEY/ADA_0.3,0.0,0.0,0.0,900.0
0.309265,59853.88,18510.72,4344.01,1644814845,MIN/ADA_0.05,0.0,0.0,0.0,900.0
0.46495,38906.0,18089.37,2699.5,1644814845,CDX/ADA_1.0,0.0,0.0,0.0,900.0
0.038193,436987.0,16689.84,815.2,1644814845,cMETA/ADA_0.3,0.0,0.0,0.0,900.0
0.005236,2993255.0,15672.84,4282.34,1644814845,RAVE/ADA_1.0,0.0,0.0,0.0,900.0
1e-06,13324992974.0,15178.18,5761.25,1644814845,MEOW/ADA_0.3,0.0,0.0,0.0,900.0
2.188129,6764.14,14800.82,0.0,1644814845,DANA/ADA_0.3,0.0,0.0,0.0,900.0
0.293867,42784.77,12573.06,1135.04,1644814845,CARGO/ADA_0.3,0.0,0.0,0.0,900.0
5.1e-05,239882956.0,12247.5,3745.57,1644814845,SHIBA/ADA_1.0,0.0,0.0,0.0,900.0
0.768512,14490.42,11136.07,0.0,1644814845,WMT/ADA_1.0,0.0,100.0,76.85000000000036,900.0
0.110175,97370.0,10727.76,0.0,1644814845,Card…rm/ADA_0.3,0.0,0.0,0.0,900.0
0.046783,201341.03,9419.49,832.28,1644814845,cbTHC/ADA_0.3,0.0,0.0,0.0,900.0
0.003002,2990701.29,8978.88,450.35,1644814845,DRIP/ADA_0.3,0.0,0.0,0.0,900.0
0.001167,7422752.0,8665.39,0.0,1644814845,FLANO/ADA_1.0,0.0,0.0,0.0,900.0
0.000184,43638162.0,8061.54,834.58,1644814845,FIRE/ADA_1.0,0.0,0.0,0.0,900.0
0.000148,53286494.0,7923.46,0.0,1644814845,KIDZ/ADA_0.3,0.0,0.0,0.0,15298.0
0.674422,24122057.14,16268461.09,1868817.36,1644815748,SUNDAE/ADA_0.3,0.0014299999999999313,304845.51999999955,239658.62999999896,903.0
93.301228,144225.15,13456383.87,959517.61,1644815748,LQ/ADA_0.3,1.3420059999999978,-1014.5800000000163,100250.81999999844,903.0
0.811397,12477718.4,10124395.3,773872.69,1644815748,WMT/ADA_0.3,0.0008799999999999919,-5529.959999999031,6508.589999999851,903.0
0.132642,9904545.91,1313767.73,705331.99,1644815748,MELD/ADA_0.3,-0.0016509999999999858,61171.63000000082,-8137.820000000065,903.0
0.097428,12222968.0,1190863.79,246930.73,1644815748,PAVIA/ADA_0.3,-0.0003490000000000021,25353.0,-1785.5100000000093,903.0
0.169263,6348520.0,1074574.63,43230.56,1644815748,XRAY/ADA_0.3,0.0,0.0,0.0,903.0
0.290109,2718273.0,788595.58,176868.46,1644815748,ADAX/ADA_0.3,0.0,0.0,0.0,903.0
1.856769,395174.09,733747.23,64994.63,1644815748,AADA/ADA_0.3,0.0032879999999999576,-349.8499999999767,650.9699999999721,903.0
1.704306,335474.29,571750.95,104768.68,1644815748,VYFI/ADA_0.3,0.0,0.0,0.0,903.0
6.386473,50892.0,325020.41,104955.5,1644815748,MILK/ADA_0.3,0.0,0.0,0.0,903.0
0.131288,1590201.16,208774.43,50651.32,1644815748,MINt/ADA_0.3,0.0,0.0,0.0,903.0
0.034403,5624229.84,193495.27,15842.86,1644815748,CLAP/ADA_0.3,0.0,0.0,0.0,903.0
0.0,6809637748895.0,155596.58,3213.68,1644815748,CHRLZ/ADA_0.3,0.0,0.0,0.0,903.0
2.17078,67502.28,146532.66,19524.27,1644815748,DANA/ADA_0.05,0.0,0.0,0.0,903.0
0.812849,172465.3,140188.29,3301.65,1644815748,WMT/ADA_0.05,0.0,147.44000000000233,119.85000000000582,903.0
3.3e-05,3172332084.42,107705.25,4487.57,1644815748,ASHIB/ADA_1.0,0.0,0.0,0.0,903.0
0.0,98842801954061.0,95917.28,3056.54,1644815748,BISON/ADA_0.3,0.0,0.0,0.0,903.0
0.03714,2549194.0,94677.78,37413.2,1644815748,FIRE/ADA_0.3,0.0,0.0,0.0,903.0
0.0,942156968284.0,77542.97,40039.86,1644815748,HOSKY/ADA_0.3,0.0,6878847490.0,586.1300000000047,903.0
0.312588,200092.41,62546.68,130209.49,1644815748,MIN/ADA_0.3,-0.0027850000000000374,887.0,-277.47000000000116,903.0
0.006089,9310057.0,56689.21,11473.71,1644815748,FLICK/ADA_0.3,0.0,0.0,0.0,903.0
0.093403,502212.0,46908.52,39804.9,1644815748,cNETA/ADA_0.3,0.0,0.0,0.0,903.0
0.12941,342704.76,44349.72,2807.61,1644815748,MELD/ADA_1.0,0.0,0.0,0.0,903.0
0.01181,3554118.0,41975.61,2985.12,1644815748,CNFT/ADA_0.3,0.0,0.0,0.0,903.0
0.114345,301897.4,34520.65,5283.65,1644815748,REVU/ADA_0.3,0.0,0.0,0.0,903.0
44.869986,687.0,30825.68,11543.8,1644815748,unsi…en/ADA_1.0,0.0,0.0,0.0,903.0
0.005279,5587698.0,29498.79,2700.59,1644815748,BDOGE/ADA_1.0,0.0,0.0,0.0,903.0
0.003052,9489596.76,28971.33,12460.13,1644815748,DRIP/ADA_1.0,-6.699999999999979e-05,103000.0,-308.5099999999984,903.0
0.000841,33686232.53,28353.18,220.26,1644815748,MONET/ADA_0.3,5.299999999999999e-05,1352951.5400000028,2845.010000000002,903.0
0.013861,1848330.0,25619.83,1451.1,1644815748,QUID/ADA_0.3,0.0,0.0,0.0,903.0
0.149517,159594.0,23862.17,1965.82,1644815748,SKULL/ADA_1.0,0.0,0.0,0.0,903.0
0.123004,174269.07,21435.85,889.99,1644815748,MINt/ADA_0.05,0.0,0.0,0.0,903.0
0.000746,27961090.0,20864.14,0.0,1644815748,RAG/ADA_1.0,0.0,0.0,0.0,903.0
27.041742,727.0,19659.34,1474.12,1644815748,XDIA…ND/ADA_1.0,0.0,0.0,0.0,903.0
0.016292,1137899.0,18539.36,72.89,1644815748,GOKEY/ADA_0.3,0.0,0.0,0.0,903.0
0.309265,59853.88,18510.72,4344.01,1644815748,MIN/ADA_0.05,0.0,0.0,0.0,903.0
0.46495,38906.0,18089.37,2699.5,1644815748,CDX/ADA_1.0,0.0,0.0,0.0,903.0
0.038193,436987.0,16689.84,815.2,1644815748,cMETA/ADA_0.3,0.0,0.0,0.0,903.0
0.005236,2993255.0,15672.84,4282.34,1644815748,RAVE/ADA_1.0,0.0,0.0,0.0,903.0
1e-06,13324992974.0,15178.18,5761.25,1644815748,MEOW/ADA_0.3,0.0,0.0,0.0,903.0
2.188129,6764.14,14800.82,0.0,1644815748,DANA/ADA_0.3,0.0,0.0,0.0,903.0
0.293867,42784.77,12573.06,1135.04,1644815748,CARGO/ADA_0.3,0.0,0.0,0.0,903.0
5.1e-05,239882956.0,12247.5,3745.57,1644815748,SHIBA/ADA_1.0,0.0,0.0,0.0,903.0
0.0,146156839942.0,11543.48,1731.25,1644815748,HOSKY/ADA_0.05,0.0,3000000.0,0.22999999999956344,1803.0
0.768512,14490.42,11136.07,0.0,1644815748,WMT/ADA_1.0,0.0,0.0,0.0,903.0
0.110175,97370.0,10727.76,0.0,1644815748,Card…rm/ADA_0.3,0.0,0.0,0.0,903.0
0.046783,201341.03,9419.49,832.28,1644815748,cbTHC/ADA_0.3,0.0,0.0,0.0,903.0
0.003002,2990701.29,8978.88,450.35,1644815748,DRIP/ADA_0.3,0.0,0.0,0.0,903.0
0.001167,7422752.0,8665.39,0.0,1644815748,FLANO/ADA_1.0,0.0,0.0,0.0,903.0
0.000184,43638162.0,8061.54,834.58,1644815748,FIRE/ADA_1.0,0.0,0.0,0.0,903.0
0.676674,24149524.52,16341356.81,1896112.41,1644816650,SUNDAE/ADA_0.3,0.0022520000000000318,27467.379999998957,72895.72000000067,901.0
93.249613,144265.15,13452669.65,965106.41,1644816650,LQ/ADA_0.3,-0.05161499999999819,40.0,-3714.219999998808,901.0
0.811404,12480883.95,10127043.69,773912.81,1644816650,WMT/ADA_0.3,6.999999999979245e-06,3165.5499999988824,2648.3899999987334,901.0
0.135057,9815851.6,1325703.58,726964.5,1644816650,MELD/ADA_0.3,0.0024150000000000005,-88694.31000000052,11935.850000000093,901.0
0.097588,12212969.0,1191841.8,247911.67,1644816650,PAVIA/ADA_0.3,0.00015999999999999348,-9999.0,978.0100000000093,901.0
0.169263,6348520.0,1074574.63,43230.56,1644816650,XRAY/ADA_0.3,0.0,0.0,0.0,901.0
0.290109,2718273.0,788595.58,176868.46,1644816650,ADAX/ADA_0.3,0.0,0.0,0.0,901.0
1.856769,395174.09,733747.23,64994.63,1644816650,AADA/ADA_0.3,0.0,0.0,0.0,901.0
1.704425,335462.59,571770.95,104788.74,1644816650,VYFI/ADA_0.3,0.00011899999999998023,-11.699999999953434,20.0,901.0
6.386473,50892.0,325020.41,104955.5,1644816650,MILK/ADA_0.3,0.0,0.0,0.0,901.0
0.131507,1588873.32,208949.43,50826.84,1644816650,MINt/ADA_0.3,0.00021900000000002473,-1327.839999999851,175.0,901.0
0.034403,5624229.84,193495.27,15842.86,1644816650,CLAP/ADA_0.3,0.0,0.0,0.0,901.0
0.0,6815268168412.0,155468.42,3213.68,1644816650,CHRLZ/ADA_0.3,0.0,5630419517.0,-128.1599999999744,901.0
2.17078,67502.28,146532.66,19524.27,1644816650,DANA/ADA_0.05,0.0,0.0,0.0,901.0
0.812849,172465.3,140188.29,3301.65,1644816650,WMT/ADA_0.05,0.0,0.0,0.0,901.0
3.3e-05,3172332084.42,107705.25,4487.57,1644816650,ASHIB/ADA_1.0,0.0,0.0,0.0,901.0
0.0,98982207998388.0,95976.22,3094.65,1644816650,BISON/ADA_0.3,0.0,139406044327.0,58.94000000000233,901.0
0.036851,2559194.0,94308.93,37782.04,1644816650,FIRE/ADA_0.3,-0.0002889999999999976,10000.0,-368.8500000000058,901.0
0.0,944163968284.0,77379.77,40039.86,1644816650,HOSKY/ADA_0.3,0.0,2007000000.0,-163.1999999999971,901.0
0.312588,200092.41,62546.68,130209.49,1644816650,MIN/ADA_0.3,0.0,0.0,0.0,901.0
0.006089,9310057.0,56689.21,11473.71,1644816650,FLICK/ADA_0.3,0.0,0.0,0.0,901.0
0.097011,492803.0,47807.52,40908.9,1644816650,cNETA/ADA_0.3,0.003608,-9409.0,899.0,901.0
0.12941,342704.76,44349.72,2807.61,1644816650,MELD/ADA_1.0,0.0,0.0,0.0,901.0
0.01181,3554118.0,41975.61,2985.12,1644816650,CNFT/ADA_0.3,0.0,0.0,0.0,901.0
0.114345,301897.4,34520.65,5283.65,1644816650,REVU/ADA_0.3,0.0,0.0,0.0,901.0
44.869986,687.0,30825.68,11543.8,1644816650,unsi…en/ADA_1.0,0.0,0.0,0.0,901.0
0.005279,5587698.0,29498.79,2700.59,1644816650,BDOGE/ADA_1.0,0.0,0.0,0.0,901.0
0.003052,9489596.76,28971.33,12460.13,1644816650,DRIP/ADA_1.0,0.0,0.0,0.0,901.0
0.000841,33686232.53,28353.18,220.26,1644816650,MONET/ADA_0.3,0.0,0.0,0.0,901.0
0.013861,1848348.0,25620.08,1451.1,1644816650,QUID/ADA_0.3,0.0,18.0,0.25,901.0
0.149517,159594.0,23862.17,1965.82,1644816650,SKULL/ADA_1.0,0.0,0.0,0.0,901.0
0.123004,174269.07,21435.85,889.99,1644816650,MINt/ADA_0.05,0.0,0.0,0.0,901.0
0.000746,27961090.0,20864.14,0.0,1644816650,RAG/ADA_1.0,0.0,0.0,0.0,901.0
27.041742,727.0,19659.34,1474.12,1644816650,XDIA…ND/ADA_1.0,0.0,0.0,0.0,901.0
0.016292,1137899.0,18539.36,72.89,1644816650,GOKEY/ADA_0.3,0.0,0.0,0.0,901.0
0.309265,59853.88,18510.72,4344.01,1644816650,MIN/ADA_0.05,0.0,0.0,0.0,901.0
0.46495,38906.0,18089.37,2699.5,1644816650,CDX/ADA_1.0,0.0,0.0,0.0,901.0
0.038193,436987.0,16689.84,815.2,1644816650,cMETA/ADA_0.3,0.0,0.0,0.0,901.0
0.005236,2993255.0,15672.84,4282.34,1644816650,RAVE/ADA_1.0,0.0,0.0,0.0,901.0
1e-06,13324992974.0,15178.18,5761.25,1644816650,MEOW/ADA_0.3,0.0,0.0,0.0,901.0
2.188129,6764.14,14800.82,0.0,1644816650,DANA/ADA_0.3,0.0,0.0,0.0,901.0
0.342396,39641.35,13573.06,2138.04,1644816650,CARGO/ADA_0.3,0.04852899999999999,-3143.4199999999983,1000.0,901.0
4.7e-05,249882956.0,11762.08,4230.99,1644816650,SHIBA/ADA_1.0,-4.000000000000002e-06,10000000.0,-485.4200000000001,901.0
0.0,146156839942.0,11543.48,1731.25,1644816650,HOSKY/ADA_0.05,0.0,0.0,0.0,901.0
0.768512,14490.42,11136.07,0.0,1644816650,WMT/ADA_1.0,0.0,0.0,0.0,901.0
0.110175,97370.0,10727.76,0.0,1644816650,Card…rm/ADA_0.3,0.0,0.0,0.0,901.0
0.046783,201341.03,9419.49,832.28,1644816650,cbTHC/ADA_0.3,0.0,0.0,0.0,901.0
0.003002,2990701.29,8978.88,450.35,1644816650,DRIP/ADA_0.3,0.0,0.0,0.0,901.0
0.001167,7422752.0,8665.39,0.0,1644816650,FLANO/ADA_1.0,0.0,0.0,0.0,901.0
0.000184,43641662.0,8062.19,834.58,1644816650,FIRE/ADA_1.0,0.0,3500.0,0.6499999999996362,901.0
0.67744,24304610.08,16464916.71,1905004.17,1644817543,SUNDAE/ADA_0.3,0.0007660000000000444,155085.55999999866,123559.90000000037,892.0
93.259056,144176.27,13445743.54,965790.61,1644817543,LQ/ADA_0.3,0.009443000000004531,-88.88000000000466,-6926.110000001267,892.0
0.811471,12480533.35,10127594.92,774332.55,1644817543,WMT/ADA_0.3,6.700000000003925e-05,-350.59999999962747,551.230000000447,892.0
0.135065,9815829.05,1325778.99,737764.79,1644817543,MELD/ADA_0.3,7.999999999980245e-06,-22.549999998882413,75.40999999991618,892.0
0.097604,12211948.0,1191941.8,248051.23,1644817543,PAVIA/ADA_0.3,1.6000000000002124e-05,-1021.0,100.0,892.0
0.169263,6348520.0,1074574.63,43230.56,1644817543,XRAY/ADA_0.3,0.0,0.0,0.0,892.0
0.290109,2718273.0,788595.58,176868.46,1644817543,ADAX/ADA_0.3,0.0,0.0,0.0,892.0
1.857963,395047.26,733983.51,65231.62,1644817543,AADA/ADA_0.3,0.0011940000000001394,-126.8300000000163,236.28000000002794,892.0
1.699151,335983.59,570886.98,105672.71,1644817543,VYFI/ADA_0.3,-0.005274000000000001,521.0,-883.9699999999721,892.0
6.386473,50892.0,325020.41,104955.5,1644817543,MILK/ADA_0.3,0.0,0.0,0.0,892.0
0.131364,1589741.46,208835.67,50940.61,1644817543,MINt/ADA_0.3,-0.00014300000000000423,868.1399999998976,-113.75999999998021,892.0
0.034403,5624229.84,193495.27,15842.86,1644817543,CLAP/ADA_0.3,0.0,0.0,0.0,892.0
0.0,6815268168412.0,155377.34,3259.14,1644817543,CHRLZ/ADA_0.3,0.0,0.0,-91.0800000000163,892.0
2.17078,67502.28,146532.66,19524.27,1644817543,DANA/ADA_0.05,0.0,0.0,0.0,892.0
0.812849,172465.3,140188.29,3301.65,1644817543,WMT/ADA_0.05,0.0,0.0,0.0,892.0
3.3e-05,3175341084.42,107604.21,4588.61,1644817543,ASHIB/ADA_1.0,0.0,3009000.0,-101.0399999999936,892.0
0.0,98982207998388.0,95976.22,3094.65,1644817543,BISON/ADA_0.3,0.0,0.0,0.0,892.0
0.036851,2559194.0,94308.93,37782.04,1644817543,FIRE/ADA_0.3,0.0,0.0,0.0,892.0
0.0,944163968284.0,77379.77,40039.86,1644817543,HOSKY/ADA_0.3,0.0,0.0,0.0,892.0
0.313532,199791.41,62641.19,130304.29,1644817543,MIN/ADA_0.3,0.0009440000000000004,-301.0,94.51000000000204,892.0
0.006089,9310057.0,56689.21,11473.71,1644817543,FLICK/ADA_0.3,0.0,0.0,0.0,892.0
0.093567,501803.0,46952.6,41763.82,1644817543,cNETA/ADA_0.3,-0.0034440000000000026,9000.0,-854.9199999999983,892.0
0.12941,342704.76,44349.72,2807.61,1644817543,MELD/ADA_1.0,0.0,0.0,0.0,892.0
0.01181,3554118.0,41975.61,2985.12,1644817543,CNFT/ADA_0.3,0.0,0.0,0.0,892.0
0.114345,301897.4,34520.65,5283.65,1644817543,REVU/ADA_0.3,0.0,0.0,0.0,892.0
44.869986,687.0,30825.68,11543.8,1644817543,unsi…en/ADA_1.0,0.0,0.0,0.0,892.0
0.003037,9513596.76,28898.97,12532.49,1644817543,DRIP/ADA_1.0,-1.4999999999999823e-05,24000.0,-72.36000000000058,892.0
0.000841,33686232.53,28353.18,220.26,1644817543,MONET/ADA_0.3,0.0,0.0,0.0,892.0
0.013861,1848348.0,25620.08,1451.1,1644817543,QUID/ADA_0.3,0.0,0.0,0.0,892.0
0.149517,159594.0,23862.17,1965.82,1644817543,SKULL/ADA_1.0,0.0,0.0,0.0,892.0
0.123004,174269.07,21435.85,889.99,1644817543,MINt/ADA_0.05,0.0,0.0,0.0,892.0
0.000746,27961090.0,20864.14,0.0,1644817543,RAG/ADA_1.0,0.0,0.0,0.0,892.0
27.041742,727.0,19659.34,1474.12,1644817543,XDIA…ND/ADA_1.0,0.0,0.0,0.0,892.0
0.016292,1137899.0,18539.36,72.89,1644817543,GOKEY/ADA_0.3,0.0,0.0,0.0,892.0
0.309265,59853.88,18510.72,4344.01,1644817543,MIN/ADA_0.05,0.0,0.0,0.0,892.0
0.46495,38906.0,18089.37,2699.5,1644817543,CDX/ADA_1.0,0.0,0.0,0.0,892.0
0.038193,436987.0,16689.84,815.2,1644817543,cMETA/ADA_0.3,0.0,0.0,0.0,892.0
0.00525,2989256.0,15694.03,4303.73,1644817543,RAVE/ADA_1.0,1.4000000000000123e-05,-3999.0,21.19000000000051,892.0
1e-06,12934177368.0,15638.18,6222.63,1644817543,MEOW/ADA_0.3,0.0,-390815606.0,460.0,892.0
2.188129,6764.14,14800.82,0.0,1644817543,DANA/ADA_0.3,0.0,0.0,0.0,892.0
0.325778,40641.35,13240.06,2471.04,1644817543,CARGO/ADA_0.3,-0.016617999999999966,1000.0,-333.0,892.0
0.0,146156839942.0,11543.48,1731.25,1644817543,HOSKY/ADA_0.05,0.0,0.0,0.0,892.0
4.3e-05,259882956.0,11313.84,4679.23,1644817543,SHIBA/ADA_1.0,-3.999999999999996e-06,10000000.0,-448.2399999999998,892.0
0.768512,14490.42,11136.07,0.0,1644817543,WMT/ADA_1.0,0.0,0.0,0.0,892.0
0.046783,201341.03,9419.49,832.28,1644817543,cbTHC/ADA_0.3,0.0,0.0,0.0,892.0
0.003002,2990701.29,8978.88,450.35,1644817543,DRIP/ADA_0.3,0.0,0.0,0.0,892.0
0.001167,7422752.0,8665.39,0.0,1644817543,FLANO/ADA_1.0,0.0,0.0,0.0,892.0
0.000184,43641662.0,8062.19,834.58,1644817543,FIRE/ADA_1.0,0.0,0.0,0.0,892.0
0.000148,53286494.0,7923.46,0.0,1644817543,KIDZ/ADA_0.3,0.0,0.0,0.0,2697.0
0.024543,280458.0,6883.42,2444.89,1644817543,YAY/ADA_1.0,-0.003531000000000003,18466.0,-471.8199999999997,80102.0
0.678867,24314951.82,16506628.21,1922701.66,1644818443,SUNDAE/ADA_0.3,0.001426999999999956,10341.740000002086,41711.5,900.0
93.203626,145297.0,13542207.68,969810.92,1644818443,LQ/ADA_0.3,-0.0554300000000012,1120.7300000000105,96464.1400000006,900.0
0.811481,12480472.03,10127675.2,774397.86,1644818443,WMT/ADA_0.3,9.99999999995449e-06,-61.32000000029802,80.27999999932945,900.0
0.132386,9915083.87,1312621.56,752095.17,1644818443,MELD/ADA_0.3,-0.002678999999999987,99254.81999999844,-13157.429999999935,900.0
0.097137,12241344.0,1189094.39,252940.78,1644818443,PAVIA/ADA_0.3,-0.0004669999999999952,29396.0,-2847.410000000149,900.0
0.169263,6348520.0,1074574.63,43230.56,1644818443,XRAY/ADA_0.3,0.0,0.0,0.0,900.0
0.290109,2718273.0,788595.58,176868.46,1644818443,ADAX/ADA_0.3,0.0,0.0,0.0,900.0
1.857963,395047.26,733983.51,65231.62,1644818443,AADA/ADA_0.3,0.0,0.0,0.0,900.0
1.704227,335483.59,571740.38,106528.68,1644818443,VYFI/ADA_0.3,0.005075999999999858,-500.0,853.4000000000233,900.0
6.391013,50892.0,325251.45,105071.85,1644818443,MILK/ADA_0.3,0.004540000000000433,0.0,231.04000000003725,900.0
0.131364,1589741.46,208835.67,48510.49,1644818443,MINt/ADA_0.3,0.0,0.0,0.0,900.0
0.034403,5624229.84,193495.27,15833.99,1644818443,CLAP/ADA_0.3,0.0,0.0,0.0,900.0
0.0,6815268168412.0,155377.34,3236.83,1644818443,CHRLZ/ADA_0.3,0.0,0.0,0.0,900.0
2.171373,67502.28,146572.65,18607.91,1644818443,DANA/ADA_0.05,0.0005929999999998437,0.0,39.98999999999069,900.0
0.812849,172500.98,140217.29,3301.65,1644818443,WMT/ADA_0.05,0.0,35.68000000002212,29.0,900.0
3.3e-05,3175344084.42,107604.31,4553.26,1644818443,ASHIB/ADA_1.0,0.0,3000.0,0.09999999999126885,900.0
0.0,98982207998388.0,95976.22,2949.74,1644818443,BISON/ADA_0.3,0.0,0.0,0.0,900.0
0.036851,2559194.0,94308.93,37749.95,1644818443,FIRE/ADA_0.3,0.0,0.0,0.0,900.0
0.0,943920729290.0,77399.77,38688.25,1644818443,HOSKY/ADA_0.3,0.0,-243238994.0,20.0,900.0
0.313532,199791.41,62641.19,129941.91,1644818443,MIN/ADA_0.3,0.0,0.0,0.0,900.0
0.006089,9310057.0,56689.21,11473.71,1644818443,FLICK/ADA_0.3,0.0,0.0,0.0,900.0
0.093567,502853.0,47050.85,40836.04,1644818443,cNETA/ADA_0.3,0.0,1050.0,98.25,900.0
0.12941,342704.76,44349.72,2807.61,1644818443,MELD/ADA_1.0,0.0,0.0,0.0,900.0
0.01181,3554118.0,41975.61,2985.12,1644818443,CNFT/ADA_0.3,0.0,0.0,0.0,900.0
0.114345,301897.4,34520.65,5283.65,1644818443,REVU/ADA_0.3,0.0,0.0,0.0,900.0
44.869986,687.0,30825.68,11425.38,1644818443,unsi…en/ADA_1.0,0.0,0.0,0.0,900.0
0.005279,5587698.0,29498.79,2650.09,1644818443,BDOGE/ADA_1.0,0.0,0.0,0.0,1792.0
0.003008,9559489.41,28761.61,12429.83,1644818443,DRIP/ADA_1.0,-2.900000000000038e-05,45892.65000000037,-137.36000000000058,900.0
0.000841,33686232.53,28353.18,220.26,1644818443,MONET/ADA_0.3,0.0,0.0,0.0,900.0
0.013861,1848348.0,25620.08,1451.1,1644818443,QUID/ADA_0.3,0.0,0.0,0.0,900.0
0.149517,159594.0,23862.17,1965.82,1644818443,SKULL/ADA_1.0,0.0,0.0,0.0,900.0
0.123004,174269.07,21435.85,889.99,1644818443,MINt/ADA_0.05,0.0,0.0,0.0,900.0
0.000746,27961090.0,20864.14,0.0,1644818443,RAG/ADA_1.0,0.0,0.0,0.0,900.0
27.041742,727.0,19659.34,1474.12,1644818443,XDIA…ND/ADA_1.0,0.0,0.0,0.0,900.0
0.016292,1137899.0,18539.36,72.89,1644818443,GOKEY/ADA_0.3,0.0,0.0,0.0,900.0
0.309265,59853.88,18510.72,4344.01,1644818443,MIN/ADA_0.05,0.0,0.0,0.0,900.0
0.46495,38906.0,18089.37,2699.5,1644818443,CDX/ADA_1.0,0.0,0.0,0.0,900.0
0.038193,436987.0,16689.84,815.2,1644818443,cMETA/ADA_0.3,0.0,0.0,0.0,900.0
1e-06,12934177368.0,15638.18,6214.31,1644818443,MEOW/ADA_0.3,0.0,0.0,0.0,900.0
0.00525,2969907.0,15592.44,3742.25,1644818443,RAVE/ADA_1.0,0.0,-19349.0,-101.59000000000015,900.0
2.188129,6764.14,14800.82,0.0,1644818443,DANA/ADA_0.3,0.0,0.0,0.0,900.0
0.325778,40641.35,13240.06,2340.5,1644818443,CARGO/ADA_0.3,0.0,0.0,0.0,900.0
0.0,146156839942.0,11543.48,1130.95,1644818443,HOSKY/ADA_0.05,0.0,0.0,0.0,900.0
0.768512,14490.42,11136.07,0.0,1644818443,WMT/ADA_1.0,0.0,0.0,0.0,900.0
4.1e-05,264882956.0,11102.37,4890.69,1644818443,SHIBA/ADA_1.0,-2.000000000000001e-06,5000000.0,-211.46999999999935,900.0
0.110175,97370.0,10727.76,0.0,1644818443,Card…rm/ADA_0.3,0.0,0.0,0.0,1792.0
0.046783,201341.03,9419.49,832.28,1644818443,cbTHC/ADA_0.3,0.0,0.0,0.0,900.0
0.003002,2992204.97,8983.39,450.35,1644818443,DRIP/ADA_0.3,0.0,1503.6800000001676,4.510000000000218,900.0
0.001167,7422752.0,8665.39,0.0,1644818443,FLANO/ADA_1.0,0.0,0.0,0.0,900.0
0.000183,43742262.0,8043.83,852.94,1644818443,FIRE/ADA_1.0,-9.999999999999972e-07,100600.0,-18.359999999999673,900.0
0.679884,24368903.89,16568042.85,1879383.42,1644819341,SUNDAE/ADA_0.3,0.0010170000000000456,53952.0700000003,61414.63999999873,898.0
93.149871,145338.98,13538308.07,886492.05,1644819341,LQ/ADA_0.3,-0.053754999999995334,41.98000000001048,-3899.609999999404,898.0
0.811481,12480537.03,10127727.94,753350.98,1644819341,WMT/ADA_0.3,0.0,65.0,52.74000000022352,898.0
0.131863,9934761.76,1310035.88,713619.75,1644819341,MELD/ADA_0.3,-0.0005229999999999957,19677.890000000596,-2585.6800000001676,898.0
0.09713,12241939.0,1189061.98,248172.43,1644819341,PAVIA/ADA_0.3,-7.000000000007001e-06,595.0,-32.40999999991618,898.0
0.169285,6348120.0,1074642.63,43264.7,1644819341,XRAY/ADA_0.3,2.1999999999994246e-05,-400.0,68.0,898.0
0.290109,2718273.0,788595.58,176148.47,1644819341,ADAX/ADA_0.3,0.0,0.0,0.0,898.0
1.862682,394547.26,734916.47,64973.16,1644819341,AADA/ADA_0.3,0.004718999999999918,-500.0,932.9599999999627,898.0
1.700176,335883.59,571061.54,107031.67,1644819341,VYFI/ADA_0.3,-0.004051000000000027,400.0,-678.8399999999674,898.0
6.391013,50892.0,325251.45,104832.94,1644819341,MILK/ADA_0.3,0.0,0.0,0.0,898.0
0.131364,1589741.46,208835.67,48510.49,1644819341,MINt/ADA_0.3,0.0,0.0,0.0,898.0
0.034081,5650777.68,192588.93,16740.33,1644819341,CLAP/ADA_0.3,-0.00032200000000000284,26547.83999999985,-906.3399999999965,898.0
0.0,6815268168412.0,155377.34,3236.83,1644819341,CHRLZ/ADA_0.3,0.0,0.0,0.0,898.0
2.171373,67502.28,146572.65,18607.91,1644819341,DANA/ADA_0.05,0.0,0.0,0.0,898.0
0.812849,172500.98,140217.29,3301.65,1644819341,WMT/ADA_0.05,0.0,0.0,0.0,898.0
3.3e-05,3175344084.42,107604.31,4553.26,1644819341,ASHIB/ADA_1.0,0.0,0.0,0.0,898.0
0.0,98982207998388.0,95976.22,2949.74,1644819341,BISON/ADA_0.3,0.0,0.0,0.0,898.0
0.036851,2559194.0,94308.93,37749.95,1644819341,FIRE/ADA_0.3,0.0,0.0,0.0,898.0
0.0,943920729290.0,77399.77,38688.25,1644819341,HOSKY/ADA_0.3,0.0,0.0,0.0,898.0
0.313532,199791.41,62641.19,129941.91,1644819341,MIN/ADA_0.3,0.0,0.0,0.0,898.0
0.006089,9310057.0,56689.21,11473.71,1644819341,FLICK/ADA_0.3,0.0,0.0,0.0,898.0
0.093567,502853.0,47050.85,40836.04,1644819341,cNETA/ADA_0.3,0.0,0.0,0.0,898.0
0.12941,342704.76,44349.72,2807.61,1644819341,MELD/ADA_1.0,0.0,0.0,0.0,898.0
0.01181,3554118.0,41975.61,2985.12,1644819341,CNFT/ADA_0.3,0.0,0.0,0.0,898.0
0.114345,301897.4,34520.65,5283.65,1644819341,REVU/ADA_0.3,0.0,0.0,0.0,898.0
44.869986,687.0,30825.68,11425.38,1644819341,unsi…en/ADA_1.0,0.0,0.0,0.0,898.0
0.005279,5587698.0,29498.79,2650.09,1644819341,BDOGE/ADA_1.0,0.0,0.0,0.0,898.0
0.002996,9579489.41,28702.17,12489.28,1644819341,DRIP/ADA_1.0,-1.1999999999999858e-05,20000.0,-59.44000000000233,898.0
0.000841,33686232.53,28353.18,220.26,1644819341,MONET/ADA_0.3,0.0,0.0,0.0,898.0
0.013861,1848348.0,25620.08,1451.1,1644819341,QUID/ADA_0.3,0.0,0.0,0.0,898.0
0.149517,159594.0,23862.17,1965.82,1644819341,SKULL/ADA_1.0,0.0,0.0,0.0,898.0
0.123004,174269.07,21435.85,889.99,1644819341,MINt/ADA_0.05,0.0,0.0,0.0,898.0
0.000746,27961090.0,20864.14,0.0,1644819341,RAG/ADA_1.0,0.0,0.0,0.0,898.0
27.041742,727.0,19659.34,1474.12,1644819341,XDIA…ND/ADA_1.0,0.0,0.0,0.0,898.0
0.016292,1137899.0,18539.36,72.89,1644819341,GOKEY/ADA_0.3,0.0,0.0,0.0,898.0
0.309265,59853.88,18510.72,4344.01,1644819341,MIN/ADA_0.05,0.0,0.0,0.0,898.0
0.46495,38906.0,18089.37,2699.5,1644819341,CDX/ADA_1.0,0.0,0.0,0.0,898.0
0.038193,436987.0,16689.84,815.2,1644819341,cMETA/ADA_0.3,0.0,0.0,0.0,898.0
1e-06,12934177368.0,15638.18,6214.31,1644819341,MEOW/ADA_0.3,0.0,0.0,0.0,898.0
0.00525,2969907.0,15592.44,3742.25,1644819341,RAVE/ADA_1.0,0.0,0.0,0.0,898.0
2.188129,6764.14,14800.82,0.0,1644819341,DANA/ADA_0.3,0.0,0.0,0.0,898.0
0.325778,40641.35,13240.06,2340.5,1644819341,CARGO/ADA_0.3,0.0,0.0,0.0,898.0
0.0,146156839942.0,11543.48,1130.95,1644819341,HOSKY/ADA_0.05,0.0,0.0,0.0,898.0
0.768512,14490.42,11136.07,0.0,1644819341,WMT/ADA_1.0,0.0,0.0,0.0,898.0
4.1e-05,264882956.0,11102.37,4890.69,1644819341,SHIBA/ADA_1.0,0.0,0.0,0.0,898.0
0.110175,97370.0,10727.76,0.0,1644819341,Card…rm/ADA_0.3,0.0,0.0,0.0,898.0
0.046783,201341.03,9419.49,832.28,1644819341,cbTHC/ADA_0.3,0.0,0.0,0.0,898.0
0.003002,2992204.97,8983.39,450.35,1644819341,DRIP/ADA_0.3,0.0,0.0,0.0,898.0
0.001167,7422752.0,8665.39,0.0,1644819341,FLANO/ADA_1.0,0.0,0.0,0.0,898.0
0.000183,43742262.0,8043.83,852.94,1644819341,FIRE/ADA_1.0,0.0,0.0,0.0,898.0
0.685234,24429379.32,16739841.96,1946682.5,1644820241,SUNDAE/ADA_0.3,0.005349999999999966,60475.4299999997,171799.11000000127,899.0
93.149871,145338.98,13538308.07,886492.05,1644820241,LQ/ADA_0.3,0.0,0.0,0.0,899.0
0.811461,12481499.39,10128254.33,754898.07,1644820241,WMT/ADA_0.3,-2.0000000000020002e-05,962.3600000012666,526.390000000596,899.0
0.132495,9911073.6,1313176.38,716769.68,1644820241,MELD/ADA_0.3,0.0006319999999999937,-23688.16000000015,3140.5,899.0
0.097277,12234740.0,1190163.55,249077.27,1644820241,PAVIA/ADA_0.3,0.00014700000000000824,-7199.0,1101.5700000000652,899.0
0.169285,6348320.0,1074676.48,43264.7,1644820241,XRAY/ADA_0.3,0.0,200.0,33.85000000009313,899.0
0.290109,2718273.0,788595.58,176148.47,1644820241,ADAX/ADA_0.3,0.0,0.0,0.0,899.0
1.860599,394768.38,734506.05,65383.58,1644820241,AADA/ADA_0.3,-0.002083000000000057,221.11999999999534,-410.4199999999255,899.0
1.700176,335883.59,571061.54,107031.67,1644820241,VYFI/ADA_0.3,0.0,0.0,0.0,899.0
6.391013,50892.0,325251.45,104832.94,1644820241,MILK/ADA_0.3,0.0,0.0,0.0,899.0
0.131364,1589741.46,208835.67,48510.49,1644820241,MINt/ADA_0.3,0.0,0.0,0.0,899.0
0.034081,5650777.68,192588.93,16740.33,1644820241,CLAP/ADA_0.3,0.0,0.0,0.0,899.0
0.0,6815268168412.0,155377.34,3236.83,1644820241,CHRLZ/ADA_0.3,0.0,0.0,0.0,899.0
2.171373,67502.28,146572.65,18607.91,1644820241,DANA/ADA_0.05,0.0,0.0,0.0,899.0
0.812849,172784.09,140447.42,3301.65,1644820241,WMT/ADA_0.05,0.0,283.10999999998603,230.13000000000466,899.0
3.3e-05,3175344084.42,107604.31,4553.26,1644820241,ASHIB/ADA_1.0,0.0,0.0,0.0,899.0
0.0,98982207998388.0,95976.22,2949.74,1644820241,BISON/ADA_0.3,0.0,0.0,0.0,899.0
0.036851,2559194.0,94308.93,37749.95,1644820241,FIRE/ADA_0.3,0.0,0.0,0.0,899.0
0.0,943556105980.0,77429.77,40320.79,1644820241,HOSKY/ADA_0.3,0.0,-364623310.0,30.0,899.0
0.313532,199791.41,62641.19,129941.91,1644820241,MIN/ADA_0.3,0.0,0.0,0.0,899.0
0.006089,9310057.0,56689.21,11473.71,1644820241,FLICK/ADA_0.3,0.0,0.0,0.0,899.0
0.093567,502853.0,47050.85,40836.04,1644820241,cNETA/ADA_0.3,0.0,0.0,0.0,899.0
0.12941,342704.76,44349.72,2807.61,1644820241,MELD/ADA_1.0,0.0,0.0,0.0,899.0
0.01181,3554118.0,41975.61,2985.12,1644820241,CNFT/ADA_0.3,0.0,0.0,0.0,899.0
0.114726,301397.0,34578.14,5341.31,1644820241,REVU/ADA_0.3,0.00038099999999999246,-500.4000000000233,57.48999999999796,899.0
44.869986,687.0,30825.68,11425.38,1644820241,unsi…en/ADA_1.0,0.0,0.0,0.0,899.0
0.005279,5587698.0,29498.79,2650.09,1644820241,BDOGE/ADA_1.0,0.0,0.0,0.0,899.0
0.000841,33686232.53,28353.18,220.26,1644820241,MONET/ADA_0.3,0.0,0.0,0.0,899.0
0.002837,9845489.41,27934.25,13257.2,1644820241,DRIP/ADA_1.0,-0.00015899999999999985,266000.0,-767.9199999999983,899.0
0.013861,1848348.0,25620.08,1451.1,1644820241,QUID/ADA_0.3,0.0,0.0,0.0,899.0
0.149517,159594.0,23862.17,1965.82,1644820241,SKULL/ADA_1.0,0.0,0.0,0.0,899.0
0.123004,174269.07,21435.85,889.99,1644820241,MINt/ADA_0.05,0.0,0.0,0.0,899.0
0.000746,27961090.0,20864.14,0.0,1644820241,RAG/ADA_1.0,0.0,0.0,0.0,899.0
27.041742,727.0,19659.34,1474.12,1644820241,XDIA…ND/ADA_1.0,0.0,0.0,0.0,899.0
0.016292,1137899.0,18539.36,72.89,1644820241,GOKEY/ADA_0.3,0.0,0.0,0.0,899.0
0.309265,59853.88,18510.72,4344.01,1644820241,MIN/ADA_0.05,0.0,0.0,0.0,899.0
0.46495,38906.0,18089.37,2699.5,1644820241,CDX/ADA_1.0,0.0,0.0,0.0,899.0
0.038193,436987.0,16689.84,815.2,1644820241,cMETA/ADA_0.3,0.0,0.0,0.0,899.0
1e-06,12934177368.0,15638.18,6214.31,1644820241,MEOW/ADA_0.3,0.0,0.0,0.0,899.0
0.00525,2969907.0,15592.44,3742.25,1644820241,RAVE/ADA_1.0,0.0,0.0,0.0,899.0
2.188129,6764.14,14800.82,0.0,1644820241,DANA/ADA_0.3,0.0,0.0,0.0,899.0
0.325778,40641.35,13240.06,2340.5,1644820241,CARGO/ADA_0.3,0.0,0.0,0.0,899.0
0.0,146156839942.0,11543.48,1130.95,1644820241,HOSKY/ADA_0.05,0.0,0.0,0.0,899.0
0.768512,14490.42,11136.07,0.0,1644820241,WMT/ADA_1.0,0.0,0.0,0.0,899.0
4.1e-05,266539687.0,11034.05,4959.02,1644820241,SHIBA/ADA_1.0,0.0,1656731.0,-68.32000000000153,899.0
0.110175,97370.0,10727.76,0.0,1644820241,Card…rm/ADA_0.3,0.0,0.0,0.0,899.0
0.046783,201341.03,9419.49,832.28,1644820241,cbTHC/ADA_0.3,0.0,0.0,0.0,899.0
0.003002,2997204.97,8998.41,450.35,1644820241,DRIP/ADA_0.3,0.0,5000.0,15.020000000000437,899.0
0.001167,7422752.0,8665.39,0.0,1644820241,FLANO/ADA_1.0,0.0,0.0,0.0,899.0
0.000183,43742262.0,8043.83,852.94,1644820241,FIRE/ADA_1.0,0.0,0.0,0.0,899.0
0.685787,24469158.22,16780633.57,1954709.4,1644821140,SUNDAE/ADA_0.3,0.0005530000000000257,39778.89999999851,40791.609999999404,899.0
93.151012,145338.09,13538391.07,886575.3,1644821140,LQ/ADA_0.3,0.0011409999999898446,-0.8900000000139698,83.0,899.0
0.811707,12480221.61,10130293.96,756443.37,1644821140,WMT/ADA_0.3,0.00024599999999996847,-1277.780000001192,2039.6300000008196,899.0
0.132412,9914181.68,1312766.04,717214.07,1644821140,MELD/ADA_0.3,-8.299999999999974e-05,3108.0800000000745,-410.339999999851,899.0
0.097223,12236827.0,1189704.04,249407.99,1644821140,PAVIA/ADA_0.3,-5.3999999999998494e-05,2087.0,-459.5100000000093,899.0
0.169072,6352320.0,1074001.8,43939.39,1644821140,XRAY/ADA_0.3,-0.00021299999999999097,4000.0,-674.6799999999348,899.0
0.290109,2718273.0,788595.58,176148.47,1644821140,ADAX/ADA_0.3,0.0,0.0,0.0,899.0
1.860599,394768.38,734506.05,65383.58,1644821140,AADA/ADA_0.3,0.0,0.0,0.0,899.0
1.700176,335883.59,571061.54,107031.67,1644821140,VYFI/ADA_0.3,0.0,0.0,0.0,899.0
6.391013,50892.0,325251.45,104832.94,1644821140,MILK/ADA_0.3,0.0,0.0,0.0,899.0
0.131364,1589741.46,208835.67,48510.49,1644821140,MINt/ADA_0.3,0.0,0.0,0.0,899.0
0.034081,5650777.68,192588.93,16740.33,1644821140,CLAP/ADA_0.3,0.0,0.0,0.0,899.0
0.0,6815268168412.0,155377.34,3236.83,1644821140,CHRLZ/ADA_0.3,0.0,0.0,0.0,899.0
2.171373,67502.28,146572.65,18607.91,1644821140,DANA/ADA_0.05,0.0,0.0,0.0,899.0
0.812849,172578.44,140280.26,3301.65,1644821140,WMT/ADA_0.05,0.0,-205.64999999999418,-167.1600000000035,899.0
3.3e-05,3175344084.42,107604.31,4553.26,1644821140,ASHIB/ADA_1.0,0.0,0.0,0.0,899.0
0.0,98982207998388.0,95976.22,2949.74,1644821140,BISON/ADA_0.3,0.0,0.0,0.0,899.0
0.036851,2559194.0,94308.93,37749.95,1644821140,FIRE/ADA_0.3,0.0,0.0,0.0,899.0
0.0,979955440803.0,74563.74,42132.76,1644821140,HOSKY/ADA_0.3,0.0,36399334823.0,-2866.029999999999,899.0
0.313532,199791.41,62641.19,129941.91,1644821140,MIN/ADA_0.3,0.0,0.0,0.0,899.0
0.006089,9310057.0,56689.21,11473.71,1644821140,FLICK/ADA_0.3,0.0,0.0,0.0,899.0
0.093567,502853.0,47050.85,40836.04,1644821140,cNETA/ADA_0.3,0.0,0.0,0.0,899.0
0.12941,342704.76,44349.72,2807.61,1644821140,MELD/ADA_1.0,0.0,0.0,0.0,899.0
0.01181,3554118.0,41975.61,2985.12,1644821140,CNFT/ADA_0.3,0.0,0.0,0.0,899.0
0.114726,301397.0,34578.14,5341.31,1644821140,REVU/ADA_0.3,0.0,0.0,0.0,899.0
44.869986,687.0,30825.68,11425.38,1644821140,unsi…en/ADA_1.0,0.0,0.0,0.0,899.0
0.005279,5587698.0,29498.79,2650.09,1644821140,BDOGE/ADA_1.0,0.0,0.0,0.0,899.0
0.000841,33686232.53,28353.18,220.26,1644821140,MONET/ADA_0.3,0.0,0.0,0.0,899.0
0.002837,9845489.41,27934.25,13257.2,1644821140,DRIP/ADA_1.0,0.0,0.0,0.0,899.0
0.013861,1848348.0,25620.08,1451.1,1644821140,QUID/ADA_0.3,0.0,0.0,0.0,899.0
0.149517,159594.0,23862.17,1965.82,1644821140,SKULL/ADA_1.0,0.0,0.0,0.0,899.0
0.123004,174269.07,21435.85,889.99,1644821140,MINt/ADA_0.05,0.0,0.0,0.0,899.0
0.000746,27961090.0,20864.14,0.0,1644821140,RAG/ADA_1.0,0.0,0.0,0.0,899.0
27.041742,727.0,19659.34,1474.12,1644821140,XDIA…ND/ADA_1.0,0.0,0.0,0.0,899.0
0.016292,1137899.0,18539.36,72.89,1644821140,GOKEY/ADA_0.3,0.0,0.0,0.0,899.0
0.309265,59853.88,18510.72,4344.01,1644821140,MIN/ADA_0.05,0.0,0.0,0.0,899.0
0.46495,38906.0,18089.37,2699.5,1644821140,CDX/ADA_1.0,0.0,0.0,0.0,899.0
0.038193,436987.0,16689.84,815.2,1644821140,cMETA/ADA_0.3,0.0,0.0,0.0,899.0
1e-06,12934177368.0,15638.18,6214.31,1644821140,MEOW/ADA_0.3,0.0,0.0,0.0,899.0
0.00525,2969907.0,15592.44,3742.25,1644821140,RAVE/ADA_1.0,0.0,0.0,0.0,899.0
2.188129,6764.14,14800.82,0.0,1644821140,DANA/ADA_0.3,0.0,0.0,0.0,899.0
0.335206,40066.59,13430.56,2531.57,1644821140,CARGO/ADA_0.3,0.009427999999999992,-574.760000000002,190.5,899.0
0.0,146156839942.0,11543.48,1130.95,1644821140,HOSKY/ADA_0.05,0.0,0.0,0.0,899.0
0.768512,14490.42,11136.07,0.0,1644821140,WMT/ADA_1.0,0.0,0.0,0.0,899.0
4.1e-05,266539687.0,11034.05,4959.02,1644821140,SHIBA/ADA_1.0,0.0,0.0,0.0,899.0
0.110175,97370.0,10727.76,0.0,1644821140,Card…rm/ADA_0.3,0.0,0.0,0.0,899.0
0.046783,201341.03,9419.49,832.28,1644821140,cbTHC/ADA_0.3,0.0,0.0,0.0,899.0
0.003002,2997204.97,8998.41,450.35,1644821140,DRIP/ADA_0.3,0.0,0.0,0.0,899.0
0.001167,7422752.0,8665.39,0.0,1644821140,FLANO/ADA_1.0,0.0,0.0,0.0,899.0
0.000183,43742262.0,8043.83,852.94,1644821140,FIRE/ADA_1.0,0.0,0.0,0.0,899.0
0.685628,24522551.95,16813370.03,1574132.62,1644822040,SUNDAE/ADA_0.3,-0.00015900000000002024,53393.73000000045,32736.460000000894,900.0
93.151699,145337.99,13538481.48,854424.97,1644822040,LQ/ADA_0.3,0.000686999999999216,-0.10000000000582077,90.41000000014901,900.0
0.811713,12480802.43,10130835.32,729527.77,1644822040,WMT/ADA_0.3,6.000000000061512e-06,580.820000000298,541.359999999404,900.0
0.132355,9916398.85,1312488.58,706362.14,1644822040,MELD/ADA_0.3,-5.7000000000001494e-05,2217.1699999999255,-277.45999999996275,900.0
0.097417,12224621.0,1190895.88,228664.85,1644822040,PAVIA/ADA_0.3,0.00019399999999999973,-12206.0,1191.839999999851,900.0
0.169053,6352555.0,1073922.55,43487.99,1644822040,XRAY/ADA_0.3,-1.8999999999991246e-05,235.0,-79.25,900.0
0.290057,2718517.0,788525.34,175529.14,1644822040,ADAX/ADA_0.3,-5.1999999999996493e-05,244.0,-70.23999999999069,900.0
1.862623,394554.16,734906.05,65532.03,1644822040,AADA/ADA_0.3,0.0020240000000000258,-214.22000000003027,400.0,900.0
1.700176,335883.59,571061.54,106655.54,1644822040,VYFI/ADA_0.3,0.0,0.0,0.0,900.0
6.390948,50876.0,325145.88,95689.95,1644822040,MILK/ADA_0.3,-6.500000000020378e-05,-16.0,-105.57000000000698,900.0
0.131131,1591157.46,208650.38,48695.78,1644822040,MINt/ADA_0.3,-0.00023300000000001098,1416.0,-185.29000000000815,900.0
0.034081,5650777.68,192588.93,16740.33,1644822040,CLAP/ADA_0.3,0.0,0.0,0.0,900.0
0.0,6815268168412.0,155377.34,3236.83,1644822040,CHRLZ/ADA_0.3,0.0,0.0,0.0,900.0
2.172113,67490.78,146597.65,18632.92,1644822040,DANA/ADA_0.05,0.0007399999999999629,-11.5,25.0,900.0
0.812849,172578.44,140280.26,3301.65,1644822040,WMT/ADA_0.05,0.0,0.0,0.0,900.0
3.3e-05,3174333687.02,107638.9,4588.21,1644822040,ASHIB/ADA_1.0,0.0,-1010397.4000000954,34.58999999999651,900.0
0.0,98982207998388.0,95976.22,2949.74,1644822040,BISON/ADA_0.3,0.0,0.0,0.0,900.0
0.036851,2559194.0,94308.93,37749.95,1644822040,FIRE/ADA_0.3,0.0,0.0,0.0,900.0
0.0,970674044035.0,75283.93,44526.85,1644822040,HOSKY/ADA_0.3,0.0,-9281396768.0,720.1899999999878,900.0
0.313532,199791.41,62641.19,129941.91,1644822040,MIN/ADA_0.3,0.0,0.0,0.0,900.0
0.00609,9308656.0,56697.77,11482.3,1644822040,FLICK/ADA_0.3,1.0000000000001327e-06,-1401.0,8.559999999997672,900.0
0.093567,502853.0,47050.85,40836.04,1644822040,cNETA/ADA_0.3,0.0,0.0,0.0,900.0
0.12941,342704.76,44349.72,2807.61,1644822040,MELD/ADA_1.0,0.0,0.0,0.0,900.0
0.01181,3554118.0,41975.61,2985.12,1644822040,CNFT/ADA_0.3,0.0,0.0,0.0,900.0
0.122771,291368.62,35771.83,6538.59,1644822040,REVU/ADA_0.3,0.00804500000000001,-10028.380000000005,1193.6900000000023,900.0
44.869986,687.0,30825.68,11425.38,1644822040,unsi…en/ADA_1.0,0.0,0.0,0.0,900.0
0.005279,5587698.0,29498.79,2650.09,1644822040,BDOGE/ADA_1.0,0.0,0.0,0.0,900.0
0.003084,9445325.19,29129.68,13777.29,1644822040,DRIP/ADA_1.0,0.0002469999999999998,-400164.22000000067,1195.4300000000003,900.0
0.000841,33686232.53,28353.18,220.26,1644822040,MONET/ADA_0.3,0.0,0.0,0.0,900.0
0.013861,1848348.0,25620.08,1451.1,1644822040,QUID/ADA_0.3,0.0,0.0,0.0,900.0
0.149517,159594.0,23862.17,1888.15,1644822040,SKULL/ADA_1.0,0.0,0.0,0.0,900.0
0.123004,174269.07,21435.85,889.99,1644822040,MINt/ADA_0.05,0.0,0.0,0.0,900.0
0.000746,27961090.0,20864.14,0.0,1644822040,RAG/ADA_1.0,0.0,0.0,0.0,900.0
27.041742,727.0,19659.34,1474.12,1644822040,XDIA…ND/ADA_1.0,0.0,0.0,0.0,900.0
0.016292,1137899.0,18539.36,72.89,1644822040,GOKEY/ADA_0.3,0.0,0.0,0.0,900.0
0.309265,59853.88,18510.72,4344.01,1644822040,MIN/ADA_0.05,0.0,0.0,0.0,900.0
0.46495,38906.0,18089.37,2699.5,1644822040,CDX/ADA_1.0,0.0,0.0,0.0,900.0
0.038193,436987.0,16689.84,815.2,1644822040,cMETA/ADA_0.3,0.0,0.0,0.0,900.0
1e-06,12934177368.0,15638.18,6214.31,1644822040,MEOW/ADA_0.3,0.0,0.0,0.0,900.0
0.00525,2969907.0,15592.44,3763.14,1644822040,RAVE/ADA_1.0,0.0,0.0,0.0,900.0
2.188129,6764.14,14800.82,0.0,1644822040,DANA/ADA_0.3,0.0,0.0,0.0,900.0
0.335206,40066.59,13430.56,2531.57,1644822040,CARGO/ADA_0.3,0.0,0.0,0.0,900.0
0.0,146156839942.0,11543.48,1130.95,1644822040,HOSKY/ADA_0.05,0.0,0.0,0.0,900.0
0.768512,14490.42,11136.07,0.0,1644822040,WMT/ADA_1.0,0.0,0.0,0.0,900.0
4.1e-05,266539687.0,11034.05,4959.02,1644822040,SHIBA/ADA_1.0,0.0,0.0,0.0,900.0
0.110175,97370.0,10727.76,0.0,1644822040,Card…rm/ADA_0.3,0.0,0.0,0.0,900.0
0.046783,201341.03,9419.49,832.28,1644822040,cbTHC/ADA_0.3,0.0,0.0,0.0,900.0
0.003002,2997204.97,8998.41,450.35,1644822040,DRIP/ADA_0.3,0.0,0.0,0.0,900.0
0.001167,7422752.0,8665.39,0.0,1644822040,FLANO/ADA_1.0,0.0,0.0,0.0,900.0
0.000183,43742262.0,8043.83,852.94,1644822040,FIRE/ADA_1.0,0.0,0.0,0.0,900.0
0.686139,24539145.69,16837269.62,1580667.93,1644822940,SUNDAE/ADA_0.3,0.0005110000000000392,16593.740000002086,23899.58999999985,899.0
93.168737,145335.92,13540765.13,854665.69,1644822940,LQ/ADA_0.3,0.017037999999999442,-2.069999999977881,2283.6500000003725,899.0
0.811724,12481259.44,10131346.07,729527.77,1644822940,WMT/ADA_0.3,1.0999999999983245e-05,457.0099999997765,510.75,899.0
0.132402,9914650.63,1312720.71,706596.28,1644822940,MELD/ADA_0.3,4.699999999999149e-05,-1748.219999998808,232.12999999988824,899.0
0.101356,11985125.0,1214770.99,229676.21,1644822940,PAVIA/ADA_0.3,0.003938999999999998,-239496.0,23875.110000000102,899.0
0.16904,6352794.0,1073882.27,43528.27,1644822940,XRAY/ADA_0.3,-1.3000000000013001e-05,239.0,-40.28000000002794,899.0
0.290069,2718458.0,788542.97,175685.82,1644822940,ADAX/ADA_0.3,1.2000000000012001e-05,-59.0,17.630000000004657,899.0
1.855075,395357.3,733417.62,67020.46,1644822940,AADA/ADA_0.3,-0.007547999999999888,803.140000000014,-1488.4300000000512,899.0
1.700176,329796.75,560712.84,116786.77,1644822940,VYFI/ADA_0.3,0.0,-6086.840000000026,-10348.70000000007,899.0
6.276364,51339.0,322222.29,98613.54,1644822940,MILK/ADA_0.3,-0.1145839999999998,463.0,-2923.5900000000256,899.0
0.131131,1591157.46,208650.38,40361.97,1644822940,MINt/ADA_0.3,0.0,0.0,0.0,899.0
0.034081,5650777.68,192588.93,16633.94,1644822940,CLAP/ADA_0.3,0.0,0.0,0.0,899.0
0.0,6815268168412.0,155377.34,3236.83,1644822940,CHRLZ/ADA_0.3,0.0,0.0,0.0,899.0
2.172113,67490.78,146597.65,16932.07,1644822940,DANA/ADA_0.05,0.0,0.0,0.0,899.0
0.812849,172578.44,140280.26,3301.65,1644822940,WMT/ADA_0.05,0.0,0.0,0.0,899.0
3.3e-05,3174333687.02,107638.9,4386.21,1644822940,ASHIB/ADA_1.0,0.0,0.0,0.0,899.0
0.0,98982207998388.0,95976.22,2849.09,1644822940,BISON/ADA_0.3,0.0,0.0,0.0,899.0
0.036851,2559194.0,94308.93,37749.95,1644822940,FIRE/ADA_0.3,0.0,0.0,0.0,899.0
0.0,980251786814.0,74550.76,43296.86,1644822940,HOSKY/ADA_0.3,0.0,9577742779.0,-733.1699999999983,899.0
0.311093,200577.53,62398.38,118854.57,1644822940,MIN/ADA_0.3,-0.002438999999999969,786.1199999999953,-242.81000000000495,899.0
0.00609,9308656.0,56697.77,11482.3,1644822940,FLICK/ADA_0.3,0.0,0.0,0.0,899.0
0.0934,503303.0,47008.91,39835.41,1644822940,cNETA/ADA_0.3,-0.00016700000000000048,450.0,-41.93999999999505,899.0
0.12941,342704.76,44349.72,2807.61,1644822940,MELD/ADA_1.0,0.0,0.0,0.0,899.0
0.01181,3554118.0,41975.61,2985.12,1644822940,CNFT/ADA_0.3,0.0,0.0,0.0,899.0
0.11477,301368.62,34588.3,7722.12,1644822940,REVU/ADA_0.3,-0.008001000000000008,10000.0,-1183.5299999999988,899.0
44.869986,687.0,30825.68,11425.38,1644822940,unsi…en/ADA_1.0,0.0,0.0,0.0,899.0
0.005279,5587698.0,29498.79,2650.09,1644822940,BDOGE/ADA_1.0,0.0,0.0,0.0,899.0
0.003065,9474349.58,29041.33,13865.64,1644822940,DRIP/ADA_1.0,-1.899999999999992e-05,29024.390000000596,-88.34999999999854,899.0
0.000841,33686232.53,28353.18,258.37,1644822940,MONET/ADA_0.3,0.0,0.0,0.0,899.0
0.013861,1848348.0,25620.08,1451.1,1644822940,QUID/ADA_0.3,0.0,0.0,0.0,899.0
0.149517,159594.0,23862.17,1888.15,1644822940,SKULL/ADA_1.0,0.0,0.0,0.0,899.0
0.123004,174269.07,21435.85,889.99,1644822940,MINt/ADA_0.05,0.0,0.0,0.0,899.0
0.000746,27961090.0,20864.14,0.0,1644822940,RAG/ADA_1.0,0.0,0.0,0.0,899.0
27.041742,727.0,19659.34,1474.12,1644822940,XDIA…ND/ADA_1.0,0.0,0.0,0.0,899.0
0.016292,1137899.0,18539.36,72.89,1644822940,GOKEY/ADA_0.3,0.0,0.0,0.0,899.0
0.309265,59853.88,18510.72,4344.01,1644822940,MIN/ADA_0.05,0.0,0.0,0.0,899.0
0.46495,38906.0,18089.37,2699.5,1644822940,CDX/ADA_1.0,0.0,0.0,0.0,899.0
0.038193,436987.0,16689.84,815.2,1644822940,cMETA/ADA_0.3,0.0,0.0,0.0,899.0
1e-06,12934177368.0,15638.18,6214.31,1644822940,MEOW/ADA_0.3,0.0,0.0,0.0,899.0
0.005212,2980766.0,15536.2,3763.14,1644822940,RAVE/ADA_1.0,-3.800000000000071e-05,10859.0,-56.23999999999978,899.0
2.188129,6764.14,14800.82,0.0,1644822940,DANA/ADA_0.3,0.0,0.0,0.0,899.0
0.0,146156839942.0,11543.48,1130.95,1644822940,HOSKY/ADA_0.05,0.0,0.0,0.0,899.0
0.768512,14574.99,11201.07,0.0,1644822940,WMT/ADA_1.0,0.0,84.56999999999971,65.0,899.0
4.1e-05,266539687.0,11034.05,4959.02,1644822940,SHIBA/ADA_1.0,0.0,0.0,0.0,899.0
0.110175,97370.0,10727.76,0.0,1644822940,Card…rm/ADA_0.3,0.0,0.0,0.0,899.0
0.046783,201341.03,9419.49,832.28,1644822940,cbTHC/ADA_0.3,0.0,0.0,0.0,899.0
0.003002,2995282.04,8992.63,450.35,1644822940,DRIP/ADA_0.3,0.0,-1922.9300000001676,-5.780000000000655,899.0
0.001167,7422752.0,8665.39,0.0,1644822940,FLANO/ADA_1.0,0.0,0.0,0.0,899.0
0.000183,43742262.0,8043.83,852.94,1644822940,FIRE/ADA_1.0,0.0,0.0,0.0,899.0
0.000148,53286494.0,7923.46,0.0,1644822940,KIDZ/ADA_0.3,0.0,0.0,0.0,5397.0
0.686513,24605284.48,16891856.76,1585301.48,1644823840,SUNDAE/ADA_0.3,0.00037399999999998546,66138.7899999991,54587.140000000596,900.0
93.0703,145417.57,13534057.02,863121.63,1644823840,LQ/ADA_0.3,-0.0984369999999899,81.64999999999418,-6708.110000001267,900.0
0.812211,12477530.41,10134399.09,732581.9,1644823840,WMT/ADA_0.3,0.0004870000000000152,-3729.0299999993294,3053.019999999553,900.0
0.13243,9914359.18,1312961.71,713305.33,1644823840,MELD/ADA_0.3,2.8000000000000247e-05,-291.4500000011176,241.0,900.0
0.100594,12030030.0,1210160.09,235269.79,1644823840,PAVIA/ADA_0.3,-0.0007619999999999988,44905.0,-4610.899999999907,900.0
0.16904,6360609.0,1075203.32,43528.27,1644823840,XRAY/ADA_0.3,0.0,7815.0,1321.0500000000466,900.0
0.290069,2718458.0,788542.97,175685.82,1644823840,ADAX/ADA_0.3,0.0,0.0,0.0,900.0
1.855125,395351.92,733427.62,67030.49,1644823840,AADA/ADA_0.3,4.999999999988347e-05,-5.380000000004657,10.0,900.0
1.644284,335365.01,551435.55,117643.28,1644823840,VYFI/ADA_0.3,-0.05589199999999983,5568.260000000009,-9277.28999999992,900.0
6.288977,51288.0,322549.09,98941.33,1644823840,MILK/ADA_0.3,0.012612999999999985,-51.0,326.80000000004657,900.0
0.131131,1591157.46,208650.38,40361.97,1644823840,MINt/ADA_0.3,0.0,0.0,0.0,900.0
0.034081,5650777.68,192588.93,16633.94,1644823840,CLAP/ADA_0.3,0.0,0.0,0.0,900.0
0.0,6816268168807.0,155400.14,3236.83,1644823840,CHRLZ/ADA_0.3,0.0,1000000395.0,22.800000000017462,900.0
2.178566,67390.78,146815.29,17149.82,1644823840,DANA/ADA_0.05,0.006453000000000042,-100.0,217.64000000001397,900.0
0.812849,172578.44,140280.26,3301.65,1644823840,WMT/ADA_0.05,0.0,0.0,0.0,900.0
3.3e-05,3174333687.02,107638.9,4386.21,1644823840,ASHIB/ADA_1.0,0.0,0.0,0.0,900.0
0.0,98772206658207.0,96180.89,3054.38,1644823840,BISON/ADA_0.3,0.0,-210001340181.0,204.66999999999825,900.0
0.036851,2559194.0,94308.93,37749.95,1644823840,FIRE/ADA_0.3,0.0,0.0,0.0,900.0
0.0,979989670192.0,74570.76,43316.92,1644823840,HOSKY/ADA_0.3,0.0,-262116622.0,20.0,900.0
0.311093,200577.53,62398.38,118854.57,1644823840,MIN/ADA_0.3,0.0,0.0,0.0,900.0
0.00609,9308656.0,56697.77,11482.3,1644823840,FLICK/ADA_0.3,0.0,0.0,0.0,900.0
0.094905,499303.0,47386.64,39835.41,1644823840,cNETA/ADA_0.3,0.0015050000000000063,-4000.0,377.7299999999959,900.0
0.12941,342704.76,44349.72,2807.61,1644823840,MELD/ADA_1.0,0.0,0.0,0.0,900.0
0.01181,3554118.0,41975.61,2985.12,1644823840,CNFT/ADA_0.3,0.0,0.0,0.0,900.0
0.11477,301368.62,34588.3,7722.12,1644823840,REVU/ADA_0.3,0.0,0.0,0.0,900.0
44.869986,687.0,30825.68,11425.38,1644823840,unsi…en/ADA_1.0,0.0,0.0,0.0,900.0
0.005279,5587698.0,29498.79,2650.09,1644823840,BDOGE/ADA_1.0,0.0,0.0,0.0,900.0
0.003084,9445760.93,29136.3,13958.46,1644823840,DRIP/ADA_1.0,1.899999999999992e-05,-28588.650000000373,94.96999999999753,900.0
0.000843,33641280.49,28391.18,258.37,1644823840,MONET/ADA_0.3,2.0000000000000486e-06,-44952.039999999106,38.0,900.0
0.013861,1848348.0,25620.08,1451.1,1644823840,QUID/ADA_0.3,0.0,0.0,0.0,900.0
0.149517,159594.0,23862.17,1888.15,1644823840,SKULL/ADA_1.0,0.0,0.0,0.0,900.0
0.123004,174269.07,21435.85,889.99,1644823840,MINt/ADA_0.05,0.0,0.0,0.0,900.0
0.000746,27961090.0,20864.14,0.0,1644823840,RAG/ADA_1.0,0.0,0.0,0.0,900.0
27.041742,727.0,19659.34,1474.12,1644823840,XDIA…ND/ADA_1.0,0.0,0.0,0.0,900.0
0.016292,1137899.0,18539.36,72.89,1644823840,GOKEY/ADA_0.3,0.0,0.0,0.0,900.0
0.309265,59853.88,18510.72,4344.01,1644823840,MIN/ADA_0.05,0.0,0.0,0.0,900.0
0.46495,38906.0,18089.37,2699.5,1644823840,CDX/ADA_1.0,0.0,0.0,0.0,900.0
0.038193,436987.0,16689.84,815.2,1644823840,cMETA/ADA_0.3,0.0,0.0,0.0,900.0
1e-06,12934177368.0,15638.18,6214.31,1644823840,MEOW/ADA_0.3,0.0,0.0,0.0,900.0
0.005212,2980766.0,15536.2,3763.14,1644823840,RAVE/ADA_1.0,0.0,0.0,0.0,900.0
2.188129,6764.14,14800.82,0.0,1644823840,DANA/ADA_0.3,0.0,0.0,0.0,900.0
0.335206,40066.59,13430.56,2531.57,1644823840,CARGO/ADA_0.3,0.0,0.0,0.0,1800.0
0.0,146156839942.0,11543.48,1130.95,1644823840,HOSKY/ADA_0.05,0.0,0.0,0.0,900.0
0.768512,14574.99,11201.07,0.0,1644823840,WMT/ADA_1.0,0.0,0.0,0.0,900.0
4.1e-05,266539687.0,11034.05,4959.02,1644823840,SHIBA/ADA_1.0,0.0,0.0,0.0,900.0
0.110175,97370.0,10727.76,0.0,1644823840,Card…rm/ADA_0.3,0.0,0.0,0.0,900.0
0.046783,201341.03,9419.49,832.28,1644823840,cbTHC/ADA_0.3,0.0,0.0,0.0,900.0
0.003002,2995282.04,8992.63,450.35,1644823840,DRIP/ADA_0.3,0.0,0.0,0.0,900.0
0.001167,7422752.0,8665.39,0.0,1644823840,FLANO/ADA_1.0,0.0,0.0,0.0,900.0
0.000183,43742262.0,8043.83,852.94,1644823840,FIRE/ADA_1.0,0.0,0.0,0.0,900.0
0.692443,24538741.28,16991680.02,1661315.53,1644824740,SUNDAE/ADA_0.3,0.005929999999999991,-66543.19999999925,99823.25999999791,900.0
93.084667,145406.36,13535103.17,864170.92,1644824740,LQ/ADA_0.3,0.014366999999992913,-11.210000000020955,1046.1500000003725,900.0
0.812448,12478961.88,10138517.09,734066.34,1644824740,WMT/ADA_0.3,0.0002369999999999317,1431.4700000006706,4118.0,900.0
0.130464,10003862.09,1305153.49,717529.22,1644824740,MELD/ADA_0.3,-0.0019659999999999955,89502.91000000015,-7808.219999999972,900.0
0.100481,12037098.0,1209507.48,237933.94,1644824740,PAVIA/ADA_0.3,-0.00011300000000000199,7068.0,-652.6100000001024,900.0
0.16904,6360609.0,1075203.32,43528.27,1644824740,XRAY/ADA_0.3,0.0,0.0,0.0,900.0
0.290069,2718458.0,788542.97,175685.82,1644824740,ADAX/ADA_0.3,0.0,0.0,0.0,900.0
1.854448,395424.27,733293.83,67164.27,1644824740,AADA/ADA_0.3,-0.0006769999999998166,72.35000000003492,-133.79000000003725,900.0
1.644284,335365.01,551435.55,117643.28,1644824740,VYFI/ADA_0.3,0.0,0.0,0.0,900.0
6.327969,51130.0,323549.09,99944.33,1644824740,MILK/ADA_0.3,0.03899200000000036,-158.0,1000.0,900.0
0.131131,1591157.46,208650.38,40361.97,1644824740,MINt/ADA_0.3,0.0,0.0,0.0,900.0
0.034081,5650777.68,192588.93,16633.94,1644824740,CLAP/ADA_0.3,0.0,0.0,0.0,900.0
0.0,6816246303328.0,155400.64,3237.33,1644824740,CHRLZ/ADA_0.3,0.0,-21865479.0,0.5,900.0
2.18495,67292.28,147030.29,17364.93,1644824740,DANA/ADA_0.05,0.006384000000000167,-98.5,215.0,900.0
0.812849,172578.44,140280.26,3301.65,1644824740,WMT/ADA_0.05,0.0,0.0,0.0,900.0
3.4e-05,3168505273.73,107838.9,4588.21,1644824740,ASHIB/ADA_1.0,9.999999999999972e-07,-5828413.289999962,200.0,900.0
0.0,98751694926045.0,96200.92,3074.48,1644824740,BISON/ADA_0.3,0.0,-20511732162.0,20.029999999998836,900.0
0.036851,2559194.0,94308.93,37749.95,1644824740,FIRE/ADA_0.3,0.0,0.0,0.0,900.0
0.0,976861146114.0,74810.3,43557.18,1644824740,HOSKY/ADA_0.3,0.0,-3128524078.0,239.54000000000815,900.0
0.311093,200577.53,62398.38,118854.57,1644824740,MIN/ADA_0.3,0.0,0.0,0.0,900.0
0.006091,9308329.0,56699.77,11484.3,1644824740,FLICK/ADA_0.3,1.0000000000001327e-06,-327.0,2.0,900.0
0.096036,496362.0,47668.66,40222.4,1644824740,cNETA/ADA_0.3,0.0011309999999999931,-2941.0,282.0200000000041,900.0
0.12941,342704.76,44349.72,2807.61,1644824740,MELD/ADA_1.0,0.0,0.0,0.0,900.0
0.011613,3584118.0,41625.31,3335.42,1644824740,CNFT/ADA_0.3,-0.00019699999999999926,30000.0,-350.3000000000029,900.0
0.11477,301368.62,34588.3,7722.12,1644824740,REVU/ADA_0.3,0.0,0.0,0.0,900.0
44.869986,687.0,30825.68,11425.38,1644824740,unsi…en/ADA_1.0,0.0,0.0,0.0,900.0
0.005279,5587605.0,29499.29,2650.59,1644824740,BDOGE/ADA_1.0,0.0,-93.0,0.5,900.0
0.003084,9445760.93,29136.3,13958.46,1644824740,DRIP/ADA_1.0,0.0,0.0,0.0,900.0
0.000843,33641280.49,28391.18,258.87,1644824740,MONET/ADA_0.3,0.0,0.0,0.0,900.0
0.013862,1848277.0,25621.08,1452.11,1644824740,QUID/ADA_0.3,9.999999999992654e-07,-71.0,1.0,900.0
0.149529,159588.0,23863.17,1889.16,1644824740,SKULL/ADA_1.0,1.1999999999984245e-05,-6.0,1.0,900.0
0.123004,174269.07,21435.85,889.99,1644824740,MINt/ADA_0.05,0.0,0.0,0.0,900.0
0.000746,27961090.0,20864.14,0.0,1644824740,RAG/ADA_1.0,0.0,0.0,0.0,900.0
27.041742,727.0,19659.34,1474.12,1644824740,XDIA…ND/ADA_1.0,0.0,0.0,0.0,900.0
0.016292,1137899.0,18539.36,72.89,1644824740,GOKEY/ADA_0.3,0.0,0.0,0.0,900.0
0.309265,59853.88,18510.72,4344.01,1644824740,MIN/ADA_0.05,0.0,0.0,0.0,900.0
0.46495,38906.0,18089.37,2699.5,1644824740,CDX/ADA_1.0,0.0,0.0,0.0,900.0
0.038193,436987.0,16689.84,815.2,1644824740,cMETA/ADA_0.3,0.0,0.0,0.0,900.0
1e-06,12934177368.0,15638.18,6214.31,1644824740,MEOW/ADA_0.3,0.0,0.0,0.0,900.0
0.005212,2980766.0,15536.2,3763.14,1644824740,RAVE/ADA_1.0,0.0,0.0,0.0,900.0
2.188129,6764.14,14800.82,0.0,1644824740,DANA/ADA_0.3,0.0,0.0,0.0,900.0
0.335206,40066.59,13430.56,2531.57,1644824740,CARGO/ADA_0.3,0.0,0.0,0.0,900.0
0.0,146156839942.0,11543.48,1130.95,1644824740,HOSKY/ADA_0.05,0.0,0.0,0.0,900.0
0.768512,14574.99,11201.07,0.0,1644824740,WMT/ADA_1.0,0.0,0.0,0.0,900.0
4.1e-05,265039603.0,11097.13,5022.73,1644824740,SHIBA/ADA_1.0,0.0,-1500084.0,63.07999999999993,900.0
0.110195,97361.0,10728.76,0.0,1644824740,Card…rm/ADA_0.3,2.0000000000006124e-05,-9.0,1.0,900.0
0.046783,201341.03,9419.49,832.28,1644824740,cbTHC/ADA_0.3,0.0,0.0,0.0,900.0
0.003002,2995282.04,8992.63,450.35,1644824740,DRIP/ADA_0.3,0.0,0.0,0.0,900.0
0.001167,7422752.0,8665.39,0.0,1644824740,FLANO/ADA_1.0,0.0,0.0,0.0,900.0
0.000183,43742262.0,8043.83,852.94,1644824740,FIRE/ADA_1.0,0.0,0.0,0.0,900.0
0.69235,24542578.15,16992075.62,1353269.79,1644825640,SUNDAE/ADA_0.3,-9.300000000000974e-05,3836.869999997318,395.6000000014901,899.0
93.108624,145388.25,13536900.26,560220.64,1644825640,LQ/ADA_0.3,0.023957000000009998,-18.10999999998603,1797.089999999851,899.0
0.812848,12481947.75,10145936.57,692987.38,1644825640,WMT/ADA_0.3,0.00040000000000006697,2985.8699999991804,7419.480000000447,899.0
0.130097,10017996.56,1303318.46,714590.97,1644825640,MELD/ADA_0.3,-0.0003670000000000062,14134.47000000067,-1835.030000000028,899.0
0.100481,12037098.0,1209507.48,236465.38,1644825640,PAVIA/ADA_0.3,0.0,0.0,0.0,899.0
0.16904,6361509.0,1075355.46,43356.55,1644825640,XRAY/ADA_0.3,0.0,900.0,152.13999999989755,899.0
0.291688,2710918.0,790742.97,175301.64,1644825640,ADAX/ADA_0.3,0.0016189999999999816,-7540.0,2200.0,899.0
1.854448,395424.27,733293.83,66459.16,1644825640,AADA/ADA_0.3,0.0,0.0,0.0,899.0
1.644284,335365.01,551435.55,88911.0,1644825640,VYFI/ADA_0.3,0.0,0.0,0.0,899.0
6.34024,51081.0,323865.8,100192.84,1644825640,MILK/ADA_0.3,0.012270999999999255,-49.0,316.70999999996275,899.0
0.131131,1591157.46,208650.38,40055.1,1644825640,MINt/ADA_0.3,0.0,0.0,0.0,899.0
0.034081,5650777.68,192588.93,14947.26,1644825640,CLAP/ADA_0.3,0.0,0.0,0.0,899.0
0.0,6816246303328.0,155400.64,3237.33,1644825640,CHRLZ/ADA_0.3,0.0,0.0,0.0,899.0
2.172943,67477.98,146625.87,17362.96,1644825640,DANA/ADA_0.05,-0.012007000000000101,185.6999999999971,-404.4200000000128,899.0
0.812849,172604.39,140301.35,3301.65,1644825640,WMT/ADA_0.05,0.0,25.95000000001164,21.089999999996508,899.0
3.4e-05,3168476185.97,107839.9,4589.22,1644825640,ASHIB/ADA_1.0,0.0,-29087.760000228882,1.0,899.0
0.0,98751694926045.0,96200.92,2982.85,1644825640,BISON/ADA_0.3,0.0,0.0,0.0,899.0
0.036851,2559194.0,94308.93,37444.56,1644825640,FIRE/ADA_0.3,0.0,0.0,0.0,899.0
0.0,976600842121.0,74830.3,43098.36,1644825640,HOSKY/ADA_0.3,0.0,-260303993.0,20.0,899.0
0.311093,200577.53,62398.38,117874.63,1644825640,MIN/ADA_0.3,0.0,0.0,0.0,899.0
0.006094,9305970.0,56714.19,11498.77,1644825640,FLICK/ADA_0.3,2.999999999999531e-06,-2359.0,14.42000000000553,899.0
0.096036,496362.0,47668.66,40346.11,1644825640,cNETA/ADA_0.3,0.0,0.0,0.0,899.0
0.12941,342704.76,44349.72,2807.61,1644825640,MELD/ADA_1.0,0.0,0.0,0.0,899.0
0.011613,3584118.0,41625.31,3182.07,1644825640,CNFT/ADA_0.3,0.0,0.0,0.0,899.0
0.11477,301368.62,34588.3,7722.12,1644825640,REVU/ADA_0.3,0.0,0.0,0.0,899.0
44.869986,687.0,30825.68,11425.38,1644825640,unsi…en/ADA_1.0,0.0,0.0,0.0,899.0
0.005279,5587605.0,29499.29,2563.73,1644825640,BDOGE/ADA_1.0,0.0,0.0,0.0,899.0
0.003077,9456598.51,29103.24,13874.55,1644825640,DRIP/ADA_1.0,-7.000000000000062e-06,10837.580000000075,-33.05999999999767,899.0
0.000843,33640689.82,28391.68,258.87,1644825640,MONET/ADA_0.3,0.0,-590.6700000017881,0.5,899.0
0.01397,1841113.0,25721.08,1552.41,1644825640,QUID/ADA_0.3,0.00010800000000000046,-7164.0,100.0,899.0
0.149529,159588.0,23863.17,1889.16,1644825640,SKULL/ADA_1.0,0.0,0.0,0.0,899.0
0.123004,174269.07,21435.85,889.99,1644825640,MINt/ADA_0.05,0.0,0.0,0.0,899.0
0.000746,27961090.0,20864.14,0.0,1644825640,RAG/ADA_1.0,0.0,0.0,0.0,899.0
27.041742,727.0,19659.34,1474.12,1644825640,XDIA…ND/ADA_1.0,0.0,0.0,0.0,899.0
0.016292,1137899.0,18539.36,72.89,1644825640,GOKEY/ADA_0.3,0.0,0.0,0.0,899.0
0.309265,59853.88,18510.72,4344.01,1644825640,MIN/ADA_0.05,0.0,0.0,0.0,899.0
0.46495,38906.0,18089.37,2699.5,1644825640,CDX/ADA_1.0,0.0,0.0,0.0,899.0
0.038193,436987.0,16689.84,815.2,1644825640,cMETA/ADA_0.3,0.0,0.0,0.0,899.0
1e-06,12934177368.0,15638.18,6154.63,1644825640,MEOW/ADA_0.3,0.0,0.0,0.0,899.0
0.005212,2980766.0,15536.2,3757.38,1644825640,RAVE/ADA_1.0,0.0,0.0,0.0,899.0
2.188129,6764.14,14800.82,0.0,1644825640,DANA/ADA_0.3,0.0,0.0,0.0,899.0
0.335206,40066.59,13430.56,2148.43,1644825640,CARGO/ADA_0.3,0.0,0.0,0.0,899.0
0.0,146156839942.0,11543.48,1130.95,1644825640,HOSKY/ADA_0.05,0.0,0.0,0.0,899.0
0.768512,14574.99,11201.07,0.0,1644825640,WMT/ADA_1.0,0.0,0.0,0.0,899.0
4.1e-05,266074834.0,11054.39,4994.78,1644825640,SHIBA/ADA_1.0,0.0,1035231.0,-42.73999999999978,899.0
0.110195,97361.0,10728.76,0.0,1644825640,Card…rm/ADA_0.3,0.0,0.0,0.0,899.0
0.046783,201341.03,9419.49,832.28,1644825640,cbTHC/ADA_0.3,0.0,0.0,0.0,899.0
0.003002,2995282.04,8992.63,450.35,1644825640,DRIP/ADA_0.3,0.0,0.0,0.0,899.0
0.001167,7422752.0,8665.39,0.0,1644825640,FLANO/ADA_1.0,0.0,0.0,0.0,899.0
0.000183,43742262.0,8043.83,852.94,1644825640,FIRE/ADA_1.0,0.0,0.0,0.0,899.0
0.694483,24510050.05,17021817.33,1483104.08,1644826540,SUNDAE/ADA_0.3,0.0021329999999999405,-32528.099999997765,29741.70999999717,900.0
93.112744,145424.88,13540910.41,560521.54,1644826540,LQ/ADA_0.3,0.004120000000000346,36.63000000000466,4010.1500000003725,900.0
0.813342,12486867.08,10156102.86,695126.66,1644826540,WMT/ADA_0.3,0.0004939999999999944,4919.3300000000745,10166.289999999106,900.0
0.130084,10019275.55,1303348.53,714919.03,1644826540,MELD/ADA_0.3,-1.2999999999985246e-05,1278.9900000002235,30.070000000065193,900.0
0.100481,12037098.0,1209507.48,236465.38,1644826540,PAVIA/ADA_0.3,0.0,0.0,0.0,900.0
0.16904,6361509.0,1075355.46,43356.55,1644826540,XRAY/ADA_0.3,0.0,0.0,0.0,900.0
0.294272,2699008.0,794242.97,178812.14,1644826540,ADAX/ADA_0.3,0.002583999999999975,-11910.0,3500.0,900.0
1.854917,395374.27,733386.85,66552.46,1644826540,AADA/ADA_0.3,0.00046899999999983066,-50.0,93.02000000001863,900.0
1.644284,335365.01,551435.55,88911.0,1644826540,VYFI/ADA_0.3,0.0,0.0,0.0,900.0
6.365012,50982.0,324501.07,100830.01,1644826540,MILK/ADA_0.3,0.02477200000000046,-99.0,635.2700000000186,900.0
0.12983,1599118.63,207614.72,41090.75,1644826540,MINt/ADA_0.3,-0.0013009999999999966,7961.1699999999255,-1035.6600000000035,900.0
0.034081,5658768.55,192861.27,14947.26,1644826540,CLAP/ADA_0.3,0.0,7990.870000000112,272.3399999999965,900.0
0.0,6816246303328.0,155400.64,3237.33,1644826540,CHRLZ/ADA_0.3,0.0,0.0,0.0,900.0
2.172943,67477.98,146625.87,17362.96,1644826540,DANA/ADA_0.05,0.0,0.0,0.0,900.0
0.812849,172578.44,140280.26,3301.65,1644826540,WMT/ADA_0.05,0.0,-25.95000000001164,-21.089999999996508,900.0
3.4e-05,3168478185.97,107839.97,4589.22,1644826540,ASHIB/ADA_1.0,0.0,2000.0,0.07000000000698492,900.0
0.0,98751694926045.0,96200.92,2982.85,1644826540,BISON/ADA_0.3,0.0,0.0,0.0,900.0
0.036851,2559194.0,94308.93,37444.56,1644826540,FIRE/ADA_0.3,0.0,0.0,0.0,900.0
0.0,976541950826.0,74911.63,43141.46,1644826540,HOSKY/ADA_0.3,0.0,-58891295.0,81.33000000000175,900.0
0.33744,192605.5,64992.88,121859.07,1644826540,MIN/ADA_0.3,0.02634700000000001,-7972.029999999999,2594.5,900.0
0.006094,9305970.0,56714.19,11498.77,1644826540,FLICK/ADA_0.3,0.0,0.0,0.0,900.0
0.0966,494913.0,47808.72,40350.92,1644826540,cNETA/ADA_0.3,0.0005640000000000089,-1449.0,140.05999999999767,900.0
0.12941,342704.76,44349.72,2807.61,1644826540,MELD/ADA_1.0,0.0,0.0,0.0,900.0
0.011613,3584118.0,41625.31,3182.07,1644826540,CNFT/ADA_0.3,0.0,0.0,0.0,900.0
0.11477,301368.62,34588.3,7722.12,1644826540,REVU/ADA_0.3,0.0,0.0,0.0,900.0
46.273681,677.0,31327.28,11932.0,1644826540,unsi…en/ADA_1.0,1.4036950000000061,-10.0,501.59999999999854,900.0
0.005279,5587605.0,29499.29,2563.73,1644826540,BDOGE/ADA_1.0,0.0,0.0,0.0,900.0
0.003098,9426525.61,29209.39,13993.94,1644826540,DRIP/ADA_1.0,2.1000000000000185e-05,-30072.900000000373,106.14999999999782,900.0
0.000843,33640689.82,28391.68,258.87,1644826540,MONET/ADA_0.3,0.0,0.0,0.0,900.0
0.01397,1841113.0,25721.08,1552.41,1644826540,QUID/ADA_0.3,0.0,0.0,0.0,900.0
0.149529,159588.0,23863.17,1889.16,1644826540,SKULL/ADA_1.0,0.0,0.0,0.0,900.0
0.123004,174269.07,21435.85,889.99,1644826540,MINt/ADA_0.05,0.0,0.0,0.0,900.0
0.000746,27961090.0,20864.14,0.0,1644826540,RAG/ADA_1.0,0.0,0.0,0.0,900.0
27.041742,727.0,19659.34,1474.12,1644826540,XDIA…ND/ADA_1.0,0.0,0.0,0.0,900.0
0.33136,57824.41,19160.72,4994.34,1644826540,MIN/ADA_0.05,0.022094999999999976,-2029.469999999994,650.0,900.0
0.016292,1137899.0,18539.36,72.89,1644826540,GOKEY/ADA_0.3,0.0,0.0,0.0,900.0
0.46495,38906.0,18089.37,2699.5,1644826540,CDX/ADA_1.0,0.0,0.0,0.0,900.0
0.038193,436987.0,16689.84,815.2,1644826540,cMETA/ADA_0.3,0.0,0.0,0.0,900.0
1e-06,12934177368.0,15638.18,6154.63,1644826540,MEOW/ADA_0.3,0.0,0.0,0.0,900.0
0.005212,2980766.0,15536.2,3757.38,1644826540,RAVE/ADA_1.0,0.0,0.0,0.0,900.0
2.188129,6764.14,14800.82,0.0,1644826540,DANA/ADA_0.3,0.0,0.0,0.0,900.0
0.335206,40066.59,13430.56,2148.43,1644826540,CARGO/ADA_0.3,0.0,0.0,0.0,900.0
0.0,146156839942.0,11543.48,1130.95,1644826540,HOSKY/ADA_0.05,0.0,0.0,0.0,900.0
0.768512,14550.27,11182.07,0.0,1644826540,WMT/ADA_1.0,0.0,-24.719999999999345,-19.0,900.0
4.1e-05,266074834.0,11054.39,4994.78,1644826540,SHIBA/ADA_1.0,0.0,0.0,0.0,900.0
0.110195,97361.0,10728.76,0.0,1644826540,Card…rm/ADA_0.3,0.0,0.0,0.0,900.0
0.046783,201341.03,9419.49,832.28,1644826540,cbTHC/ADA_0.3,0.0,0.0,0.0,900.0
0.003002,2995282.04,8992.63,450.35,1644826540,DRIP/ADA_0.3,0.0,0.0,0.0,900.0
0.001167,7422752.0,8665.39,0.0,1644826540,FLANO/ADA_1.0,0.0,0.0,0.0,900.0
0.000183,43742262.0,8043.83,852.94,1644826540,FIRE/ADA_1.0,0.0,0.0,0.0,900.0
0.694445,24542153.38,17043196.6,1497141.22,1644827441,SUNDAE/ADA_0.3,-3.799999999998249e-05,32103.329999998212,21379.27000000328,900.0
83.895258,141975.06,11911034.9,561088.21,1644827441,LQ/ADA_0.3,-9.217486000000008,-3449.820000000007,-1629875.5099999998,900.0
0.81343,12486050.37,10156531.51,695956.75,1644827441,WMT/ADA_0.3,8.799999999997699e-05,-816.7100000008941,428.65000000037253,900.0
0.130645,9998148.64,1306213.83,718587.09,1644827441,MELD/ADA_0.3,0.0005610000000000059,-21126.91000000015,2865.3000000000466,900.0
0.100477,12037367.0,1209480.53,236492.33,1644827441,PAVIA/ADA_0.3,-4.000000000004e-06,269.0,-26.949999999953434,900.0
0.16904,6361509.0,1075355.46,43356.55,1644827441,XRAY/ADA_0.3,0.0,0.0,0.0,900.0
0.294272,2699008.0,794242.97,178812.14,1644827441,ADAX/ADA_0.3,0.0,0.0,0.0,900.0
1.854917,395374.27,733386.85,66552.46,1644827441,AADA/ADA_0.3,0.0,0.0,0.0,900.0
1.644284,335365.01,551435.55,88911.0,1644827441,VYFI/ADA_0.3,0.0,0.0,0.0,900.0
6.34947,51039.0,324070.6,101222.97,1644827441,MILK/ADA_0.3,-0.015541999999999945,57.0,-430.47000000003027,900.0
0.12983,1599118.63,207614.72,41090.75,1644827441,MINt/ADA_0.3,0.0,0.0,0.0,900.0
0.034081,5658768.55,192861.27,14947.26,1644827441,CLAP/ADA_0.3,0.0,0.0,0.0,900.0
0.0,6816246303328.0,155400.64,3237.33,1644827441,CHRLZ/ADA_0.3,0.0,0.0,0.0,900.0
2.172943,67477.98,146625.87,17763.16,1644827441,DANA/ADA_0.05,0.0,0.0,0.0,900.0
0.812849,172578.44,140280.26,3301.65,1644827441,WMT/ADA_0.05,0.0,0.0,0.0,900.0
3.4e-05,3168478185.97,107839.97,4589.22,1644827441,ASHIB/ADA_1.0,0.0,0.0,0.0,900.0
0.0,98751694926045.0,96200.92,2982.85,1644827441,BISON/ADA_0.3,0.0,0.0,0.0,900.0
0.036851,2559194.0,94308.93,37444.56,1644827441,FIRE/ADA_0.3,0.0,0.0,0.0,900.0
0.0,976541950826.0,74911.63,43141.46,1644827441,HOSKY/ADA_0.3,0.0,0.0,0.0,900.0
0.31898,198108.55,63192.79,123659.16,1644827441,MIN/ADA_0.3,-0.018460000000000032,5503.049999999988,-1800.0899999999965,900.0
0.006114,9290455.0,56809.19,11594.05,1644827441,FLICK/ADA_0.3,2.0000000000000052e-05,-15515.0,95.0,900.0
0.096737,494562.0,47842.84,40385.15,1644827441,cNETA/ADA_0.3,0.00013699999999999823,-351.0,34.11999999999534,900.0
0.12941,342704.76,44349.72,2807.61,1644827441,MELD/ADA_1.0,0.0,0.0,0.0,900.0
0.011613,3584118.0,41625.31,3182.07,1644827441,CNFT/ADA_0.3,0.0,0.0,0.0,900.0
0.11477,301368.62,34588.3,7722.12,1644827441,REVU/ADA_0.3,0.0,0.0,0.0,900.0
46.273681,677.0,31327.28,11932.0,1644827441,unsi…en/ADA_1.0,0.0,0.0,0.0,900.0
0.005279,5587605.0,29499.29,2563.73,1644827441,BDOGE/ADA_1.0,0.0,0.0,0.0,900.0
0.003094,9432525.61,29191.0,13993.94,1644827441,DRIP/ADA_1.0,-4.000000000000097e-06,6000.0,-18.389999999999418,900.0
0.000843,33640689.82,28391.68,258.87,1644827441,MONET/ADA_0.3,0.0,0.0,0.0,900.0
0.01397,1841113.0,25721.08,1552.41,1644827441,QUID/ADA_0.3,0.0,0.0,0.0,900.0
0.149529,159588.0,23863.17,1889.16,1644827441,SKULL/ADA_1.0,0.0,0.0,0.0,900.0
0.123004,174269.07,21435.85,889.99,1644827441,MINt/ADA_0.05,0.0,0.0,0.0,900.0
0.000746,27961090.0,20864.14,0.0,1644827441,RAG/ADA_1.0,0.0,0.0,0.0,900.0
27.041742,727.0,19659.34,1474.12,1644827441,XDIA…ND/ADA_1.0,0.0,0.0,0.0,900.0
0.33136,57824.41,19160.72,4994.34,1644827441,MIN/ADA_0.05,0.0,0.0,0.0,900.0
0.016292,1137899.0,18539.36,72.89,1644827441,GOKEY/ADA_0.3,0.0,0.0,0.0,900.0
0.46495,38906.0,18089.37,2699.5,1644827441,CDX/ADA_1.0,0.0,0.0,0.0,900.0
0.038193,436987.0,16689.84,815.2,1644827441,cMETA/ADA_0.3,0.0,0.0,0.0,900.0
1e-06,12934177368.0,15638.18,6154.63,1644827441,MEOW/ADA_0.3,0.0,0.0,0.0,900.0
0.005212,2980766.0,15536.2,3757.38,1644827441,RAVE/ADA_1.0,0.0,0.0,0.0,900.0
2.188129,6764.14,14800.82,0.0,1644827441,DANA/ADA_0.3,0.0,0.0,0.0,900.0
0.335206,40066.59,13430.56,2148.43,1644827441,CARGO/ADA_0.3,0.0,0.0,0.0,900.0
0.0,146156839942.0,11543.48,1130.95,1644827441,HOSKY/ADA_0.05,0.0,0.0,0.0,900.0
0.768512,14550.27,11182.07,0.0,1644827441,WMT/ADA_1.0,0.0,0.0,0.0,900.0
4.1e-05,266074834.0,11054.39,4994.78,1644827441,SHIBA/ADA_1.0,0.0,0.0,0.0,900.0
0.110195,97361.0,10728.76,0.0,1644827441,Card…rm/ADA_0.3,0.0,0.0,0.0,900.0
0.046783,201341.03,9419.49,832.28,1644827441,cbTHC/ADA_0.3,0.0,0.0,0.0,900.0
0.003002,2995282.04,8992.63,450.35,1644827441,DRIP/ADA_0.3,0.0,0.0,0.0,900.0
0.001167,7422752.0,8665.39,0.0,1644827441,FLANO/ADA_1.0,0.0,0.0,0.0,900.0
0.000183,43742262.0,8043.83,852.94,1644827441,FIRE/ADA_1.0,0.0,0.0,0.0,900.0
0.693439,24600536.86,17058971.74,1543140.19,1644828341,SUNDAE/ADA_0.3,-0.0010059999999999514,58383.48000000045,15775.13999999687,899.0
93.126811,145425.16,13542981.62,561778.39,1644828341,LQ/ADA_0.3,9.231553000000005,3450.100000000006,1631946.7199999988,899.0
0.813121,12487570.3,10153905.76,698947.3,1644828341,WMT/ADA_0.3,-0.0003090000000000037,1519.9300000015646,-2625.75,899.0
0.130665,9997374.96,1306315.22,718688.78,1644828341,MELD/ADA_0.3,1.9999999999992246e-05,-773.679999999702,101.38999999989755,899.0
0.100477,12037362.0,1209481.13,236492.93,1644828341,PAVIA/ADA_0.3,0.0,-5.0,0.5999999998603016,899.0
0.16904,6361509.0,1075355.46,43356.55,1644828341,XRAY/ADA_0.3,0.0,0.0,0.0,899.0
0.294272,2699008.0,794242.97,178812.14,1644828341,ADAX/ADA_0.3,0.0,0.0,0.0,899.0
1.854917,395374.27,733386.85,66552.46,1644828341,AADA/ADA_0.3,0.0,0.0,0.0,899.0
1.644284,335365.01,551435.55,88911.0,1644828341,VYFI/ADA_0.3,0.0,0.0,0.0,899.0
6.332448,51108.0,323638.79,102055.38,1644828341,MILK/ADA_0.3,-0.01702199999999987,69.0,-431.8099999999977,899.0
0.12983,1599118.63,207614.72,41090.75,1644828341,MINt/ADA_0.3,0.0,0.0,0.0,899.0
0.034081,5658768.55,192861.27,14947.26,1644828341,CLAP/ADA_0.3,0.0,0.0,0.0,899.0
0.0,6816246303328.0,155400.64,3237.33,1644828341,CHRLZ/ADA_0.3,0.0,0.0,0.0,899.0
2.184812,67294.49,147025.87,17763.16,1644828341,DANA/ADA_0.05,0.011868999999999907,-183.4899999999907,400.0,899.0
0.812849,172787.44,140450.14,3301.65,1644828341,WMT/ADA_0.05,0.0,209.0,169.88000000000466,899.0
3.4e-05,3168478185.97,107839.97,4589.22,1644828341,ASHIB/ADA_1.0,0.0,0.0,0.0,899.0
0.0,98751694926045.0,96200.92,2982.85,1644828341,BISON/ADA_0.3,0.0,0.0,0.0,899.0
0.036563,2569244.0,93941.13,37812.36,1644828341,FIRE/ADA_0.3,-0.00028800000000000353,10050.0,-367.79999999998836,899.0
0.0,986926547973.0,74125.74,43927.36,1644828341,HOSKY/ADA_0.3,0.0,10384597147.0,-785.8899999999994,899.0
0.31898,201537.55,64286.57,123659.16,1644828341,MIN/ADA_0.3,0.0,3429.0,1093.7799999999988,899.0
0.006114,9040813.0,55282.68,11594.05,1644828341,FLICK/ADA_0.3,0.0,-249642.0,-1526.510000000002,899.0
0.096737,494562.0,47842.84,40385.15,1644828341,cNETA/ADA_0.3,0.0,0.0,0.0,899.0
0.12941,342704.76,44349.72,2807.61,1644828341,MELD/ADA_1.0,0.0,0.0,0.0,899.0
0.011607,3585169.0,41613.14,3194.24,1644828341,CNFT/ADA_0.3,-6.000000000000796e-06,1051.0,-12.169999999998254,899.0
0.11477,301368.62,34588.3,7722.12,1644828341,REVU/ADA_0.3,0.0,0.0,0.0,899.0
46.273681,677.0,31327.28,11932.0,1644828341,unsi…en/ADA_1.0,0.0,0.0,0.0,899.0
0.005279,5587605.0,29499.29,2563.73,1644828341,BDOGE/ADA_1.0,0.0,0.0,0.0,899.0
0.003094,9432525.61,29191.0,13993.94,1644828341,DRIP/ADA_1.0,0.0,0.0,0.0,899.0
0.000843,33640689.82,28391.68,258.87,1644828341,MONET/ADA_0.3,0.0,0.0,0.0,899.0
0.01397,1841113.0,25721.08,1552.41,1644828341,QUID/ADA_0.3,0.0,0.0,0.0,899.0
0.149529,159588.0,23863.17,1889.16,1644828341,SKULL/ADA_1.0,0.0,0.0,0.0,899.0
0.123004,174269.07,21435.85,889.99,1644828341,MINt/ADA_0.05,0.0,0.0,0.0,899.0
0.000746,27961090.0,20864.14,0.0,1644828341,RAG/ADA_1.0,0.0,0.0,0.0,899.0
27.041742,727.0,19659.34,1474.12,1644828341,XDIA…ND/ADA_1.0,0.0,0.0,0.0,899.0
0.33136,57824.41,19160.72,4994.34,1644828341,MIN/ADA_0.05,0.0,0.0,0.0,899.0
0.016292,1137899.0,18539.36,72.89,1644828341,GOKEY/ADA_0.3,0.0,0.0,0.0,899.0
0.46495,38906.0,18089.37,2699.5,1644828341,CDX/ADA_1.0,0.0,0.0,0.0,899.0
0.038193,436987.0,16689.84,815.2,1644828341,cMETA/ADA_0.3,0.0,0.0,0.0,899.0
1e-06,12934177368.0,15638.18,6154.63,1644828341,MEOW/ADA_0.3,0.0,0.0,0.0,899.0
0.005212,2980766.0,15536.2,3757.38,1644828341,RAVE/ADA_1.0,0.0,0.0,0.0,899.0
2.188129,6764.14,14800.82,0.0,1644828341,DANA/ADA_0.3,0.0,0.0,0.0,899.0
0.335206,40066.59,13430.56,2148.43,1644828341,CARGO/ADA_0.3,0.0,0.0,0.0,899.0
0.0,146156839942.0,11543.48,1130.95,1644828341,HOSKY/ADA_0.05,0.0,0.0,0.0,899.0
0.768512,14550.27,11182.07,0.0,1644828341,WMT/ADA_1.0,0.0,0.0,0.0,899.0
0.110195,97361.0,10728.76,0.0,1644828341,Card…rm/ADA_0.3,0.0,0.0,0.0,899.0
3.5e-05,286074834.0,10288.91,5760.25,1644828341,SHIBA/ADA_1.0,-6.0000000000000035e-06,20000000.0,-765.4799999999996,899.0
0.046783,201381.23,9421.38,832.28,1644828341,cbTHC/ADA_0.3,0.0,40.20000000001164,1.889999999999418,899.0
0.003002,2998282.04,9001.64,450.35,1644828341,DRIP/ADA_0.3,0.0,3000.0,9.010000000000218,899.0
0.001167,7422752.0,8665.39,0.0,1644828341,FLANO/ADA_1.0,0.0,0.0,0.0,899.0
0.000183,43742262.0,8043.83,852.94,1644828341,FIRE/ADA_1.0,0.0,0.0,0.0,899.0
0.692166,24643554.85,17057443.38,1612470.44,1644829240,SUNDAE/ADA_0.3,-0.0012730000000000796,43017.990000002086,-1528.359999999404,899.0
93.098224,145426.66,13538964.02,563953.77,1644829240,LQ/ADA_0.3,-0.028587000000001694,1.5,-4017.5999999996275,899.0
0.813122,12487558.04,10153915.76,698957.33,1644829240,WMT/ADA_0.3,1.0000000000287557e-06,-12.260000001639128,10.0,899.0
0.130774,9993220.43,1306859.94,719235.13,1644829240,MELD/ADA_0.3,0.00010899999999999799,-4154.530000001192,544.7199999999721,899.0
0.100477,12037362.0,1209481.13,236492.93,1644829240,PAVIA/ADA_0.3,0.0,0.0,0.0,899.0
0.16904,6361509.0,1075355.46,43356.55,1644829240,XRAY/ADA_0.3,0.0,0.0,0.0,899.0
0.294272,2699008.0,794242.88,178812.14,1644829240,ADAX/ADA_0.3,0.0,0.0,-0.08999999996740371,899.0
1.854917,395374.27,733386.85,66552.46,1644829240,AADA/ADA_0.3,0.0,0.0,0.0,899.0
1.659205,333855.97,553935.55,91418.5,1644829240,VYFI/ADA_0.3,0.014920999999999962,-1509.0400000000373,2500.0,899.0
6.332448,51108.0,323638.79,102055.38,1644829240,MILK/ADA_0.3,0.0,0.0,0.0,899.0
0.12983,1599118.63,207614.72,41090.75,1644829240,MINt/ADA_0.3,0.0,0.0,0.0,899.0
0.034081,5658768.55,192861.27,14947.26,1644829240,CLAP/ADA_0.3,0.0,0.0,0.0,899.0
0.0,6816246303328.0,155400.64,3232.32,1644829240,CHRLZ/ADA_0.3,0.0,0.0,0.0,899.0
2.184812,67294.49,147025.87,16362.46,1644829240,DANA/ADA_0.05,0.0,0.0,0.0,899.0
0.812849,172578.44,140280.26,3301.65,1644829240,WMT/ADA_0.05,0.0,-209.0,-169.88000000000466,899.0
3.4e-05,3168478185.97,107839.97,4589.22,1644829240,ASHIB/ADA_1.0,0.0,0.0,0.0,899.0
0.0,98751694926045.0,96200.92,2982.85,1644829240,BISON/ADA_0.3,0.0,0.0,0.0,899.0
0.036563,2569244.0,93941.13,24938.83,1644829240,FIRE/ADA_0.3,0.0,0.0,0.0,899.0
0.0,986926547973.0,74125.74,43821.9,1644829240,HOSKY/ADA_0.3,0.0,0.0,0.0,899.0
0.31898,201537.55,64286.57,121923.69,1644829240,MIN/ADA_0.3,0.0,0.0,0.0,899.0
0.006119,9037065.0,55305.68,11466.67,1644829240,FLICK/ADA_0.3,5.000000000000664e-06,-3748.0,23.0,899.0
0.096718,494612.0,47838.02,31520.99,1644829240,cNETA/ADA_0.3,-1.9000000000005124e-05,50.0,-4.819999999999709,899.0
0.12941,342704.76,44349.72,2807.61,1644829240,MELD/ADA_1.0,0.0,0.0,0.0,899.0
0.011607,3585169.0,41613.14,3194.24,1644829240,CNFT/ADA_0.3,0.0,0.0,0.0,899.0
0.11477,301368.62,34588.3,6949.81,1644829240,REVU/ADA_0.3,0.0,0.0,0.0,899.0
46.273681,677.0,31327.28,11932.0,1644829240,unsi…en/ADA_1.0,0.0,0.0,0.0,899.0
0.005279,5587605.0,29499.29,2563.73,1644829240,BDOGE/ADA_1.0,0.0,0.0,0.0,899.0
0.003094,9433525.61,29187.94,13088.89,1644829240,DRIP/ADA_1.0,0.0,1000.0,-3.0600000000013097,899.0
0.000843,33640689.82,28391.68,258.87,1644829240,MONET/ADA_0.3,0.0,0.0,0.0,899.0
0.01397,1841113.0,25721.08,1552.41,1644829240,QUID/ADA_0.3,0.0,0.0,0.0,899.0
0.149654,159522.0,23873.17,1889.16,1644829240,SKULL/ADA_1.0,0.000125000000000014,-66.0,10.0,899.0
0.123004,174269.07,21435.85,889.99,1644829240,MINt/ADA_0.05,0.0,0.0,0.0,899.0
0.000746,27961090.0,20864.14,0.0,1644829240,RAG/ADA_1.0,0.0,0.0,0.0,899.0
27.041742,727.0,19659.34,1234.9,1644829240,XDIA…ND/ADA_1.0,0.0,0.0,0.0,899.0
0.33136,57824.41,19160.72,4994.34,1644829240,MIN/ADA_0.05,0.0,0.0,0.0,899.0
0.016292,1137899.0,18539.36,72.89,1644829240,GOKEY/ADA_0.3,0.0,0.0,0.0,899.0
0.46495,38906.0,18089.37,2699.5,1644829240,CDX/ADA_1.0,0.0,0.0,0.0,899.0
0.038193,436987.0,16689.84,688.85,1644829240,cMETA/ADA_0.3,0.0,0.0,0.0,899.0
1e-06,12934177368.0,15638.18,6104.48,1644829240,MEOW/ADA_0.3,0.0,0.0,0.0,899.0
0.005212,2980766.0,15536.2,3703.1,1644829240,RAVE/ADA_1.0,0.0,0.0,0.0,899.0
2.188129,6764.14,14800.82,0.0,1644829240,DANA/ADA_0.3,0.0,0.0,0.0,899.0
0.335206,40066.59,13430.56,2117.53,1644829240,CARGO/ADA_0.3,0.0,0.0,0.0,899.0
0.0,146156839942.0,11543.48,1130.95,1644829240,HOSKY/ADA_0.05,0.0,0.0,0.0,899.0
0.768512,14550.27,11182.07,0.0,1644829240,WMT/ADA_1.0,0.0,0.0,0.0,899.0
0.110195,97361.0,10728.76,0.0,1644829240,Card…rm/ADA_0.3,0.0,0.0,0.0,899.0
3.3e-05,296074834.0,9944.76,6085.08,1644829240,SHIBA/ADA_1.0,-1.9999999999999944e-06,10000000.0,-344.14999999999964,899.0
0.046783,201381.23,9421.38,84.84,1644829240,cbTHC/ADA_0.3,0.0,0.0,0.0,899.0
0.003002,2998282.04,9001.64,0.0,1644829240,DRIP/ADA_0.3,0.0,0.0,0.0,899.0
0.001167,7422752.0,8665.39,0.0,1644829240,FLANO/ADA_1.0,0.0,0.0,0.0,899.0
0.000183,43742262.0,8043.83,852.94,1644829240,FIRE/ADA_1.0,0.0,0.0,0.0,899.0
0.69744,24606011.57,17161231.81,1654389.91,1644830141,SUNDAE/ADA_0.3,0.005274000000000001,-37543.28000000119,103788.4299999997,900.0
93.08468,145347.42,13529618.87,557861.8,1644830141,LQ/ADA_0.3,-0.013543999999996004,-79.23999999999069,-9345.150000000373,900.0
0.814441,12477751.92,10162400.93,670034.84,1644830141,WMT/ADA_0.3,0.001318999999999959,-9806.11999999918,8485.169999999925,900.0
0.12922,10055306.78,1299354.8,725574.89,1644830141,MELD/ADA_0.3,-0.0015539999999999998,62086.34999999963,-7505.139999999898,900.0
0.100477,12037362.0,1209481.13,232888.07,1644830141,PAVIA/ADA_0.3,0.0,0.0,0.0,900.0
0.169016,6363295.0,1075501.38,42147.49,1644830141,XRAY/ADA_0.3,-2.3999999999996247e-05,1786.0,145.9199999999255,900.0
0.294272,2698858.0,794198.45,178103.15,1644830141,ADAX/ADA_0.3,0.0,-150.0,-44.43000000005122,900.0
1.852334,395650.49,732877.19,67280.46,1644830141,AADA/ADA_0.3,-0.002583000000000002,276.21999999997206,-509.6600000000326,900.0
1.659205,333855.97,553935.55,87356.15,1644830141,VYFI/ADA_0.3,0.0,0.0,0.0,900.0
6.332448,51108.0,323638.79,101538.36,1644830141,MILK/ADA_0.3,0.0,0.0,0.0,900.0
0.12983,1599118.63,207614.72,41090.75,1644830141,MINt/ADA_0.3,0.0,0.0,0.0,900.0
0.034081,5658768.55,192861.27,14947.26,1644830141,CLAP/ADA_0.3,0.0,0.0,0.0,900.0
0.0,6816246303328.0,155400.64,3232.32,1644830141,CHRLZ/ADA_0.3,0.0,0.0,0.0,900.0
2.184812,67294.49,147025.87,16362.46,1644830141,DANA/ADA_0.05,0.0,0.0,0.0,900.0
0.812849,172470.2,140192.28,3301.65,1644830141,WMT/ADA_0.05,0.0,-108.23999999999069,-87.98000000001048,900.0
3.4e-05,3168478185.97,107839.97,4589.22,1644830141,ASHIB/ADA_1.0,0.0,0.0,0.0,900.0
0.0,98751694926045.0,96200.92,2982.85,1644830141,BISON/ADA_0.3,0.0,0.0,0.0,900.0
0.036563,2569244.0,93941.13,24938.83,1644830141,FIRE/ADA_0.3,0.0,0.0,0.0,900.0
0.0,944953674287.0,70973.26,43821.9,1644830141,HOSKY/ADA_0.3,0.0,-41972873686.0,-3152.4800000000105,900.0
0.31898,201537.55,64286.57,121923.69,1644830141,MIN/ADA_0.3,0.0,0.0,0.0,900.0
0.006119,9037065.0,55305.68,11466.67,1644830141,FLICK/ADA_0.3,0.0,0.0,0.0,900.0
0.096718,494558.0,47832.71,31520.99,1644830141,cNETA/ADA_0.3,0.0,-54.0,-5.309999999997672,900.0
0.12941,342704.76,44349.72,2807.61,1644830141,MELD/ADA_1.0,0.0,0.0,0.0,900.0
0.011607,3585169.0,41613.14,3194.24,1644830141,CNFT/ADA_0.3,0.0,0.0,0.0,900.0
0.11477,301368.62,34588.3,6949.81,1644830141,REVU/ADA_0.3,0.0,0.0,0.0,900.0
46.273681,677.0,31327.28,11932.0,1644830141,unsi…en/ADA_1.0,0.0,0.0,0.0,900.0
0.005279,5587605.0,29499.29,2563.73,1644830141,BDOGE/ADA_1.0,0.0,0.0,0.0,900.0
0.00309,9438525.61,29172.63,13098.07,1644830141,DRIP/ADA_1.0,-4.000000000000097e-06,5000.0,-15.309999999997672,900.0
0.000843,33640689.82,28391.68,258.87,1644830141,MONET/ADA_0.3,0.0,0.0,0.0,900.0
0.01397,1841113.0,25721.08,1552.41,1644830141,QUID/ADA_0.3,0.0,0.0,0.0,900.0
0.149654,159522.0,23873.17,1889.16,1644830141,SKULL/ADA_1.0,0.0,0.0,0.0,900.0
0.123004,174269.07,21435.85,889.99,1644830141,MINt/ADA_0.05,0.0,0.0,0.0,900.0
0.000746,27961090.0,20864.14,0.0,1644830141,RAG/ADA_1.0,0.0,0.0,0.0,900.0
27.041742,727.0,19659.34,1234.9,1644830141,XDIA…ND/ADA_1.0,0.0,0.0,0.0,900.0
0.33136,57824.41,19160.72,4994.34,1644830141,MIN/ADA_0.05,0.0,0.0,0.0,900.0
0.016292,1137899.0,18539.36,72.89,1644830141,GOKEY/ADA_0.3,0.0,0.0,0.0,900.0
0.46495,38906.0,18089.37,2699.5,1644830141,CDX/ADA_1.0,0.0,0.0,0.0,900.0
0.038193,436987.0,16689.84,688.85,1644830141,cMETA/ADA_0.3,0.0,0.0,0.0,900.0
1e-06,12934177368.0,15638.18,6104.48,1644830141,MEOW/ADA_0.3,0.0,0.0,0.0,900.0
0.005212,2980766.0,15536.2,3703.1,1644830141,RAVE/ADA_1.0,0.0,0.0,0.0,900.0
2.188129,6764.14,14800.82,0.0,1644830141,DANA/ADA_0.3,0.0,0.0,0.0,900.0
0.319103,41066.59,13104.48,2443.62,1644830141,CARGO/ADA_0.3,-0.01610299999999998,1000.0,-326.0799999999999,900.0
0.0,146156839942.0,11543.48,1130.95,1644830141,HOSKY/ADA_0.05,0.0,0.0,0.0,900.0
0.768512,14550.27,11182.07,0.0,1644830141,WMT/ADA_1.0,0.0,0.0,0.0,900.0
0.110195,97361.0,10728.76,0.0,1644830141,Card…rm/ADA_0.3,0.0,0.0,0.0,900.0
3.3e-05,296074834.0,9944.76,6085.08,1644830141,SHIBA/ADA_1.0,0.0,0.0,0.0,900.0
0.046783,201381.23,9421.38,84.84,1644830141,cbTHC/ADA_0.3,0.0,0.0,0.0,900.0
0.003002,2998282.04,9001.64,0.0,1644830141,DRIP/ADA_0.3,0.0,0.0,0.0,900.0
0.001167,7422752.0,8665.39,0.0,1644830141,FLANO/ADA_1.0,0.0,0.0,0.0,900.0
0.000183,43742262.0,8043.83,852.94,1644830141,FIRE/ADA_1.0,0.0,0.0,0.0,900.0
0.697182,24669433.92,17199090.33,1700848.69,1644831040,SUNDAE/ADA_0.3,-0.00025799999999998047,63422.35000000149,37858.51999999955,899.0
93.10386,145361.52,13533719.0,561124.09,1644831040,LQ/ADA_0.3,0.019179999999991537,14.099999999976717,4100.13000000082,899.0
0.813238,12487035.72,10154932.75,681138.42,1644831040,WMT/ADA_0.3,-0.001202999999999954,9283.800000000745,-7468.179999999702,899.0
0.129141,10060064.5,1299172.08,726072.96,1644831040,MELD/ADA_0.3,-7.899999999999574e-05,4757.720000000671,-182.71999999997206,899.0
0.100524,12031357.0,1209449.28,233175.33,1644831040,PAVIA/ADA_0.3,4.700000000000537e-05,-6005.0,-31.8499999998603,899.0
0.169016,6384594.0,1079101.26,42147.49,1644831040,XRAY/ADA_0.3,0.0,21299.0,3599.880000000121,899.0
0.294162,2699359.0,794051.49,178250.11,1644831040,ADAX/ADA_0.3,-0.00010999999999999899,501.0,-146.95999999996275,899.0
1.852334,395650.49,732877.19,67280.46,1644831040,AADA/ADA_0.3,0.0,0.0,0.0,899.0
1.659205,333855.97,553935.55,87356.15,1644831040,VYFI/ADA_0.3,0.0,0.0,0.0,899.0
6.332448,51108.0,323638.79,101538.36,1644831040,MILK/ADA_0.3,0.0,0.0,0.0,899.0
0.12983,1599118.63,207614.72,41090.75,1644831040,MINt/ADA_0.3,0.0,0.0,0.0,899.0
0.034984,5585428.65,195401.27,17494.88,1644831040,CLAP/ADA_0.3,0.000903000000000001,-73339.89999999944,2540.0,899.0
0.0,6816246303328.0,155400.64,3232.32,1644831040,CHRLZ/ADA_0.3,0.0,0.0,0.0,899.0
2.184812,67294.49,147025.87,16362.46,1644831040,DANA/ADA_0.05,0.0,0.0,0.0,899.0
0.812849,173694.14,141187.15,3301.65,1644831040,WMT/ADA_0.05,0.0,1223.9400000000023,994.8699999999953,899.0
3.4e-05,3168478185.97,107839.97,4589.22,1644831040,ASHIB/ADA_1.0,0.0,0.0,0.0,899.0
0.0,98751694926045.0,96200.92,2982.85,1644831040,BISON/ADA_0.3,0.0,0.0,0.0,899.0
0.036563,2569244.0,93941.13,24938.83,1644831040,FIRE/ADA_0.3,0.0,0.0,0.0,899.0
0.0,952520271151.0,70412.93,44983.13,1644831040,HOSKY/ADA_0.3,0.0,7566596864.0,-560.3300000000017,899.0
0.32196,200604.22,64586.57,122525.49,1644831040,MIN/ADA_0.3,0.002980000000000038,-933.3299999999872,300.0,899.0
0.006119,9037065.0,55305.68,11466.67,1644831040,FLICK/ADA_0.3,0.0,0.0,0.0,899.0
0.097933,491485.0,48132.71,31821.89,1644831040,cNETA/ADA_0.3,0.0012150000000000077,-3073.0,300.0,899.0
0.12941,342704.76,44349.72,2807.61,1644831040,MELD/ADA_1.0,0.0,0.0,0.0,899.0
0.011675,3565169.0,41625.18,3539.82,1644831040,CNFT/ADA_0.3,6.800000000000035e-05,-20000.0,12.040000000000873,899.0
0.11477,301368.62,34588.3,6949.81,1644831040,REVU/ADA_0.3,0.0,0.0,0.0,899.0
46.273681,677.0,31327.28,11932.0,1644831040,unsi…en/ADA_1.0,0.0,0.0,0.0,899.0
0.005279,5587605.0,29499.29,2563.73,1644831040,BDOGE/ADA_1.0,0.0,0.0,0.0,899.0
0.003084,9448525.61,29142.06,13128.64,1644831040,DRIP/ADA_1.0,-5.999999999999929e-06,10000.0,-30.56999999999971,899.0
0.000843,33640689.82,28391.68,258.87,1644831040,MONET/ADA_0.3,0.0,0.0,0.0,899.0
0.01397,1841113.0,25721.08,1552.41,1644831040,QUID/ADA_0.3,0.0,0.0,0.0,899.0
0.151474,158566.0,24018.67,2036.11,1644831040,SKULL/ADA_1.0,0.0018199999999999883,-956.0,145.5,899.0
0.123004,174269.07,21435.85,889.99,1644831040,MINt/ADA_0.05,0.0,0.0,0.0,899.0
0.000746,27961090.0,20864.14,0.0,1644831040,RAG/ADA_1.0,0.0,0.0,0.0,899.0
27.041742,727.0,19659.34,1234.9,1644831040,XDIA…ND/ADA_1.0,0.0,0.0,0.0,899.0
0.33136,57824.41,19160.72,4994.34,1644831040,MIN/ADA_0.05,0.0,0.0,0.0,899.0
0.016292,1137899.0,18539.36,72.89,1644831040,GOKEY/ADA_0.3,0.0,0.0,0.0,899.0
0.46495,38906.0,18089.37,2699.5,1644831040,CDX/ADA_1.0,0.0,0.0,0.0,899.0
0.038193,436987.0,16689.84,688.85,1644831040,cMETA/ADA_0.3,0.0,0.0,0.0,899.0
1e-06,12934177368.0,15638.18,6104.48,1644831040,MEOW/ADA_0.3,0.0,0.0,0.0,899.0
0.005212,2980766.0,15536.2,3703.1,1644831040,RAVE/ADA_1.0,0.0,0.0,0.0,899.0
2.188129,6764.14,14800.82,0.0,1644831040,DANA/ADA_0.3,0.0,0.0,0.0,899.0
0.319103,41066.59,13104.48,2443.62,1644831040,CARGO/ADA_0.3,0.0,0.0,0.0,899.0
0.0,146156839942.0,11543.48,1130.95,1644831040,HOSKY/ADA_0.05,0.0,0.0,0.0,899.0
0.768512,14550.27,11182.07,0.0,1644831040,WMT/ADA_1.0,0.0,0.0,0.0,899.0
0.110195,97361.0,10728.76,0.0,1644831040,Card…rm/ADA_0.3,0.0,0.0,0.0,899.0
3.3e-05,296074834.0,9944.76,6085.08,1644831040,SHIBA/ADA_1.0,0.0,0.0,0.0,899.0
0.046783,201381.23,9421.38,84.84,1644831040,cbTHC/ADA_0.3,0.0,0.0,0.0,899.0
0.003002,2998282.04,9001.64,0.0,1644831040,DRIP/ADA_0.3,0.0,0.0,0.0,899.0
0.001167,7422752.0,8665.39,0.0,1644831040,FLANO/ADA_1.0,0.0,0.0,0.0,899.0
0.000183,43742262.0,8043.83,852.94,1644831040,FIRE/ADA_1.0,0.0,0.0,0.0,899.0
0.692511,24817814.65,17186629.29,1782347.12,1644831940,SUNDAE/ADA_0.3,-0.004670999999999981,148380.72999999672,-12461.039999999106,899.0
93.095635,145370.55,13533364.31,564061.04,1644831940,LQ/ADA_0.3,-0.00822499999999593,9.029999999998836,-354.68999999947846,899.0
0.810347,12532118.49,10155372.05,700819.66,1644831940,WMT/ADA_0.3,-0.002890999999999977,45082.76999999955,439.30000000074506,899.0
0.129221,10056945.55,1299578.18,727137.58,1644831940,MELD/ADA_0.3,7.999999999999674e-05,-3118.949999999255,406.0999999998603,899.0
0.100412,12037268.0,1208691.29,234343.0,1644831940,PAVIA/ADA_0.3,-0.00011200000000000099,5911.0,-757.9899999999907,899.0
0.164759,6466158.0,1065358.79,55803.2,1644831940,XRAY/ADA_0.3,-0.004257000000000011,81564.0,-13742.469999999972,899.0
0.294185,2699258.0,794081.49,178280.2,1644831940,ADAX/ADA_0.3,2.2999999999995246e-05,-101.0,30.0,899.0
1.852334,395650.49,732877.19,67280.46,1644831940,AADA/ADA_0.3,0.0,0.0,0.0,899.0
1.659504,333825.93,553985.55,87406.3,1644831940,VYFI/ADA_0.3,0.0002990000000000492,-30.039999999979045,50.0,899.0
6.332448,51108.0,323638.79,101538.36,1644831940,MILK/ADA_0.3,0.0,0.0,0.0,899.0
0.129749,1599618.63,207550.02,41155.46,1644831940,MINt/ADA_0.3,-8.099999999999774e-05,500.0,-64.70000000001164,899.0
0.034984,5585428.65,195401.27,17494.88,1644831940,CLAP/ADA_0.3,0.0,0.0,0.0,899.0
0.0,6816246303328.0,155400.64,3232.32,1644831940,CHRLZ/ADA_0.3,0.0,0.0,0.0,899.0
2.184812,67294.49,147025.87,16362.46,1644831940,DANA/ADA_0.05,0.0,0.0,0.0,899.0
0.812849,172470.2,140192.28,3301.65,1644831940,WMT/ADA_0.05,0.0,-1223.9400000000023,-994.8699999999953,899.0
3.4e-05,3168478185.97,107839.97,4589.22,1644831940,ASHIB/ADA_1.0,0.0,0.0,0.0,899.0
0.0,98751694926045.0,96200.92,2982.85,1644831940,BISON/ADA_0.3,0.0,0.0,0.0,899.0
0.033879,2669244.0,90431.9,28448.06,1644831940,FIRE/ADA_0.3,-0.002683999999999999,100000.0,-3509.2300000000105,899.0
0.0,952520271151.0,70412.93,44983.13,1644831940,HOSKY/ADA_0.3,0.0,0.0,0.0,899.0
0.32196,201537.55,64887.07,122525.49,1644831940,MIN/ADA_0.3,0.0,933.3299999999872,300.5,899.0
0.006119,9037065.0,55305.68,11466.67,1644831940,FLICK/ADA_0.3,0.0,0.0,0.0,899.0
0.097933,491485.0,48132.71,31821.89,1644831940,cNETA/ADA_0.3,0.0,0.0,0.0,899.0
0.12941,342704.76,44349.72,2807.61,1644831940,MELD/ADA_1.0,0.0,0.0,0.0,899.0
0.011675,3565169.0,41625.18,3539.82,1644831940,CNFT/ADA_0.3,0.0,0.0,0.0,899.0
0.11477,301368.62,34588.3,6949.81,1644831940,REVU/ADA_0.3,0.0,0.0,0.0,899.0
46.273681,677.0,31327.28,11932.0,1644831940,unsi…en/ADA_1.0,0.0,0.0,0.0,899.0
0.005279,5587605.0,29499.29,2563.73,1644831940,BDOGE/ADA_1.0,0.0,0.0,0.0,899.0
0.003084,9448525.61,29142.06,13128.64,1644831940,DRIP/ADA_1.0,0.0,0.0,0.0,899.0
0.000843,33640689.82,28391.68,258.87,1644831940,MONET/ADA_0.3,0.0,0.0,0.0,899.0
0.013718,1857997.0,25488.05,1785.44,1644831940,QUID/ADA_0.3,-0.0002520000000000005,16884.0,-233.03000000000247,899.0
0.151474,158566.0,24018.67,2036.11,1644831940,SKULL/ADA_1.0,0.0,0.0,0.0,899.0
0.123004,174269.07,21435.85,889.99,1644831940,MINt/ADA_0.05,0.0,0.0,0.0,899.0
0.000746,27961090.0,20864.14,0.0,1644831940,RAG/ADA_1.0,0.0,0.0,0.0,899.0
27.041742,727.0,19659.34,1234.9,1644831940,XDIA…ND/ADA_1.0,0.0,0.0,0.0,899.0
0.33136,57824.41,19160.72,4994.34,1644831940,MIN/ADA_0.05,0.0,0.0,0.0,899.0
0.016292,1137899.0,18539.36,72.89,1644831940,GOKEY/ADA_0.3,0.0,0.0,0.0,899.0
0.46495,38906.0,18089.37,2699.5,1644831940,CDX/ADA_1.0,0.0,0.0,0.0,899.0
0.038193,436987.0,16689.84,688.85,1644831940,cMETA/ADA_0.3,0.0,0.0,0.0,899.0
1e-06,12934177368.0,15638.18,6104.48,1644831940,MEOW/ADA_0.3,0.0,0.0,0.0,899.0
0.005212,2980766.0,15536.2,3703.1,1644831940,RAVE/ADA_1.0,0.0,0.0,0.0,899.0
2.188129,6764.14,14800.82,0.0,1644831940,DANA/ADA_0.3,0.0,0.0,0.0,899.0
0.319103,41066.59,13104.48,2443.62,1644831940,CARGO/ADA_0.3,0.0,0.0,0.0,899.0
0.0,146156839942.0,11543.48,1130.95,1644831940,HOSKY/ADA_0.05,0.0,0.0,0.0,899.0
0.768512,14465.69,11117.07,0.0,1644831940,WMT/ADA_1.0,0.0,-84.57999999999993,-65.0,899.0
0.110195,97361.0,10728.76,0.0,1644831940,Card…rm/ADA_0.3,0.0,0.0,0.0,899.0
3.3e-05,296074834.0,9944.76,6085.08,1644831940,SHIBA/ADA_1.0,0.0,0.0,0.0,899.0
0.046783,201381.23,9421.38,84.84,1644831940,cbTHC/ADA_0.3,0.0,0.0,0.0,899.0
0.003002,2998282.04,9001.64,0.0,1644831940,DRIP/ADA_0.3,0.0,0.0,0.0,899.0
0.001167,7422752.0,8665.39,0.0,1644831940,FLANO/ADA_1.0,0.0,0.0,0.0,899.0
0.000183,43742262.0,8043.83,852.94,1644831940,FIRE/ADA_1.0,0.0,0.0,0.0,899.0
0.692133,24876842.44,17218098.65,1881417.01,1644832841,SUNDAE/ADA_0.3,-0.00037799999999998946,59027.79000000283,31469.359999999404,900.0
93.147436,145344.32,13538451.32,567843.07,1644832841,LQ/ADA_0.3,0.05180099999999754,-26.229999999981374,5087.0099999997765,900.0
0.811803,12523671.57,10166756.15,709979.34,1644832841,WMT/ADA_0.3,0.0014560000000000128,-8446.919999999925,11384.099999999627,900.0
0.129229,10056862.55,1299647.34,727177.7,1644832841,MELD/ADA_0.3,8.000000000008e-06,-83.0,69.16000000014901,900.0
0.100246,12047268.0,1207691.01,235343.28,1644832841,PAVIA/ADA_0.3,-0.00016599999999999948,10000.0,-1000.2800000000279,900.0
0.164779,6466158.0,1065488.55,55868.39,1644832841,XRAY/ADA_0.3,2.0000000000020002e-05,0.0,129.7600000000093,900.0
0.294185,2699258.0,794081.49,178280.2,1644832841,ADAX/ADA_0.3,0.0,0.0,0.0,900.0
1.852334,395650.49,732877.19,67280.46,1644832841,AADA/ADA_0.3,0.0,0.0,0.0,900.0
1.659504,333825.93,553985.55,87406.3,1644832841,VYFI/ADA_0.3,0.0,0.0,0.0,900.0
6.333975,51102.0,323678.79,101578.48,1644832841,MILK/ADA_0.3,0.00152699999999939,-6.0,40.0,900.0
0.129749,1599618.63,207550.02,41155.46,1644832841,MINt/ADA_0.3,0.0,0.0,0.0,900.0
0.034984,5585428.65,195401.27,17494.88,1644832841,CLAP/ADA_0.3,0.0,0.0,0.0,900.0
0.0,6816246303328.0,155400.64,3232.32,1644832841,CHRLZ/ADA_0.3,0.0,0.0,0.0,900.0
2.184812,67294.49,147025.87,16362.46,1644832841,DANA/ADA_0.05,0.0,0.0,0.0,900.0
0.812849,172570.43,140273.74,3301.65,1644832841,WMT/ADA_0.05,0.0,100.22999999998137,81.45999999999185,900.0
3.4e-05,3168485185.97,107840.21,4589.22,1644832841,ASHIB/ADA_1.0,0.0,7000.0,0.2400000000052387,900.0
0.0,98751694926045.0,96200.92,2982.85,1644832841,BISON/ADA_0.3,0.0,0.0,0.0,900.0
0.033879,2669244.0,90431.9,28448.06,1644832841,FIRE/ADA_0.3,0.0,0.0,0.0,900.0
0.0,945757668480.0,70917.93,45489.64,1644832841,HOSKY/ADA_0.3,0.0,-6762602671.0,505.0,900.0
0.32196,201537.55,64887.07,122525.49,1644832841,MIN/ADA_0.3,0.0,0.0,0.0,900.0
0.006119,9037065.0,55305.68,11560.45,1644832841,FLICK/ADA_0.3,0.0,0.0,0.0,900.0
0.097933,491485.0,48132.71,27506.86,1644832841,cNETA/ADA_0.3,0.0,0.0,0.0,900.0
0.12941,342704.76,44349.72,2807.61,1644832841,MELD/ADA_1.0,0.0,0.0,0.0,900.0
0.011675,3565169.0,41625.18,3534.96,1644832841,CNFT/ADA_0.3,0.0,0.0,0.0,900.0
0.11477,301368.62,34588.3,6949.81,1644832841,REVU/ADA_0.3,0.0,0.0,0.0,900.0
46.273681,677.0,31327.28,10931.22,1644832841,unsi…en/ADA_1.0,0.0,0.0,0.0,900.0
0.005279,5587605.0,29499.29,2563.73,1644832841,BDOGE/ADA_1.0,0.0,0.0,0.0,900.0
0.003083,9449525.61,29139.01,12905.32,1644832841,DRIP/ADA_1.0,-1.0000000000001327e-06,1000.0,-3.0500000000029104,900.0
0.000843,33640689.82,28391.68,258.87,1644832841,MONET/ADA_0.3,0.0,0.0,0.0,900.0
0.01375,1855820.0,25518.05,1815.53,1644832841,QUID/ADA_0.3,3.200000000000078e-05,-2177.0,30.0,900.0
0.151474,158566.0,24018.67,2036.11,1644832841,SKULL/ADA_1.0,0.0,0.0,0.0,900.0
0.123004,174269.07,21435.85,889.99,1644832841,MINt/ADA_0.05,0.0,0.0,0.0,900.0
0.000746,27961090.0,20864.14,0.0,1644832841,RAG/ADA_1.0,0.0,0.0,0.0,900.0
27.041742,727.0,19659.34,558.2,1644832841,XDIA…ND/ADA_1.0,0.0,0.0,0.0,900.0
0.33136,57824.41,19160.72,4994.34,1644832841,MIN/ADA_0.05,0.0,0.0,0.0,900.0
0.016292,1137899.0,18539.36,10.03,1644832841,GOKEY/ADA_0.3,0.0,0.0,0.0,900.0
0.46495,38906.0,18089.37,2699.5,1644832841,CDX/ADA_1.0,0.0,0.0,0.0,900.0
0.038193,436987.0,16689.84,613.63,1644832841,cMETA/ADA_0.3,0.0,0.0,0.0,900.0
1e-06,12934177368.0,15638.18,5902.52,1644832841,MEOW/ADA_0.3,0.0,0.0,0.0,900.0
0.005212,2980766.0,15536.2,3703.1,1644832841,RAVE/ADA_1.0,0.0,0.0,0.0,900.0
2.188129,6764.14,14800.82,0.0,1644832841,DANA/ADA_0.3,0.0,0.0,0.0,900.0
0.319103,41066.59,13104.48,2429.16,1644832841,CARGO/ADA_0.3,0.0,0.0,0.0,900.0
0.0,146156839942.0,11543.48,1130.95,1644832841,HOSKY/ADA_0.05,0.0,0.0,0.0,900.0
0.768512,14465.69,11117.07,0.0,1644832841,WMT/ADA_1.0,0.0,0.0,0.0,900.0
0.110195,97361.0,10728.76,0.0,1644832841,Card…rm/ADA_0.3,0.0,0.0,0.0,900.0
3.1e-05,304625867.0,9669.25,6459.88,1644832841,SHIBA/ADA_1.0,-2.000000000000001e-06,8551033.0,-275.5100000000002,900.0
0.046783,201381.23,9421.38,84.84,1644832841,cbTHC/ADA_0.3,0.0,0.0,0.0,900.0
0.003002,2998282.04,9001.64,0.0,1644832841,DRIP/ADA_0.3,0.0,0.0,0.0,900.0
0.001167,7422752.0,8665.39,0.0,1644832841,FLANO/ADA_1.0,0.0,0.0,0.0,900.0
0.000183,43742262.0,8043.83,849.46,1644832841,FIRE/ADA_1.0,0.0,0.0,0.0,900.0
0.694889,24888048.59,17294452.32,1724720.84,1644833740,SUNDAE/ADA_0.3,0.0027559999999999807,11206.14999999851,76353.67000000179,899.0
93.147986,145385.31,13542349.28,542348.05,1644833740,LQ/ADA_0.3,0.0005500000000040473,40.98999999999069,3897.9599999990314,899.0
0.812127,12522396.48,10169786.56,699489.47,1644833740,WMT/ADA_0.3,0.00032399999999999096,-1275.089999999851,3030.410000000149,899.0
0.129441,10051759.84,1301110.06,713355.34,1644833740,MELD/ADA_0.3,0.00021199999999998997,-5102.710000000894,1462.719999999972,899.0
0.10043,12036220.0,1208803.01,226813.77,1644833740,PAVIA/ADA_0.3,0.0001840000000000036,-11048.0,1112.0,899.0
0.164779,6466158.0,1065488.55,54842.26,1644833740,XRAY/ADA_0.3,0.0,0.0,0.0,899.0
0.294185,2698831.0,793955.82,174747.61,1644833740,ADAX/ADA_0.3,0.0,-427.0,-125.67000000004191,899.0
1.858325,395013.25,734063.03,68253.98,1644833740,AADA/ADA_0.3,0.00599100000000008,-637.2399999999907,1185.8400000000838,899.0
1.665491,333236.23,555002.21,81349.8,1644833740,VYFI/ADA_0.3,0.005986999999999965,-589.7000000000116,1016.6599999999162,899.0
6.344876,51065.0,324001.13,101103.59,1644833740,MILK/ADA_0.3,0.010901000000000494,-37.0,322.3400000000256,899.0
0.129749,1599618.63,207550.02,39806.02,1644833740,MINt/ADA_0.3,0.0,0.0,0.0,899.0
0.034984,5585428.65,195401.27,17422.47,1644833740,CLAP/ADA_0.3,0.0,0.0,0.0,899.0
0.0,6816246303328.0,155400.64,3232.32,1644833740,CHRLZ/ADA_0.3,0.0,0.0,0.0,899.0
2.185704,67280.77,147055.87,15761.62,1644833740,DANA/ADA_0.05,0.0008919999999998929,-13.720000000001164,30.0,899.0
0.812849,172570.43,140273.74,3301.65,1644833740,WMT/ADA_0.05,0.0,0.0,0.0,899.0
3.4e-05,3168485185.97,107840.21,4589.22,1644833740,ASHIB/ADA_1.0,0.0,0.0,0.0,899.0
0.0,98751694926045.0,96200.92,2982.85,1644833740,BISON/ADA_0.3,0.0,0.0,0.0,899.0
0.033879,2669244.0,90431.9,26289.56,1644833740,FIRE/ADA_0.3,0.0,0.0,0.0,899.0
0.0,945080061524.0,70968.93,45096.84,1644833740,HOSKY/ADA_0.3,0.0,-677606956.0,51.0,899.0
0.32196,201537.55,64887.07,119103.94,1644833740,MIN/ADA_0.3,0.0,0.0,0.0,899.0
0.006099,9052461.0,55211.9,11560.45,1644833740,FLICK/ADA_0.3,-2.0000000000000052e-05,15396.0,-93.77999999999884,899.0
0.097933,491485.0,48132.71,27506.86,1644833740,cNETA/ADA_0.3,0.0,0.0,0.0,899.0
0.12941,342704.76,44349.72,2807.61,1644833740,MELD/ADA_1.0,0.0,0.0,0.0,899.0
0.011661,3567334.0,41599.99,3560.14,1644833740,CNFT/ADA_0.3,-1.4000000000000123e-05,2165.0,-25.19000000000233,899.0
0.11477,301368.62,34588.3,6949.81,1644833740,REVU/ADA_0.3,0.0,0.0,0.0,899.0
46.273681,677.0,31327.28,10931.22,1644833740,unsi…en/ADA_1.0,0.0,0.0,0.0,899.0
0.005279,5587605.0,29499.29,2563.73,1644833740,BDOGE/ADA_1.0,0.0,0.0,0.0,899.0
0.003077,9458525.61,29111.56,12932.77,1644833740,DRIP/ADA_1.0,-5.999999999999929e-06,9000.0,-27.44999999999709,899.0
0.000843,33640689.82,28391.68,258.87,1644833740,MONET/ADA_0.3,0.0,0.0,0.0,899.0
0.01375,1855820.0,25518.05,1815.53,1644833740,QUID/ADA_0.3,0.0,0.0,0.0,899.0
0.151474,158566.0,24018.67,2036.11,1644833740,SKULL/ADA_1.0,0.0,0.0,0.0,899.0
0.123004,174269.07,21435.85,889.99,1644833740,MINt/ADA_0.05,0.0,0.0,0.0,899.0
0.000746,27961090.0,20864.14,0.0,1644833740,RAG/ADA_1.0,0.0,0.0,0.0,899.0
0.33136,57824.41,19160.72,4994.34,1644833740,MIN/ADA_0.05,0.0,0.0,0.0,899.0
0.016292,1137899.0,18539.36,10.03,1644833740,GOKEY/ADA_0.3,0.0,0.0,0.0,899.0
0.46495,38906.0,18089.37,2699.5,1644833740,CDX/ADA_1.0,0.0,0.0,0.0,899.0
21.02444,825.0,17345.16,2915.23,1644833740,XDIA…ND/ADA_1.0,-6.017302000000001,98.0,-2314.1800000000003,899.0
0.038193,436987.0,16689.84,613.63,1644833740,cMETA/ADA_0.3,0.0,0.0,0.0,899.0
1e-06,12923466341.0,15651.18,5915.56,1644833740,MEOW/ADA_0.3,0.0,-10711027.0,13.0,899.0
0.005212,2980766.0,15536.2,3703.1,1644833740,RAVE/ADA_1.0,0.0,0.0,0.0,899.0
2.188129,6764.14,14800.82,0.0,1644833740,DANA/ADA_0.3,0.0,0.0,0.0,899.0
0.319103,41066.59,13104.48,2429.16,1644833740,CARGO/ADA_0.3,0.0,0.0,0.0,899.0
0.0,146156839942.0,11543.48,1130.95,1644833740,HOSKY/ADA_0.05,0.0,0.0,0.0,899.0
0.768512,14465.69,11117.07,0.0,1644833740,WMT/ADA_1.0,0.0,0.0,0.0,899.0
0.110195,97361.0,10728.76,0.0,1644833740,Card…rm/ADA_0.3,0.0,0.0,0.0,899.0
0.046783,201381.23,9421.38,84.84,1644833740,cbTHC/ADA_0.3,0.0,0.0,0.0,899.0
2.8e-05,319625867.0,9219.85,7213.18,1644833740,SHIBA/ADA_1.0,-3.0000000000000018e-06,15000000.0,-449.39999999999964,899.0
0.003002,2998282.04,9001.64,0.0,1644833740,DRIP/ADA_0.3,0.0,0.0,0.0,899.0
0.001167,7422752.0,8665.39,0.0,1644833740,FLANO/ADA_1.0,0.0,0.0,0.0,899.0
0.000183,43742262.0,8043.83,849.46,1644833740,FIRE/ADA_1.0,0.0,0.0,0.0,899.0
0.696052,24977280.01,17385492.24,1742749.93,1644834640,SUNDAE/ADA_0.3,0.0011630000000000251,89231.42000000179,91039.91999999806,899.0
93.155729,145388.31,13543754.43,543286.05,1644834640,LQ/ADA_0.3,0.0077429999999907295,3.0,1405.1500000003725,899.0
0.8125,12529075.27,10179878.69,701833.03,1644834640,WMT/ADA_0.3,0.0003729999999999567,6678.789999999106,10092.129999998957,899.0
0.128617,10256174.19,1319125.72,720536.53,1644834640,MELD/ADA_0.3,-0.0008239999999999914,204414.34999999963,18015.659999999916,899.0
0.100434,12035962.0,1208829.01,226839.85,1644834640,PAVIA/ADA_0.3,3.9999999999901226e-06,-258.0,26.0,899.0
0.16483,6465149.0,1065655.5,55009.71,1644834640,XRAY/ADA_0.3,5.099999999999549e-05,-1009.0,166.94999999995343,899.0
0.292253,2707747.0,791349.32,177354.11,1644834640,ADAX/ADA_0.3,-0.0019319999999999893,8916.0,-2606.5,899.0
1.860651,394766.62,734523.03,68715.36,1644834640,AADA/ADA_0.3,0.0023260000000000502,-246.63000000000466,460.0,899.0
1.669827,332923.16,555924.21,81673.77,1644834640,VYFI/ADA_0.3,0.0043359999999998955,-313.070000000007,922.0,899.0
6.345498,51065.0,324032.86,101122.69,1644834640,MILK/ADA_0.3,0.0006219999999999004,0.0,31.729999999981374,899.0
0.130124,1597316.74,207850.02,40106.92,1644834640,MINt/ADA_0.3,0.00037499999999998646,-2301.8899999998976,300.0,899.0
0.034984,5585428.65,195401.27,17422.47,1644834640,CLAP/ADA_0.3,0.0,0.0,0.0,899.0
0.0,6816246303328.0,155400.64,3232.32,1644834640,CHRLZ/ADA_0.3,0.0,0.0,0.0,899.0
2.187381,67255.07,147112.49,16625.23,1644834640,DANA/ADA_0.05,0.0016769999999999285,-25.69999999999709,56.61999999999534,899.0
0.812849,172570.43,140273.74,3301.65,1644834640,WMT/ADA_0.05,0.0,0.0,0.0,899.0
3.4e-05,3168485185.97,107840.21,4589.22,1644834640,ASHIB/ADA_1.0,0.0,0.0,0.0,899.0
0.0,98751694926045.0,96200.92,2982.85,1644834640,BISON/ADA_0.3,0.0,0.0,0.0,899.0
0.033879,2669244.0,90431.9,26289.56,1644834640,FIRE/ADA_0.3,0.0,0.0,0.0,899.0
0.0,953788472144.0,70322.89,45784.79,1644834640,HOSKY/ADA_0.3,0.0,8708410620.0,-646.0399999999936,899.0
0.32196,201537.55,64887.07,119103.94,1644834640,MIN/ADA_0.3,0.0,0.0,0.0,899.0
0.006099,9052461.0,55211.9,11560.45,1644834640,FLICK/ADA_0.3,0.0,0.0,0.0,899.0
0.097933,490237.0,48010.48,27506.86,1644834640,cNETA/ADA_0.3,0.0,-1248.0,-122.22999999999593,899.0
0.12941,342704.76,44349.72,2807.61,1644834640,MELD/ADA_1.0,0.0,0.0,0.0,899.0
0.011661,3567334.0,41599.99,3560.14,1644834640,CNFT/ADA_0.3,0.0,0.0,0.0,899.0
0.11477,301368.62,34588.3,6949.81,1644834640,REVU/ADA_0.3,0.0,0.0,0.0,899.0
46.273681,677.0,31327.28,10931.22,1644834640,unsi…en/ADA_1.0,0.0,0.0,0.0,899.0
0.005279,5587605.0,29499.29,2563.73,1644834640,BDOGE/ADA_1.0,0.0,0.0,0.0,899.0
0.003077,9458525.61,29111.56,12932.77,1644834640,DRIP/ADA_1.0,0.0,0.0,0.0,899.0
0.000843,33640689.82,28391.68,258.87,1644834640,MONET/ADA_0.3,0.0,0.0,0.0,899.0
0.01375,1855820.0,25518.05,1815.53,1644834640,QUID/ADA_0.3,0.0,0.0,0.0,899.0
0.151474,158566.0,24018.67,2036.11,1644834640,SKULL/ADA_1.0,0.0,0.0,0.0,899.0
0.123004,174269.07,21435.85,889.99,1644834640,MINt/ADA_0.05,0.0,0.0,0.0,899.0
0.000746,27961090.0,20864.14,0.0,1644834640,RAG/ADA_1.0,0.0,0.0,0.0,899.0
0.33136,57824.41,19160.72,4994.34,1644834640,MIN/ADA_0.05,0.0,0.0,0.0,899.0
0.016292,1137899.0,18539.36,10.03,1644834640,GOKEY/ADA_0.3,0.0,0.0,0.0,899.0
0.46495,38906.0,18089.37,2699.5,1644834640,CDX/ADA_1.0,0.0,0.0,0.0,899.0
21.02444,825.0,17345.16,2915.23,1644834640,XDIA…ND/ADA_1.0,0.0,0.0,0.0,899.0
0.038193,436987.0,16689.84,613.63,1644834640,cMETA/ADA_0.3,0.0,0.0,0.0,899.0
1e-06,12923466341.0,15651.18,5915.56,1644834640,MEOW/ADA_0.3,0.0,0.0,0.0,899.0
0.005146,2999947.0,15437.85,3801.45,1644834640,RAVE/ADA_1.0,-6.599999999999922e-05,19181.0,-98.35000000000036,899.0
2.188129,6764.14,14800.82,0.0,1644834640,DANA/ADA_0.3,0.0,0.0,0.0,899.0
0.320807,40957.53,13139.48,2464.26,1644834640,CARGO/ADA_0.3,0.0017039999999999833,-109.05999999999767,35.0,899.0
0.0,146156839942.0,11543.48,1130.95,1644834640,HOSKY/ADA_0.05,0.0,0.0,0.0,899.0
0.768512,14465.69,11117.07,0.0,1644834640,WMT/ADA_1.0,0.0,0.0,0.0,899.0
0.110195,97361.0,10728.76,0.0,1644834640,Card…rm/ADA_0.3,0.0,0.0,0.0,899.0
3e-05,309622706.0,9520.73,7213.18,1644834640,SHIBA/ADA_1.0,2.000000000000001e-06,-10003161.0,300.8799999999992,899.0
0.046783,201381.23,9421.38,84.84,1644834640,cbTHC/ADA_0.3,0.0,0.0,0.0,899.0
0.003002,2998282.04,9001.64,0.0,1644834640,DRIP/ADA_0.3,0.0,0.0,0.0,899.0
0.001167,7422752.0,8665.39,0.0,1644834640,FLANO/ADA_1.0,0.0,0.0,0.0,899.0
0.000183,43742262.0,8043.83,849.46,1644834640,FIRE/ADA_1.0,0.0,0.0,0.0,899.0
0.696758,24993136.19,17414170.75,1751984.9,1644835540,SUNDAE/ADA_0.3,0.0007059999999999844,15856.179999999702,28678.51000000164,900.0
93.15743,145397.75,13544880.75,547136.61,1644835540,LQ/ADA_0.3,0.0017010000000112768,9.440000000002328,1126.320000000298,900.0
0.812966,12527512.79,10184448.46,704766.25,1644835540,WMT/ADA_0.3,0.00046599999999996644,-1562.480000000447,4569.770000001416,900.0
0.12866,10255462.84,1319475.18,720758.01,1644835540,MELD/ADA_0.3,4.299999999998749e-05,-711.3499999996275,349.45999999996275,900.0
0.100276,12045465.0,1207878.5,227890.5,1644835540,PAVIA/ADA_0.3,-0.00015799999999999148,9503.0,-950.5100000000093,900.0
0.165347,6454317.0,1067206.64,56687.08,1644835540,XRAY/ADA_0.3,0.0005169999999999897,-10832.0,1551.1399999998976,900.0
0.288041,2727510.0,785635.67,184069.25,1644835540,ADAX/ADA_0.3,-0.0042119999999999935,19763.0,-5713.649999999907,900.0
1.860651,394766.62,734523.03,68715.36,1644835540,AADA/ADA_0.3,0.0,0.0,0.0,900.0
1.670997,332856.77,556202.76,81869.35,1644835540,VYFI/ADA_0.3,0.0011700000000001154,-66.38999999995576,278.55000000004657,900.0
6.138311,51922.0,318713.41,109554.68,1644835540,MILK/ADA_0.3,-0.20718700000000023,857.0,-5319.450000000012,900.0
0.130124,1597316.74,207850.02,40106.92,1644835540,MINt/ADA_0.3,0.0,0.0,0.0,900.0
0.034984,5585428.65,195401.27,17422.47,1644835540,CLAP/ADA_0.3,0.0,0.0,0.0,900.0
0.0,6816246303328.0,155400.64,3232.32,1644835540,CHRLZ/ADA_0.3,0.0,0.0,0.0,900.0
2.187381,67255.07,147112.49,16625.23,1644835540,DANA/ADA_0.05,0.0,0.0,0.0,900.0
0.812849,172620.43,140314.38,3301.65,1644835540,WMT/ADA_0.05,0.0,50.0,40.64000000001397,900.0
3.4e-05,3166944299.14,107893.21,4642.75,1644835540,ASHIB/ADA_1.0,0.0,-1540886.8299999237,53.0,900.0
0.0,98919834081857.0,96037.9,3145.88,1644835540,BISON/ADA_0.3,0.0,168139155812.0,-163.02000000000407,900.0
0.033879,2669244.0,90431.9,26289.56,1644835540,FIRE/ADA_0.3,0.0,0.0,0.0,900.0
0.0,943223505050.0,71112.94,46535.3,1644835540,HOSKY/ADA_0.3,0.0,-10564967094.0,790.0500000000029,900.0
0.323895,200935.51,65082.07,119299.53,1644835540,MIN/ADA_0.3,0.0019349999999999645,-602.039999999979,195.0,900.0
0.006105,9047462.0,55242.5,11591.14,1644835540,FLICK/ADA_0.3,5.999999999999929e-06,-4999.0,30.599999999998545,900.0
0.097515,491287.0,47908.18,27609.16,1644835540,cNETA/ADA_0.3,-0.0004180000000000017,1050.0,-102.30000000000291,900.0
0.12941,342704.76,44349.72,2807.61,1644835540,MELD/ADA_1.0,0.0,0.0,0.0,900.0
0.011661,3567334.0,41599.99,3560.14,1644835540,CNFT/ADA_0.3,0.0,0.0,0.0,900.0
0.11477,301368.62,34588.3,6949.81,1644835540,REVU/ADA_0.3,0.0,0.0,0.0,900.0
46.273681,677.0,31327.28,10931.22,1644835540,unsi…en/ADA_1.0,0.0,0.0,0.0,900.0
0.005279,5587605.0,29499.29,2563.73,1644835540,BDOGE/ADA_1.0,0.0,0.0,0.0,900.0
0.003076,9460525.61,29105.47,12938.86,1644835540,DRIP/ADA_1.0,-9.99999999999699e-07,2000.0,-6.0900000000001455,900.0
0.000843,33640689.82,28391.68,258.87,1644835540,MONET/ADA_0.3,0.0,0.0,0.0,900.0
0.01375,1855820.0,25518.05,1815.53,1644835540,QUID/ADA_0.3,0.0,0.0,0.0,900.0
0.151474,158566.0,24018.67,2036.11,1644835540,SKULL/ADA_1.0,0.0,0.0,0.0,900.0
0.123004,174269.07,21435.85,889.99,1644835540,MINt/ADA_0.05,0.0,0.0,0.0,900.0
0.000746,27961090.0,20864.14,0.0,1644835540,RAG/ADA_1.0,0.0,0.0,0.0,900.0
0.33136,57824.41,19160.72,4994.34,1644835540,MIN/ADA_0.05,0.0,0.0,0.0,900.0
0.016292,1137899.0,18539.36,10.03,1644835540,GOKEY/ADA_0.3,0.0,0.0,0.0,900.0
0.46495,38906.0,18089.37,2699.5,1644835540,CDX/ADA_1.0,0.0,0.0,0.0,900.0
21.02444,825.0,17345.16,2915.23,1644835540,XDIA…ND/ADA_1.0,0.0,0.0,0.0,900.0
0.038193,436987.0,16689.84,613.63,1644835540,cMETA/ADA_0.3,0.0,0.0,0.0,900.0
1e-06,12923466341.0,15651.18,5915.56,1644835540,MEOW/ADA_0.3,0.0,0.0,0.0,900.0
0.005146,2999947.0,15437.85,3801.45,1644835540,RAVE/ADA_1.0,0.0,0.0,0.0,900.0
2.188129,6764.14,14800.82,0.0,1644835540,DANA/ADA_0.3,0.0,0.0,0.0,900.0
0.320807,40957.53,13139.48,2464.26,1644835540,CARGO/ADA_0.3,0.0,0.0,0.0,900.0
0.0,146156839942.0,11543.48,1130.95,1644835540,HOSKY/ADA_0.05,0.0,0.0,0.0,900.0
0.768512,14465.69,11117.07,0.0,1644835540,WMT/ADA_1.0,0.0,0.0,0.0,900.0
0.110195,97361.0,10728.76,0.0,1644835540,Card…rm/ADA_0.3,0.0,0.0,0.0,900.0
0.046783,201381.23,9421.38,84.84,1644835540,cbTHC/ADA_0.3,0.0,0.0,0.0,900.0
2.8e-05,319622706.0,9225.74,7508.17,1644835540,SHIBA/ADA_1.0,-2.000000000000001e-06,10000000.0,-294.9899999999998,900.0
0.003002,2998282.04,9001.64,0.0,1644835540,DRIP/ADA_0.3,0.0,0.0,0.0,900.0
0.001167,7422752.0,8665.39,0.0,1644835540,FLANO/ADA_1.0,0.0,0.0,0.0,900.0
0.000183,43742262.0,8043.83,849.46,1644835540,FIRE/ADA_1.0,0.0,0.0,0.0,900.0
0.697162,25125947.71,17516872.4,1696144.58,1644836440,SUNDAE/ADA_0.3,0.00040399999999995995,132811.51999999955,102701.64999999851,900.0
93.170264,145391.5,13546165.2,464546.67,1644836440,LQ/ADA_0.3,0.012833999999998014,-6.25,1284.449999999255,900.0
0.813153,12529113.05,10188088.18,604523.92,1644836440,WMT/ADA_0.3,0.00018700000000004824,1600.2600000016391,3639.719999998808,900.0
0.128782,10251780.34,1320248.83,691110.01,1644836440,MELD/ADA_0.3,0.00012200000000001099,-3682.5,773.6500000001397,900.0
0.100348,12042169.0,1208411.14,217950.81,1644836440,PAVIA/ADA_0.3,7.200000000000262e-05,-3296.0,532.6399999998976,900.0
0.165363,6454018.0,1067256.24,56736.84,1644836440,XRAY/ADA_0.3,1.6000000000016e-05,-299.0,49.60000000009313,900.0
0.288041,2727510.0,785635.67,183866.3,1644836440,ADAX/ADA_0.3,0.0,0.0,0.0,900.0
1.860701,394761.26,734533.03,67822.69,1644836440,AADA/ADA_0.3,4.999999999988347e-05,-5.35999999998603,10.0,900.0
1.673513,332606.77,556622.08,80003.73,1644836440,VYFI/ADA_0.3,0.0025159999999999627,-250.0,419.3199999999488,900.0
6.138902,51920.0,318731.83,108999.24,1644836440,MILK/ADA_0.3,0.0005910000000000082,-2.0,18.42000000004191,900.0
0.128981,1604386.61,206936.85,39500.38,1644836440,MINt/ADA_0.3,-0.0011429999999999774,7069.870000000112,-913.1699999999837,900.0
0.034984,5585428.65,195401.27,16920.55,1644836440,CLAP/ADA_0.3,0.0,0.0,0.0,900.0
0.0,6816246303328.0,155400.64,3210.11,1644836440,CHRLZ/ADA_0.3,0.0,0.0,0.0,900.0
2.172258,67488.9,146603.35,16590.17,1644836440,DANA/ADA_0.05,-0.015122999999999998,233.8299999999872,-509.13999999998487,900.0
0.812849,172620.43,140314.38,1900.95,1644836440,WMT/ADA_0.05,0.0,0.0,0.0,900.0
3.4e-05,3166944299.14,107893.21,4642.75,1644836440,ASHIB/ADA_1.0,0.0,0.0,0.0,900.0
0.0,98919834081857.0,96037.9,3067.41,1644836440,BISON/ADA_0.3,0.0,0.0,0.0,900.0
0.033879,2669244.0,90431.9,25774.92,1644836440,FIRE/ADA_0.3,0.0,0.0,0.0,900.0
0.0,944853685965.0,71003.41,40107.02,1644836440,HOSKY/ADA_0.3,0.0,1630180915.0,-109.52999999999884,900.0
0.33391,197903.8,66082.07,117686.47,1644836440,MIN/ADA_0.3,0.010014999999999996,-3031.710000000021,1000.0000000000073,900.0
0.006105,9047462.0,55242.5,11591.14,1644836440,FLICK/ADA_0.3,0.0,0.0,0.0,900.0
0.097515,491287.0,47908.18,27609.16,1644836440,cNETA/ADA_0.3,0.0,0.0,0.0,900.0
0.12941,342704.76,44349.72,2807.61,1644836440,MELD/ADA_1.0,0.0,0.0,0.0,900.0
0.011661,3567334.0,41599.99,3535.57,1644836440,CNFT/ADA_0.3,0.0,0.0,0.0,900.0
0.115365,300591.62,34677.97,6939.46,1644836440,REVU/ADA_0.3,0.0005949999999999983,-777.0,89.66999999999825,900.0
46.273681,677.0,31327.28,8660.48,1644836440,unsi…en/ADA_1.0,0.0,0.0,0.0,900.0
0.005279,5587605.0,29499.29,2563.73,1644836440,BDOGE/ADA_1.0,0.0,0.0,0.0,900.0
0.003038,9520053.54,28925.28,12978.85,1644836440,DRIP/ADA_1.0,-3.800000000000027e-05,59527.9299999997,-180.19000000000233,900.0
0.000843,33640689.82,28391.68,258.87,1644836440,MONET/ADA_0.3,0.0,0.0,0.0,900.0
0.013765,1854806.0,25532.05,1829.58,1644836440,QUID/ADA_0.3,1.4999999999999389e-05,-1014.0,14.0,900.0
0.151474,158566.0,24018.67,2036.11,1644836440,SKULL/ADA_1.0,0.0,0.0,0.0,900.0
0.123004,174269.07,21435.85,0.0,1644836440,MINt/ADA_0.05,0.0,0.0,0.0,900.0
0.000746,27961090.0,20864.14,0.0,1644836440,RAG/ADA_1.0,0.0,0.0,0.0,900.0
0.33136,57824.41,19160.72,4259.86,1644836440,MIN/ADA_0.05,0.0,0.0,0.0,900.0
0.016292,1137899.0,18539.36,10.03,1644836440,GOKEY/ADA_0.3,0.0,0.0,0.0,900.0
0.46495,38906.0,18089.37,2699.5,1644836440,CDX/ADA_1.0,0.0,0.0,0.0,900.0
21.02444,825.0,17345.16,2915.23,1644836440,XDIA…ND/ADA_1.0,0.0,0.0,0.0,900.0
0.038193,436987.0,16689.84,613.63,1644836440,cMETA/ADA_0.3,0.0,0.0,0.0,900.0
0.005497,2902917.0,15959.08,4327.89,1644836440,RAVE/ADA_1.0,0.00035099999999999975,-97030.0,521.2299999999996,900.0
1e-06,12923466341.0,15651.18,5915.56,1644836440,MEOW/ADA_0.3,0.0,0.0,0.0,900.0
2.188129,6389.28,13980.57,0.0,1644836440,DANA/ADA_0.3,0.0,-374.8600000000006,-820.25,900.0
0.320807,40957.53,13139.48,2464.26,1644836440,CARGO/ADA_0.3,0.0,0.0,0.0,900.0
0.0,146156839942.0,11543.48,1130.95,1644836440,HOSKY/ADA_0.05,0.0,0.0,0.0,900.0
0.768512,14465.69,11117.07,0.0,1644836440,WMT/ADA_1.0,0.0,0.0,0.0,900.0
0.110195,97361.0,10728.76,0.0,1644836440,Card…rm/ADA_0.3,0.0,0.0,0.0,900.0
0.046783,201381.23,9421.38,68.34,1644836440,cbTHC/ADA_0.3,0.0,0.0,0.0,900.0
2.8e-05,319622706.0,9225.74,7102.95,1644836440,SHIBA/ADA_1.0,0.0,0.0,0.0,900.0
0.003002,2998282.04,9001.64,0.0,1644836440,DRIP/ADA_0.3,0.0,0.0,0.0,900.0
0.001167,7422752.0,8665.39,0.0,1644836440,FLANO/ADA_1.0,0.0,0.0,0.0,900.0
0.000183,43842262.0,8025.67,692.91,1644836440,FIRE/ADA_1.0,0.0,100000.0,-18.159999999999854,900.0
0.697335,25125250.02,17520729.87,1698071.83,1644837340,SUNDAE/ADA_0.3,0.00017300000000008975,-697.6900000013411,3857.470000002533,899.0
93.178103,145391.4,13547294.99,465119.11,1644837340,LQ/ADA_0.3,0.007838999999989937,-0.10000000000582077,1129.7900000009686,899.0
0.813153,12529867.83,10188701.93,604523.92,1644837340,WMT/ADA_0.3,0.0,754.7799999993294,613.75,899.0
0.128753,10252940.34,1320099.91,691258.93,1644837340,MELD/ADA_0.3,-2.9000000000001247e-05,1160.0,-148.92000000015832,899.0
0.100373,12040634.0,1208565.73,218105.87,1644837340,PAVIA/ADA_0.3,2.4999999999997247e-05,-1535.0,154.59000000008382,899.0
0.165363,6454018.0,1067256.24,56736.84,1644837340,XRAY/ADA_0.3,0.0,0.0,0.0,899.0
0.291153,2712914.0,789875.66,188119.01,1644837340,ADAX/ADA_0.3,0.0031120000000000037,-14596.0,4239.989999999991,899.0
1.860701,394761.26,734533.03,67822.69,1644837340,AADA/ADA_0.3,0.0,0.0,0.0,899.0
1.682532,331715.54,558122.08,81508.23,1644837340,VYFI/ADA_0.3,0.009018999999999888,-891.2300000000396,1500.0,899.0
6.162499,51821.0,319346.9,109616.16,1644837340,MILK/ADA_0.3,0.023597000000000534,-99.0,615.070000000007,899.0
0.128981,1604386.61,206936.85,39500.38,1644837340,MINt/ADA_0.3,0.0,0.0,0.0,899.0
0.035002,5583928.65,195453.92,16973.36,1644837340,CLAP/ADA_0.3,1.7999999999997185e-05,-1500.0,52.65000000002328,899.0
0.0,6816246303328.0,155400.64,3210.11,1644837340,CHRLZ/ADA_0.3,0.0,0.0,0.0,899.0
2.172258,67488.9,146603.35,16590.17,1644837340,DANA/ADA_0.05,0.0,0.0,0.0,899.0
0.812849,172620.43,140314.38,1900.95,1644837340,WMT/ADA_0.05,0.0,0.0,0.0,899.0
3.4e-05,3166944299.14,107893.21,4642.75,1644837340,ASHIB/ADA_1.0,0.0,0.0,0.0,899.0
0.0,98919834081857.0,96037.9,3067.41,1644837340,BISON/ADA_0.3,0.0,0.0,0.0,899.0
0.033879,2669244.0,90431.9,25774.92,1644837340,FIRE/ADA_0.3,0.0,0.0,0.0,899.0
0.0,925363342734.0,72503.41,41611.52,1644837340,HOSKY/ADA_0.3,0.0,-19490343231.0,1500.0,899.0
0.327133,199946.1,65409.09,118359.44,1644837340,MIN/ADA_0.3,-0.0067769999999999775,2042.3000000000175,-672.9800000000105,899.0
0.006105,9047462.0,55242.5,11591.14,1644837340,FLICK/ADA_0.3,0.0,0.0,0.0,899.0
0.097515,491287.0,47908.18,27609.16,1644837340,cNETA/ADA_0.3,0.0,0.0,0.0,899.0
0.12941,342704.76,44349.72,2807.61,1644837340,MELD/ADA_1.0,0.0,0.0,0.0,899.0
0.011661,3567334.0,41599.99,3535.57,1644837340,CNFT/ADA_0.3,0.0,0.0,0.0,899.0
0.115365,300591.62,34677.97,6939.46,1644837340,REVU/ADA_0.3,0.0,0.0,0.0,899.0
46.273681,677.0,31327.28,8660.48,1644837340,unsi…en/ADA_1.0,0.0,0.0,0.0,899.0
0.005279,5587605.0,29499.29,2563.73,1644837340,BDOGE/ADA_1.0,0.0,0.0,0.0,899.0
0.003038,9520053.54,28925.28,12978.85,1644837340,DRIP/ADA_1.0,0.0,0.0,0.0,899.0
0.000843,33640689.82,28391.68,258.87,1644837340,MONET/ADA_0.3,0.0,0.0,0.0,899.0
0.013765,1854806.0,25532.05,1829.58,1644837340,QUID/ADA_0.3,0.0,0.0,0.0,899.0
0.151474,158566.0,24018.67,2036.11,1644837340,SKULL/ADA_1.0,0.0,0.0,0.0,899.0
0.123004,174269.07,21435.85,0.0,1644837340,MINt/ADA_0.05,0.0,0.0,0.0,899.0
0.000746,27961090.0,20864.14,0.0,1644837340,RAG/ADA_1.0,0.0,0.0,0.0,899.0
0.33136,57824.41,19160.72,4259.86,1644837340,MIN/ADA_0.05,0.0,0.0,0.0,899.0
0.016292,1137899.0,18539.36,10.03,1644837340,GOKEY/ADA_0.3,0.0,0.0,0.0,899.0
0.46495,38906.0,18089.37,2699.5,1644837340,CDX/ADA_1.0,0.0,0.0,0.0,899.0
21.02444,825.0,17345.16,2915.23,1644837340,XDIA…ND/ADA_1.0,0.0,0.0,0.0,899.0
0.038193,436987.0,16689.84,613.63,1644837340,cMETA/ADA_0.3,0.0,0.0,0.0,899.0
0.005497,2902917.0,15959.08,4327.89,1644837340,RAVE/ADA_1.0,0.0,0.0,0.0,899.0
1e-06,12923466341.0,15651.18,5915.56,1644837340,MEOW/ADA_0.3,0.0,0.0,0.0,899.0
2.188129,6389.28,13980.57,0.0,1644837340,DANA/ADA_0.3,0.0,0.0,0.0,899.0
0.320807,40957.53,13139.48,2464.26,1644837340,CARGO/ADA_0.3,0.0,0.0,0.0,899.0
0.0,146156839942.0,11543.48,1130.95,1644837340,HOSKY/ADA_0.05,0.0,0.0,0.0,899.0
0.768512,14465.69,11117.07,0.0,1644837340,WMT/ADA_1.0,0.0,0.0,0.0,899.0
0.110195,97361.0,10728.76,0.0,1644837340,Card…rm/ADA_0.3,0.0,0.0,0.0,899.0
0.046783,201381.23,9421.38,68.34,1644837340,cbTHC/ADA_0.3,0.0,0.0,0.0,899.0
2.8e-05,319622706.0,9225.74,7102.95,1644837340,SHIBA/ADA_1.0,0.0,0.0,0.0,899.0
0.003002,2998282.04,9001.64,0.0,1644837340,DRIP/ADA_0.3,0.0,0.0,0.0,899.0
0.001167,7422752.0,8665.39,0.0,1644837340,FLANO/ADA_1.0,0.0,0.0,0.0,899.0
0.000183,43842262.0,8025.67,692.91,1644837340,FIRE/ADA_1.0,0.0,0.0,0.0,899.0
0.695581,25175467.09,17511584.46,1724672.23,1644838240,SUNDAE/ADA_0.3,-0.0017540000000000333,50217.0700000003,-9145.410000000149,900.0
93.315507,145391.4,13567272.35,475149.11,1644838240,LQ/ADA_0.3,0.13740400000000363,0.0,19977.359999999404,900.0
0.814022,12527531.92,10197693.07,609993.32,1644838240,WMT/ADA_0.3,0.0008690000000000087,-2335.910000000149,8991.140000000596,900.0
0.128998,10243228.67,1321356.23,694041.2,1644838240,MELD/ADA_0.3,0.0002449999999999952,-9711.669999999925,1256.3200000000652,900.0
0.100266,12045793.0,1207790.65,218861.2,1644838240,PAVIA/ADA_0.3,-0.00010700000000000986,5159.0,-775.0800000000745,900.0
0.165363,6454018.0,1067256.24,56736.84,1644838240,XRAY/ADA_0.3,0.0,0.0,0.0,900.0
0.293779,2700783.0,793434.69,191688.72,1644838240,ADAX/ADA_0.3,0.002626000000000017,-12131.0,3559.0299999999115,900.0
1.86085,394745.54,734562.36,67852.11,1644838240,AADA/ADA_0.3,0.00014899999999995472,-15.720000000030268,29.32999999995809,900.0
1.682532,331715.54,558122.08,81508.23,1644838240,VYFI/ADA_0.3,0.0,0.0,0.0,900.0
6.150683,51871.0,319042.1,110538.73,1644838240,MILK/ADA_0.3,-0.011816000000000493,50.0,-304.80000000004657,900.0
0.125829,1624386.61,204396.52,42040.71,1644838240,MINt/ADA_0.3,-0.003152000000000016,20000.0,-2540.3300000000163,900.0
0.035002,5583928.65,195453.92,16973.36,1644838240,CLAP/ADA_0.3,0.0,0.0,0.0,900.0
0.0,6816246303328.0,155400.64,3210.11,1644838240,CHRLZ/ADA_0.3,0.0,0.0,0.0,900.0
2.172258,67488.9,146603.35,16590.17,1644838240,DANA/ADA_0.05,0.0,0.0,0.0,900.0
0.812849,172620.43,140314.38,1900.95,1644838240,WMT/ADA_0.05,0.0,0.0,0.0,900.0
3.4e-05,3166944299.14,107893.21,4642.75,1644838240,ASHIB/ADA_1.0,0.0,0.0,0.0,900.0
0.0,98909565965214.0,96047.9,3077.44,1644838240,BISON/ADA_0.3,0.0,-10268116643.0,10.0,900.0
0.033851,2670337.0,90395.0,25811.83,1644838240,FIRE/ADA_0.3,-2.8000000000000247e-05,1093.0,-36.89999999999418,900.0
0.0,927421800329.0,72347.59,43315.92,1644838240,HOSKY/ADA_0.3,0.0,2058457595.0,-155.82000000000698,900.0
0.329812,199138.46,65678.29,119678.41,1644838240,MIN/ADA_0.3,0.002678999999999987,-807.640000000014,269.1999999999971,900.0
0.006105,9047462.0,55242.5,11591.14,1644838240,FLICK/ADA_0.3,0.0,0.0,0.0,900.0
0.097922,493340.0,48309.09,27709.46,1644838240,cNETA/ADA_0.3,0.0004069999999999907,2053.0,400.9099999999962,900.0
0.12941,342704.76,44349.72,2807.61,1644838240,MELD/ADA_1.0,0.0,0.0,0.0,900.0
0.011661,3559863.0,41512.86,3535.57,1644838240,CNFT/ADA_0.3,0.0,-7471.0,-87.12999999999738,900.0
0.111626,304471.11,33987.18,7505.17,1644838240,REVU/ADA_0.3,-0.0037389999999999923,3879.4899999999907,-690.7900000000009,900.0
46.273681,677.0,31327.28,8660.48,1644838240,unsi…en/ADA_1.0,0.0,0.0,0.0,900.0
0.005279,5587605.0,29499.29,2563.73,1644838240,BDOGE/ADA_1.0,0.0,0.0,0.0,900.0
0.003005,9572053.54,28769.71,13134.42,1644838240,DRIP/ADA_1.0,-3.300000000000004e-05,52000.0,-155.5699999999997,900.0
0.000843,33640689.82,28391.68,258.87,1644838240,MONET/ADA_0.3,0.0,0.0,0.0,900.0
0.013765,1854806.0,25532.05,1829.58,1644838240,QUID/ADA_0.3,0.0,0.0,0.0,900.0
0.151474,158566.0,24018.67,2036.11,1644838240,SKULL/ADA_1.0,0.0,0.0,0.0,900.0
0.123004,174269.07,21435.85,0.0,1644838240,MINt/ADA_0.05,0.0,0.0,0.0,900.0
0.000746,27961090.0,20864.14,0.0,1644838240,RAG/ADA_1.0,0.0,0.0,0.0,900.0
0.33136,57824.41,19160.72,4259.86,1644838240,MIN/ADA_0.05,0.0,0.0,0.0,900.0
0.016292,1137899.0,18539.36,10.03,1644838240,GOKEY/ADA_0.3,0.0,0.0,0.0,900.0
0.46495,38906.0,18089.37,2699.5,1644838240,CDX/ADA_1.0,0.0,0.0,0.0,900.0
21.02444,825.0,17345.16,2915.23,1644838240,XDIA…ND/ADA_1.0,0.0,0.0,0.0,900.0
0.038193,436987.0,16689.84,613.63,1644838240,cMETA/ADA_0.3,0.0,0.0,0.0,900.0
0.005497,2902917.0,15959.08,4327.89,1644838240,RAVE/ADA_1.0,0.0,0.0,0.0,900.0
1e-06,12923466341.0,15651.18,5915.56,1644838240,MEOW/ADA_0.3,0.0,0.0,0.0,900.0
2.188129,6389.28,13980.57,0.0,1644838240,DANA/ADA_0.3,0.0,0.0,0.0,900.0
0.316136,41259.44,13043.62,2560.12,1644838240,CARGO/ADA_0.3,-0.004671000000000036,301.9100000000035,-95.85999999999876,900.0
0.0,146156839942.0,11543.48,1130.95,1644838240,HOSKY/ADA_0.05,0.0,0.0,0.0,900.0
0.768512,14465.69,11117.07,0.0,1644838240,WMT/ADA_1.0,0.0,0.0,0.0,900.0
0.110195,97361.0,10728.76,0.0,1644838240,Card…rm/ADA_0.3,0.0,0.0,0.0,900.0
0.046783,201381.23,9421.38,68.34,1644838240,cbTHC/ADA_0.3,0.0,0.0,0.0,900.0
0.003002,2998282.04,9001.64,0.0,1644838240,DRIP/ADA_0.3,0.0,0.0,0.0,900.0
2.5e-05,339622706.0,8687.64,7641.05,1644838240,SHIBA/ADA_1.0,-2.9999999999999984e-06,20000000.0,-538.1000000000004,900.0
0.001167,7422752.0,8665.39,0.0,1644838240,FLANO/ADA_1.0,0.0,0.0,0.0,900.0
0.000183,43842262.0,8025.67,692.91,1644838240,FIRE/ADA_1.0,0.0,0.0,0.0,900.0
0.699325,25132055.95,17575476.01,1772515.63,1644839140,SUNDAE/ADA_0.3,0.0037439999999999696,-43411.140000000596,63891.550000000745,899.0
93.303206,145401.0,13566379.68,476228.94,1644839140,LQ/ADA_0.3,-0.012300999999993678,9.60000000000582,-892.6699999999255,899.0
0.814843,12534163.73,10213384.1,615158.77,1644839140,WMT/ADA_0.3,0.0008209999999999607,6631.8100000005215,15691.02999999933,899.0
0.126208,10355966.65,1307014.58,708493.01,1644839140,MELD/ADA_0.3,-0.0027900000000000147,112737.98000000045,-14341.649999999907,899.0
0.100266,12045793.0,1207790.65,218861.2,1644839140,PAVIA/ADA_0.3,0.0,0.0,0.0,899.0
0.165363,6408976.0,1059807.87,56736.84,1644839140,XRAY/ADA_0.3,0.0,-45042.0,-7448.369999999879,899.0
0.298915,2677515.0,800351.1,198625.88,1644839140,ADAX/ADA_0.3,0.005135999999999974,-23268.0,6916.410000000033,899.0
1.86085,394745.54,734562.36,67852.11,1644839140,AADA/ADA_0.3,0.0,0.0,0.0,899.0
1.680451,331715.86,557432.43,81852.7,1644839140,VYFI/ADA_0.3,-0.0020809999999999995,0.3200000000069849,-689.6499999999069,899.0
6.150683,51871.0,319042.1,110538.73,1644839140,MILK/ADA_0.3,0.0,0.0,0.0,899.0
0.125864,1624164.78,204424.52,42068.79,1644839140,MINt/ADA_0.3,3.500000000000725e-05,-221.8300000000745,28.0,899.0
0.035002,5576448.66,195192.1,16973.36,1644839140,CLAP/ADA_0.3,0.0,-7479.9900000002235,-261.820000000007,899.0
0.0,6816246303328.0,155400.64,3210.11,1644839140,CHRLZ/ADA_0.3,0.0,0.0,0.0,899.0
2.172258,67488.9,146603.35,16590.17,1644839140,DANA/ADA_0.05,0.0,0.0,0.0,899.0
0.812849,172620.43,140314.38,1900.95,1644839140,WMT/ADA_0.05,0.0,0.0,0.0,899.0
3.4e-05,3166944299.14,107893.21,4642.75,1644839140,ASHIB/ADA_1.0,0.0,0.0,0.0,899.0
0.0,98909565965214.0,96047.9,3077.44,1644839140,BISON/ADA_0.3,0.0,0.0,0.0,899.0
0.033851,2670337.0,90395.0,25811.83,1644839140,FIRE/ADA_0.3,0.0,0.0,0.0,899.0
0.0,916560368441.0,73207.51,44178.42,1644839140,HOSKY/ADA_0.3,0.0,-10861431888.0,859.9199999999983,899.0
0.324763,200683.09,65174.64,120302.25,1644839140,MIN/ADA_0.3,-0.00504899999999997,1544.6300000000047,-503.6499999999942,899.0
0.006105,9047462.0,55242.5,11591.14,1644839140,FLICK/ADA_0.3,0.0,0.0,0.0,899.0
0.097922,493340.0,48309.09,27709.46,1644839140,cNETA/ADA_0.3,0.0,0.0,0.0,899.0
0.12941,342704.76,44349.72,2807.61,1644839140,MELD/ADA_1.0,0.0,0.0,0.0,899.0
0.011717,3551334.0,41612.86,3635.87,1644839140,CNFT/ADA_0.3,5.6000000000000494e-05,-8529.0,100.0,899.0
0.111626,304471.11,33987.18,7505.17,1644839140,REVU/ADA_0.3,0.0,0.0,0.0,899.0
46.273681,677.0,31327.28,8660.48,1644839140,unsi…en/ADA_1.0,0.0,0.0,0.0,899.0
0.005279,5587605.0,29499.29,2563.73,1644839140,BDOGE/ADA_1.0,0.0,0.0,0.0,899.0
0.003005,9572053.54,28769.71,13134.42,1644839140,DRIP/ADA_1.0,0.0,0.0,0.0,899.0
0.000843,33640689.82,28391.68,258.87,1644839140,MONET/ADA_0.3,0.0,0.0,0.0,899.0
0.013765,1854806.0,25532.05,1829.58,1644839140,QUID/ADA_0.3,0.0,0.0,0.0,899.0
0.151474,158566.0,24018.67,2036.11,1644839140,SKULL/ADA_1.0,0.0,0.0,0.0,899.0
0.123004,174269.07,21435.85,0.0,1644839140,MINt/ADA_0.05,0.0,0.0,0.0,899.0
0.000746,27961090.0,20864.14,0.0,1644839140,RAG/ADA_1.0,0.0,0.0,0.0,899.0
0.33136,57824.41,19160.72,4259.86,1644839140,MIN/ADA_0.05,0.0,0.0,0.0,899.0
24.419801,766.0,18705.56,4289.24,1644839140,XDIA…ND/ADA_1.0,3.395361000000001,-59.0,1360.4000000000015,899.0
0.016292,1137899.0,18539.36,10.03,1644839140,GOKEY/ADA_0.3,0.0,0.0,0.0,899.0
0.464949,38206.0,17763.87,2699.5,1644839140,CDX/ADA_1.0,-9.999999999732445e-07,-700.0,-325.5,899.0
0.038193,436987.0,16689.84,613.63,1644839140,cMETA/ADA_0.3,0.0,0.0,0.0,899.0
0.005497,2902917.0,15959.08,4327.89,1644839140,RAVE/ADA_1.0,0.0,0.0,0.0,899.0
1e-06,12923466341.0,15651.18,5915.56,1644839140,MEOW/ADA_0.3,0.0,0.0,0.0,899.0
2.188129,6389.28,13980.57,0.0,1644839140,DANA/ADA_0.3,0.0,0.0,0.0,899.0
0.316136,41259.44,13043.62,2560.12,1644839140,CARGO/ADA_0.3,0.0,0.0,0.0,899.0
0.0,146156839942.0,11543.48,1130.95,1644839140,HOSKY/ADA_0.05,0.0,0.0,0.0,899.0
0.768512,14465.69,11117.07,0.0,1644839140,WMT/ADA_1.0,0.0,0.0,0.0,899.0
0.110195,97361.0,10728.76,0.0,1644839140,Card…rm/ADA_0.3,0.0,0.0,0.0,899.0
0.046783,201381.23,9421.38,68.34,1644839140,cbTHC/ADA_0.3,0.0,0.0,0.0,899.0
0.003002,3002737.04,9015.01,0.0,1644839140,DRIP/ADA_0.3,0.0,4455.0,13.3700000000008,899.0
2.5e-05,339622706.0,8747.44,7671.35,1644839140,SHIBA/ADA_1.0,0.0,0.0,59.80000000000109,899.0
0.001167,7422752.0,8665.39,0.0,1644839140,FLANO/ADA_1.0,0.0,0.0,0.0,899.0
0.000183,43842262.0,8025.67,692.91,1644839140,FIRE/ADA_1.0,0.0,0.0,0.0,899.0
0.699032,25229335.48,17636126.74,1796881.61,1644840040,SUNDAE/ADA_0.3,-0.0002929999999999877,97279.53000000119,60650.72999999672,899.0
93.355542,145360.3,13570189.71,480050.4,1644840040,LQ/ADA_0.3,0.05233599999999683,-40.70000000001164,3810.030000001192,899.0
0.815306,12530944.71,10216561.73,618072.48,1644840040,WMT/ADA_0.3,0.0004629999999999912,-3219.019999999553,3177.6300000008196,899.0
0.126832,10330556.63,1310251.71,715936.3,1644840040,MELD/ADA_0.3,0.0006240000000000134,-25410.019999999553,3237.1299999998882,899.0
0.100892,12010436.0,1211760.84,223103.34,1644840040,PAVIA/ADA_0.3,0.0006260000000000016,-35357.0,3970.190000000177,899.0
0.165363,6408976.0,1059807.87,56736.84,1644840040,XRAY/ADA_0.3,0.0,0.0,0.0,899.0
0.304159,2654370.0,807351.1,205646.88,1644840040,ADAX/ADA_0.3,0.005244000000000026,-23145.0,7000.0,899.0
1.802956,401043.35,723063.88,80259.19,1644840040,AADA/ADA_0.3,-0.05789399999999989,6297.809999999998,-11498.479999999981,899.0
1.656565,334102.43,553462.42,85822.71,1644840040,VYFI/ADA_0.3,-0.023885999999999852,2386.570000000007,-3970.0100000000093,899.0
6.150683,51871.0,319042.1,110538.73,1644840040,MILK/ADA_0.3,0.0,0.0,0.0,899.0
0.125864,1624164.78,204424.52,42055.85,1644840040,MINt/ADA_0.3,0.0,0.0,0.0,899.0
0.034909,5583928.65,194931.41,16825.2,1644840040,CLAP/ADA_0.3,-9.299999999999586e-05,7479.9900000002235,-260.6900000000023,899.0
0.0,6816246303328.0,155400.64,3210.11,1644840040,CHRLZ/ADA_0.3,0.0,0.0,0.0,899.0
2.172258,67488.9,146603.35,15269.25,1644840040,DANA/ADA_0.05,0.0,0.0,0.0,899.0
0.812849,172620.43,140314.38,1900.95,1644840040,WMT/ADA_0.05,0.0,0.0,0.0,899.0
3.4e-05,3168444299.14,107910.42,4659.61,1644840040,ASHIB/ADA_1.0,0.0,1500000.0,17.20999999999185,899.0
0.0,98909565965214.0,96047.9,3077.44,1644840040,BISON/ADA_0.3,0.0,0.0,0.0,899.0
0.033851,2670337.0,90395.0,25445.51,1644840040,FIRE/ADA_0.3,0.0,0.0,0.0,899.0
0.0,902767319129.0,74038.99,43828.64,1644840040,HOSKY/ADA_0.3,0.0,-13793049312.0,831.4800000000105,899.0
0.324763,200078.89,64978.42,119600.15,1644840040,MIN/ADA_0.3,0.0,-604.1999999999825,-196.22000000000116,899.0
0.006105,9047462.0,55242.5,11490.72,1644840040,FLICK/ADA_0.3,0.0,0.0,0.0,899.0
0.097922,493590.0,48333.57,27668.44,1644840040,cNETA/ADA_0.3,0.0,250.0,24.4800000000032,899.0
0.12941,342704.76,44349.72,2807.61,1644840040,MELD/ADA_1.0,0.0,0.0,0.0,899.0
0.011717,3551334.0,41612.86,3625.84,1644840040,CNFT/ADA_0.3,0.0,0.0,0.0,899.0
0.111626,304471.11,33987.18,6355.94,1644840040,REVU/ADA_0.3,0.0,0.0,0.0,899.0
46.273681,677.0,31327.28,8660.48,1644840040,unsi…en/ADA_1.0,0.0,0.0,0.0,899.0
0.005279,5587605.0,29499.29,2563.73,1644840040,BDOGE/ADA_1.0,0.0,0.0,0.0,899.0
0.003004,9573053.54,28766.73,13048.24,1644840040,DRIP/ADA_1.0,-9.99999999999699e-07,1000.0,-2.9799999999995634,899.0
0.000843,33640689.82,28391.68,258.87,1644840040,MONET/ADA_0.3,0.0,0.0,0.0,899.0
0.013765,1854806.0,25532.05,1829.58,1644840040,QUID/ADA_0.3,0.0,0.0,0.0,899.0
0.151474,158566.0,24018.67,2036.11,1644840040,SKULL/ADA_1.0,0.0,0.0,0.0,899.0
0.123004,174269.07,21435.85,0.0,1644840040,MINt/ADA_0.05,0.0,0.0,0.0,899.0
0.000746,27961090.0,20864.14,0.0,1644840040,RAG/ADA_1.0,0.0,0.0,0.0,899.0
0.33136,57824.41,19160.72,4259.86,1644840040,MIN/ADA_0.05,0.0,0.0,0.0,899.0
24.419801,766.0,18705.56,4289.24,1644840040,XDIA…ND/ADA_1.0,0.0,0.0,0.0,899.0
0.016292,1137899.0,18539.36,10.03,1644840040,GOKEY/ADA_0.3,0.0,0.0,0.0,899.0
0.038193,436987.0,16689.84,613.63,1644840040,cMETA/ADA_0.3,0.0,0.0,0.0,899.0
0.005497,2902917.0,15959.08,3477.82,1644840040,RAVE/ADA_1.0,0.0,0.0,0.0,899.0
0.363985,43206.0,15726.35,4737.02,1644840040,CDX/ADA_1.0,-0.100964,5000.0,-2037.5199999999986,899.0
1e-06,12923466341.0,15651.18,5833.95,1644840040,MEOW/ADA_0.3,0.0,0.0,0.0,899.0
2.188129,6389.28,13980.57,0.0,1644840040,DANA/ADA_0.3,0.0,0.0,0.0,899.0
0.0,165647183173.0,13082.83,1130.95,1644840040,HOSKY/ADA_0.05,0.0,19490343231.0,1539.3500000000004,899.0
0.316136,41259.44,13043.62,2560.12,1644840040,CARGO/ADA_0.3,0.0,0.0,0.0,899.0
0.768512,14465.69,11117.07,0.0,1644840040,WMT/ADA_1.0,0.0,0.0,0.0,899.0
0.110195,97361.0,10728.76,0.0,1644840040,Card…rm/ADA_0.3,0.0,0.0,0.0,899.0
0.046783,201381.23,9421.38,68.34,1644840040,cbTHC/ADA_0.3,0.0,0.0,0.0,899.0
0.003002,3002737.04,9015.01,0.0,1644840040,DRIP/ADA_0.3,0.0,0.0,0.0,899.0
0.001167,7422752.0,8665.39,0.0,1644840040,FLANO/ADA_1.0,0.0,0.0,0.0,899.0
2.4e-05,349622706.0,8499.68,7173.84,1644840040,SHIBA/ADA_1.0,-1.0000000000000006e-06,10000000.0,-247.76000000000022,899.0
0.000183,43842262.0,8025.67,526.26,1644840040,FIRE/ADA_1.0,0.0,0.0,0.0,899.0
0.699064,25236507.34,17641955.22,1629031.82,1644840945,SUNDAE/ADA_0.3,3.2000000000032e-05,7171.859999999404,5828.480000000447,905.0
93.396758,145492.68,13588544.87,478558.06,1644840945,LQ/ADA_0.3,0.04121600000000569,132.38000000000466,18355.159999998286,905.0
0.815381,12532921.81,10219111.81,588023.0,1644840945,WMT/ADA_0.3,7.500000000004725e-05,1977.0999999996275,2550.0800000000745,905.0
0.126291,10352704.69,1307458.16,694675.14,1644840945,MELD/ADA_0.3,-0.0005410000000000137,22148.05999999866,-2793.5500000000466,905.0
0.100977,12005400.0,1212270.84,212678.91,1644840945,PAVIA/ADA_0.3,8.500000000000174e-05,-5036.0,510.0,905.0
0.165363,6408976.0,1059807.87,56721.51,1644840945,XRAY/ADA_0.3,0.0,0.0,0.0,905.0
0.305439,2648810.0,809051.1,130756.18,1644840945,ADAX/ADA_0.3,0.0012800000000000034,-5560.0,1700.0,905.0
1.803255,401010.17,723123.88,77865.01,1644840945,AADA/ADA_0.3,0.0002990000000000492,-33.179999999993015,60.0,905.0
1.656565,334102.43,553462.42,82752.28,1644840945,VYFI/ADA_0.3,0.0,0.0,0.0,905.0
6.181615,51742.0,319849.14,109612.37,1644840945,MILK/ADA_0.3,0.03093199999999996,-129.0,807.0400000000373,905.0
0.125864,1624164.78,204424.52,42055.85,1644840945,MINt/ADA_0.3,0.0,0.0,0.0,905.0
0.034909,5583928.65,194931.41,16825.2,1644840945,CLAP/ADA_0.3,0.0,0.0,0.0,905.0
0.0,6816246303328.0,155400.64,3210.11,1644840945,CHRLZ/ADA_0.3,0.0,0.0,0.0,905.0
2.163012,67633.07,146291.16,15886.11,1644840945,DANA/ADA_0.05,-0.009245999999999643,144.1700000000128,-312.1900000000023,905.0
0.812849,172620.43,140314.38,1900.95,1644840945,WMT/ADA_0.05,0.0,0.0,0.0,905.0
3.4e-05,3168153643.97,107920.42,4669.71,1644840945,ASHIB/ADA_1.0,0.0,-290655.1700000763,10.0,905.0
0.0,98909565965214.0,96047.9,3077.44,1644840945,BISON/ADA_0.3,0.0,0.0,0.0,905.0
0.033851,2670337.0,90395.0,25445.51,1644840945,FIRE/ADA_0.3,0.0,0.0,0.0,905.0
0.0,908872181310.0,73547.63,45822.24,1644840945,HOSKY/ADA_0.3,0.0,6104862181.0,-491.3600000000006,905.0
0.322814,200683.09,64783.37,119795.2,1644840945,MIN/ADA_0.3,-0.001949000000000034,604.1999999999825,-195.04999999999563,905.0
0.006105,9047462.0,55242.5,11490.72,1644840945,FLICK/ADA_0.3,0.0,0.0,0.0,905.0
0.097902,493640.0,48328.69,27673.32,1644840945,cNETA/ADA_0.3,-1.9999999999992246e-05,50.0,-4.879999999997381,905.0
0.12941,342704.76,44349.72,2807.61,1644840945,MELD/ADA_1.0,0.0,0.0,0.0,905.0
0.012813,3396288.0,43518.82,5711.97,1644840945,CNFT/ADA_0.3,0.0010959999999999998,-155046.0,1905.9599999999991,905.0
0.110089,306592.68,33752.69,6590.43,1644840945,REVU/ADA_0.3,-0.0015369999999999967,2121.570000000007,-234.48999999999796,905.0
46.551529,675.0,31422.28,8756.43,1644840945,unsi…en/ADA_1.0,0.27784799999999876,-2.0,95.0,905.0
0.005279,5587605.0,29499.29,2563.73,1644840945,BDOGE/ADA_1.0,0.0,0.0,0.0,905.0
0.002973,9623053.54,28618.75,13196.22,1644840945,DRIP/ADA_1.0,-3.100000000000021e-05,50000.0,-147.97999999999956,905.0
0.000843,33640689.82,28391.68,258.87,1644840945,MONET/ADA_0.3,0.0,0.0,0.0,905.0
0.013765,1854806.0,25532.05,1829.58,1644840945,QUID/ADA_0.3,0.0,0.0,0.0,905.0
0.151474,158566.0,24018.67,2036.11,1644840945,SKULL/ADA_1.0,0.0,0.0,0.0,905.0
0.123004,174269.07,21435.85,0.0,1644840945,MINt/ADA_0.05,0.0,0.0,0.0,905.0
0.000746,27961090.0,20864.14,0.0,1644840945,RAG/ADA_1.0,0.0,0.0,0.0,905.0
25.703697,747.0,19200.66,4789.29,1644840945,XDIA…ND/ADA_1.0,1.2838959999999986,-19.0,495.09999999999854,905.0
0.33136,57824.41,19160.72,4259.86,1644840945,MIN/ADA_0.05,0.0,0.0,0.0,905.0
0.016292,1137899.0,18539.36,10.03,1644840945,GOKEY/ADA_0.3,0.0,0.0,0.0,905.0
0.038193,436987.0,16689.84,613.63,1644840945,cMETA/ADA_0.3,0.0,0.0,0.0,905.0
0.005497,2902917.0,15959.08,3477.82,1644840945,RAVE/ADA_1.0,0.0,0.0,0.0,905.0
1e-06,12923466341.0,15651.18,5833.95,1644840945,MEOW/ADA_0.3,0.0,0.0,0.0,905.0
0.353661,43836.0,15503.09,5010.53,1644840945,CDX/ADA_1.0,-0.010324,630.0,-223.26000000000022,905.0
2.188129,6389.28,13980.57,0.0,1644840945,DANA/ADA_0.3,0.0,0.0,0.0,905.0
0.0,165647183173.0,13082.83,1130.95,1644840945,HOSKY/ADA_0.05,0.0,0.0,0.0,905.0
0.316136,41259.44,13043.62,2560.12,1644840945,CARGO/ADA_0.3,0.0,0.0,0.0,905.0
0.768512,14465.69,11117.07,0.0,1644840945,WMT/ADA_1.0,0.0,0.0,0.0,905.0
0.110195,97361.0,10728.76,0.0,1644840945,Card…rm/ADA_0.3,0.0,0.0,0.0,905.0
0.046783,201381.23,9421.38,68.34,1644840945,cbTHC/ADA_0.3,0.0,0.0,0.0,905.0
0.003002,3002737.04,9015.01,0.0,1644840945,DRIP/ADA_0.3,0.0,0.0,0.0,905.0
2.5e-05,339619817.0,8752.55,7429.24,1644840945,SHIBA/ADA_1.0,1.0000000000000006e-06,-10002889.0,252.86999999999898,905.0
0.001167,7422752.0,8665.39,0.0,1644840945,FLANO/ADA_1.0,0.0,0.0,0.0,905.0
0.000183,43842262.0,8025.67,526.26,1644840945,FIRE/ADA_1.0,0.0,0.0,0.0,905.0
0.699323,25246651.17,17655583.6,1632374.1,1644841840,SUNDAE/ADA_0.3,0.0002590000000000092,10143.830000001937,13628.380000002682,894.0
93.404074,145528.99,13593000.86,480026.7,1644841840,LQ/ADA_0.3,0.007315999999988776,36.30999999999767,4455.9900000002235,894.0
0.813706,12545351.74,10208229.12,598550.73,1644841840,WMT/ADA_0.3,-0.001674999999999982,12429.929999999702,-10882.690000001341,894.0
0.126084,10362591.43,1306566.45,696038.59,1644841840,MELD/ADA_0.3,-0.00020699999999998497,9886.740000000224,-891.7099999999627,894.0
0.100986,10639319.0,1074429.65,212730.06,1644841840,PAVIA/ADA_0.3,9.000000000009e-06,-1366081.0,-137841.19000000018,894.0
0.165363,6408976.0,1059807.87,56721.51,1644841840,XRAY/ADA_0.3,0.0,0.0,0.0,894.0
0.305439,2648810.0,809051.1,130756.18,1644841840,ADAX/ADA_0.3,0.0,0.0,0.0,894.0
1.8168,399514.75,725838.76,80588.02,1644841840,AADA/ADA_0.3,0.013544999999999918,-1495.4199999999837,2714.8800000000047,894.0
1.463705,355475.14,520310.95,126793.45,1644841840,VYFI/ADA_0.3,-0.19286000000000003,21372.71000000002,-33151.47000000003,894.0
6.203616,51651.0,320422.97,110187.91,1644841840,MILK/ADA_0.3,0.02200100000000038,-91.0,573.8299999999581,894.0
0.126567,1624550.96,205616.03,43886.19,1644841840,MINt/ADA_0.3,0.0007030000000000092,386.1799999999348,1191.5100000000093,894.0
0.034807,5592076.7,194648.23,17108.37,1644841840,CLAP/ADA_0.3,-0.00010200000000000486,8148.049999999814,-283.179999999993,894.0
0.0,6816246303328.0,155400.64,3323.94,1644841840,CHRLZ/ADA_0.3,0.0,0.0,0.0,894.0
2.077409,69012.81,143367.87,18809.4,1644841840,DANA/ADA_0.05,-0.08560300000000032,1379.7399999999907,-2923.290000000008,894.0
0.812849,172620.43,140314.38,1900.95,1644841840,WMT/ADA_0.05,0.0,0.0,0.0,894.0
0.005497,21092664.0,115959.08,3477.82,1644841840,RAVE/ADA_1.0,0.0,18189747.0,100000.0,894.0
3.4e-05,3168153643.97,107920.42,4669.71,1644841840,ASHIB/ADA_1.0,0.0,0.0,0.0,894.0
0.0,98909565965214.0,96047.9,3077.44,1644841840,BISON/ADA_0.3,0.0,0.0,0.0,894.0
0.033826,2671337.0,90361.26,25479.25,1644841840,FIRE/ADA_0.3,-2.4999999999997247e-05,1000.0,-33.74000000000524,894.0
0.0,899121503031.0,74347.63,46624.64,1644841840,HOSKY/ADA_0.3,0.0,-9750678279.0,800.0,894.0
0.329817,200683.09,66188.81,120998.8,1644841840,MIN/ADA_0.3,0.007003000000000037,0.0,1405.439999999995,894.0
0.006105,9047462.0,55242.5,11490.72,1644841840,FLICK/ADA_0.3,0.0,0.0,0.0,894.0
0.096647,496840.0,48018.35,27983.67,1644841840,cNETA/ADA_0.3,-0.0012550000000000061,3200.0,-310.3400000000038,894.0
0.12941,342704.76,44349.72,2807.61,1644841840,MELD/ADA_1.0,0.0,0.0,0.0,894.0
0.012813,3396288.0,43518.82,5711.97,1644841840,CNFT/ADA_0.3,0.0,0.0,0.0,894.0
0.110089,306592.68,33752.69,6590.43,1644841840,REVU/ADA_0.3,0.0,0.0,0.0,894.0
46.551529,675.0,31422.28,8756.43,1644841840,unsi…en/ADA_1.0,0.0,0.0,0.0,894.0
0.005279,5587605.0,29499.29,2563.73,1644841840,BDOGE/ADA_1.0,0.0,0.0,0.0,894.0
0.002951,9695162.09,28614.26,13304.75,1644841840,DRIP/ADA_1.0,-2.1999999999999884e-05,72108.55000000075,-4.490000000001601,894.0
0.000843,33640689.82,28391.68,258.87,1644841840,MONET/ADA_0.3,0.0,0.0,0.0,894.0
0.013765,1854806.0,25532.05,1829.58,1644841840,QUID/ADA_0.3,0.0,0.0,0.0,894.0
0.151474,158566.0,24018.67,2036.11,1644841840,SKULL/ADA_1.0,0.0,0.0,0.0,894.0
0.123004,174269.07,21435.85,0.0,1644841840,MINt/ADA_0.05,0.0,0.0,0.0,894.0
0.000746,27961090.0,20864.14,0.0,1644841840,RAG/ADA_1.0,0.0,0.0,0.0,894.0
25.703697,747.0,19200.66,4789.29,1644841840,XDIA…ND/ADA_1.0,0.0,0.0,0.0,894.0
0.33136,57824.41,19160.72,4259.86,1644841840,MIN/ADA_0.05,0.0,0.0,0.0,894.0
0.016292,1137899.0,18539.36,10.03,1644841840,GOKEY/ADA_0.3,0.0,0.0,0.0,894.0
0.038193,436987.0,16689.84,613.63,1644841840,cMETA/ADA_0.3,0.0,0.0,0.0,894.0
1e-06,12923466341.0,15651.18,5833.95,1644841840,MEOW/ADA_0.3,0.0,0.0,0.0,894.0
0.359126,43503.0,15623.09,5131.73,1644841840,CDX/ADA_1.0,0.005464999999999998,-333.0,120.0,894.0
0.0,197045767157.0,15562.7,1130.95,1644841840,HOSKY/ADA_0.05,0.0,31398583984.0,2479.870000000001,894.0
2.188129,6389.28,13980.57,0.0,1644841840,DANA/ADA_0.3,0.0,0.0,0.0,894.0
0.316136,41259.44,13043.62,2560.12,1644841840,CARGO/ADA_0.3,0.0,0.0,0.0,894.0
0.768512,14848.94,11411.6,0.0,1644841840,WMT/ADA_1.0,0.0,383.25,294.53000000000065,894.0
0.110195,97361.0,10728.76,0.0,1644841840,Card…rm/ADA_0.3,0.0,0.0,0.0,894.0
0.046783,201381.23,9421.38,68.34,1644841840,cbTHC/ADA_0.3,0.0,0.0,0.0,894.0
2.5e-05,339619817.0,8752.55,7429.24,1644841840,SHIBA/ADA_1.0,0.0,0.0,0.0,894.0
0.003002,2911245.76,8740.33,0.0,1644841840,DRIP/ADA_0.3,0.0,-91491.28000000026,-274.6800000000003,894.0
0.001167,7422752.0,8665.39,0.0,1644841840,FLANO/ADA_1.0,0.0,0.0,0.0,894.0
0.000183,43842262.0,8025.67,526.26,1644841840,FIRE/ADA_1.0,0.0,0.0,0.0,894.0
0.699576,25273427.07,17680697.64,1635595.73,1644842740,SUNDAE/ADA_0.3,0.0002529999999999477,26775.89999999851,25114.039999999106,900.0
93.391258,145540.11,13592174.69,480957.87,1644842740,LQ/ADA_0.3,-0.012816000000000827,11.119999999995343,-826.1699999999255,900.0
0.811608,12564481.7,10197441.98,625417.81,1644842740,WMT/ADA_0.3,-0.0020980000000000443,19129.95999999903,-10787.139999998733,900.0
0.125867,10371721.83,1305460.76,697424.84,1644842740,MELD/ADA_0.3,-0.00021699999999999497,9130.400000000373,-1105.6899999999441,900.0
0.101062,10635316.0,1074835.39,213137.01,1644842740,PAVIA/ADA_0.3,7.599999999999274e-05,-4003.0,405.7399999999907,900.0
0.165363,6408976.0,1059807.87,56721.51,1644842740,XRAY/ADA_0.3,0.0,0.0,0.0,900.0
0.305523,2648448.0,809162.22,130867.64,1644842740,ADAX/ADA_0.3,8.399999999997299e-05,-362.0,111.11999999999534,900.0
1.814454,399773.43,725370.51,81056.27,1644842740,AADA/ADA_0.3,-0.0023459999999999592,258.679999999993,-468.25,900.0
1.476084,353983.73,522509.84,129032.45,1644842740,VYFI/ADA_0.3,0.012378999999999918,-1491.4100000000326,2198.890000000014,900.0
6.203616,51651.0,320422.97,110187.91,1644842740,MILK/ADA_0.3,0.0,0.0,0.0,900.0
0.126567,1624550.96,205616.03,43886.19,1644842740,MINt/ADA_0.3,0.0,0.0,0.0,900.0
0.034807,5592076.7,194648.23,17108.37,1644842740,CLAP/ADA_0.3,0.0,0.0,0.0,900.0
0.0,6821257790071.0,155286.81,3323.94,1644842740,CHRLZ/ADA_0.3,0.0,5011486743.0,-113.8300000000163,900.0
2.077409,69012.81,143367.87,18809.4,1644842740,DANA/ADA_0.05,0.0,0.0,0.0,900.0
0.812849,172620.43,140314.38,1900.95,1644842740,WMT/ADA_0.05,0.0,0.0,0.0,900.0
0.005497,21092664.0,115959.08,3477.82,1644842740,RAVE/ADA_1.0,0.0,0.0,0.0,900.0
3.4e-05,3168153643.97,107920.42,4669.71,1644842740,ASHIB/ADA_1.0,0.0,0.0,0.0,900.0
0.0,98909565965214.0,96047.9,3077.44,1644842740,BISON/ADA_0.3,0.0,0.0,0.0,900.0
0.033826,2671337.0,90361.26,25479.25,1644842740,FIRE/ADA_0.3,0.0,0.0,0.0,900.0
0.0,934095858640.0,71576.36,50898.16,1644842740,HOSKY/ADA_0.3,0.0,34974355609.0,-2771.270000000004,900.0
0.318638,202642.47,64569.67,122627.08,1644842740,MIN/ADA_0.3,-0.01117900000000005,1959.3800000000047,-1619.1399999999994,900.0
0.006105,9047462.0,55242.5,11490.72,1644842740,FLICK/ADA_0.3,0.0,0.0,0.0,900.0
0.096647,496840.0,48018.35,27983.67,1644842740,cNETA/ADA_0.3,0.0,0.0,0.0,900.0
0.12941,342704.76,44349.72,2807.61,1644842740,MELD/ADA_1.0,0.0,0.0,0.0,900.0
0.012813,3396288.0,43518.82,5711.97,1644842740,CNFT/ADA_0.3,0.0,0.0,0.0,900.0
0.10925,307796.26,33626.89,8719.23,1644842740,REVU/ADA_0.3,-0.0008390000000000064,1203.5800000000163,-125.80000000000291,900.0
46.551529,675.0,31422.28,8756.43,1644842740,unsi…en/ADA_1.0,0.0,0.0,0.0,900.0
0.005315,5568916.0,29599.29,2664.73,1644842740,BDOGE/ADA_1.0,3.600000000000044e-05,-18689.0,100.0,900.0
0.000843,33640689.82,28391.68,258.87,1644842740,MONET/ADA_0.3,0.0,0.0,0.0,900.0
0.002655,10376205.53,27556.34,14790.74,1644842740,DRIP/ADA_1.0,-0.00029600000000000026,681043.4399999995,-1057.9199999999983,900.0
0.013765,1854806.0,25532.05,1829.58,1644842740,QUID/ADA_0.3,0.0,0.0,0.0,900.0
0.151474,158566.0,24018.67,2036.11,1644842740,SKULL/ADA_1.0,0.0,0.0,0.0,900.0
0.123004,174269.07,21435.85,0.0,1644842740,MINt/ADA_0.05,0.0,0.0,0.0,900.0
0.000746,27961090.0,20864.14,0.0,1644842740,RAG/ADA_1.0,0.0,0.0,0.0,900.0
25.703697,747.0,19200.66,4789.29,1644842740,XDIA…ND/ADA_1.0,0.0,0.0,0.0,900.0
0.33136,57824.41,19160.72,4259.86,1644842740,MIN/ADA_0.05,0.0,0.0,0.0,900.0
0.016292,1137899.0,18539.36,10.03,1644842740,GOKEY/ADA_0.3,0.0,0.0,0.0,900.0
0.038193,436987.0,16689.84,613.63,1644842740,cMETA/ADA_0.3,0.0,0.0,0.0,900.0
0.399488,41258.0,16482.09,6423.52,1644842740,CDX/ADA_1.0,0.04036200000000001,-2245.0,859.0,900.0
1e-06,12923466341.0,15651.18,5833.95,1644842740,MEOW/ADA_0.3,0.0,0.0,0.0,900.0
0.0,197045767157.0,15562.7,1130.95,1644842740,HOSKY/ADA_0.05,0.0,0.0,0.0,900.0
2.188129,6546.0,14323.49,0.0,1644842740,DANA/ADA_0.3,0.0,156.72000000000025,342.9200000000001,900.0
0.316136,41259.44,13043.62,2560.12,1644842740,CARGO/ADA_0.3,0.0,0.0,0.0,900.0
0.768512,14465.69,11117.07,0.0,1644842740,WMT/ADA_1.0,0.0,-383.25,-294.53000000000065,900.0
0.110195,97361.0,10728.76,0.0,1644842740,Card…rm/ADA_0.3,0.0,0.0,0.0,900.0
0.046783,201381.23,9421.38,68.34,1644842740,cbTHC/ADA_0.3,0.0,0.0,0.0,900.0
2.5e-05,339619817.0,8752.55,7429.24,1644842740,SHIBA/ADA_1.0,0.0,0.0,0.0,900.0
0.003002,2911245.76,8740.33,0.0,1644842740,DRIP/ADA_0.3,0.0,0.0,0.0,900.0
0.001167,7422752.0,8665.39,0.0,1644842740,FLANO/ADA_1.0,0.0,0.0,0.0,900.0
0.000183,43842262.0,8025.67,526.26,1644842740,FIRE/ADA_1.0,0.0,0.0,0.0,900.0
0.700297,25290090.58,17710582.72,1652125.52,1644843641,SUNDAE/ADA_0.3,0.0007209999999999717,16663.509999997914,29885.079999998212,900.0
93.391258,145540.11,13592174.69,466689.9,1644843641,LQ/ADA_0.3,0.0,0.0,0.0,900.0
0.809041,12584555.52,10181423.29,576665.51,1644843641,WMT/ADA_0.3,-0.002566999999999986,20073.820000000298,-16018.690000001341,900.0
0.126082,10362879.94,1306577.97,653691.13,1644843641,MELD/ADA_0.3,0.00021499999999999297,-8841.890000000596,1117.2099999999627,900.0
0.101062,10635316.0,1074835.39,150875.7,1644843641,PAVIA/ADA_0.3,0.0,0.0,0.0,900.0
0.165363,6408976.0,1059807.87,56721.51,1644843641,XRAY/ADA_0.3,0.0,0.0,0.0,900.0
0.305523,2648448.0,809162.22,115450.1,1644843641,ADAX/ADA_0.3,0.0,0.0,0.0,900.0
1.813104,399922.43,725101.06,76099.52,1644843641,AADA/ADA_0.3,-0.0013499999999999623,149.0,-269.44999999995343,900.0
1.473304,354319.05,522019.94,129913.26,1644843641,VYFI/ADA_0.3,-0.0027800000000000047,335.320000000007,-489.9000000000233,900.0
6.203616,51651.0,320422.97,103568.36,1644843641,MILK/ADA_0.3,0.0,0.0,0.0,900.0
0.126567,1624550.96,205616.03,41279.08,1644843641,MINt/ADA_0.3,0.0,0.0,0.0,900.0
0.034807,5592076.7,194648.23,16960.93,1644843641,CLAP/ADA_0.3,0.0,0.0,0.0,900.0
0.0,6821257790071.0,155286.81,3222.17,1644843641,CHRLZ/ADA_0.3,0.0,0.0,0.0,900.0
2.111308,68457.15,144534.15,23238.67,1644843641,DANA/ADA_0.05,0.033899000000000346,-555.6600000000035,1166.2799999999988,900.0
0.812849,170912.66,138926.23,1900.95,1644843641,WMT/ADA_0.05,0.0,-1707.7699999999895,-1388.1499999999942,900.0
0.005498,21091665.0,115964.63,3483.42,1644843641,RAVE/ADA_1.0,1.0000000000001327e-06,-999.0,5.55000000000291,900.0
3.4e-05,3168153643.97,107920.42,4669.71,1644843641,ASHIB/ADA_1.0,0.0,0.0,0.0,900.0
0.0,98909565965214.0,96047.9,2982.93,1644843641,BISON/ADA_0.3,0.0,0.0,0.0,900.0
0.033826,2671337.0,90361.26,17790.47,1644843641,FIRE/ADA_0.3,0.0,0.0,0.0,900.0
0.0,920555309608.0,72632.36,47926.45,1644843641,HOSKY/ADA_0.3,0.0,-13540549032.0,1056.0,900.0
0.318638,202642.47,64569.67,122623.51,1644843641,MIN/ADA_0.3,0.0,0.0,0.0,900.0
0.006114,9040936.0,55282.5,11530.84,1644843641,FLICK/ADA_0.3,8.99999999999946e-06,-6526.0,40.0,900.0
0.095967,498600.0,47849.36,26270.4,1644843641,cNETA/ADA_0.3,-0.00068,1760.0,-168.98999999999796,900.0
0.12941,342704.76,44349.72,2807.61,1644843641,MELD/ADA_1.0,0.0,0.0,0.0,900.0
0.012813,3396288.0,43518.82,5464.53,1644843641,CNFT/ADA_0.3,0.0,0.0,0.0,900.0
0.10925,307796.26,33626.89,8707.9,1644843641,REVU/ADA_0.3,0.0,0.0,0.0,900.0
46.551529,675.0,31422.28,8756.43,1644843641,unsi…en/ADA_1.0,0.0,0.0,0.0,900.0
0.005315,5568916.0,29599.29,2664.73,1644843641,BDOGE/ADA_1.0,0.0,0.0,0.0,900.0
0.000843,33640689.82,28391.68,258.87,1644843641,MONET/ADA_0.3,0.0,0.0,0.0,900.0
0.002705,10281195.8,27813.84,14680.61,1644843641,DRIP/ADA_1.0,5.000000000000013e-05,-95009.72999999858,257.5,900.0
0.013765,1854806.0,25532.05,1829.58,1644843641,QUID/ADA_0.3,0.0,0.0,0.0,900.0
0.151474,158566.0,24018.67,2036.11,1644843641,SKULL/ADA_1.0,0.0,0.0,0.0,900.0
0.123004,174269.07,21435.85,0.0,1644843641,MINt/ADA_0.05,0.0,0.0,0.0,900.0
0.000746,27961090.0,20864.14,0.0,1644843641,RAG/ADA_1.0,0.0,0.0,0.0,900.0
25.703697,747.0,19200.66,4789.29,1644843641,XDIA…ND/ADA_1.0,0.0,0.0,0.0,900.0
0.33136,57824.41,19160.72,4259.86,1644843641,MIN/ADA_0.05,0.0,0.0,0.0,900.0
0.016292,1137899.0,18539.36,10.03,1644843641,GOKEY/ADA_0.3,0.0,0.0,0.0,900.0
0.0,217101695204.0,17146.72,1130.95,1644843641,HOSKY/ADA_0.05,0.0,20055928047.0,1584.0200000000004,900.0
0.42,40243.0,16902.09,6423.52,1644843641,CDX/ADA_1.0,0.020511999999999975,-1015.0,420.0,900.0
0.038193,436987.0,16689.84,613.63,1644843641,cMETA/ADA_0.3,0.0,0.0,0.0,900.0
1e-06,12923466341.0,15651.18,5833.95,1644843641,MEOW/ADA_0.3,0.0,0.0,0.0,900.0
2.188129,6546.0,14323.49,0.0,1644843641,DANA/ADA_0.3,0.0,0.0,0.0,900.0
0.316136,41259.44,13043.62,2502.95,1644843641,CARGO/ADA_0.3,0.0,0.0,0.0,900.0
0.768512,14465.69,11117.07,0.0,1644843641,WMT/ADA_1.0,0.0,0.0,0.0,900.0
0.110195,97361.0,10728.76,0.0,1644843641,Card…rm/ADA_0.3,0.0,0.0,0.0,900.0
0.046783,201381.23,9421.38,68.34,1644843641,cbTHC/ADA_0.3,0.0,0.0,0.0,900.0
2.5e-05,339619817.0,8752.55,7301.15,1644843641,SHIBA/ADA_1.0,0.0,0.0,0.0,900.0
0.003002,2911245.76,8740.33,0.0,1644843641,DRIP/ADA_0.3,0.0,0.0,0.0,900.0
0.001167,7422752.0,8665.39,0.0,1644843641,FLANO/ADA_1.0,0.0,0.0,0.0,900.0
0.000183,43842262.0,8025.67,523.23,1644843641,FIRE/ADA_1.0,0.0,0.0,0.0,900.0
0.701119,25309662.85,17745086.34,1662878.8,1644844540,SUNDAE/ADA_0.3,0.0008220000000001004,19572.27000000328,34503.62000000104,899.0
93.400561,145536.1,13593154.09,468593.9,1644844540,LQ/ADA_0.3,0.009303000000002726,-4.009999999980209,979.4000000003725,899.0
0.812092,12562868.43,10202215.97,618178.32,1644844540,WMT/ADA_0.3,0.003051000000000026,-21687.08999999985,20792.680000001565,899.0
0.126513,10342049.15,1308409.07,655882.21,1644844540,MELD/ADA_0.3,0.00043099999999998695,-20830.789999999106,1831.1000000000931,899.0
0.10096,10640765.0,1074292.16,152347.18,1644844540,PAVIA/ADA_0.3,-0.00010200000000000486,5449.0,-543.2299999999814,899.0
0.165427,6407737.0,1060013.68,56927.94,1644844540,XRAY/ADA_0.3,6.399999999998074e-05,-1239.0,205.80999999982305,899.0
0.305529,2648419.0,809171.22,115459.12,1644844540,ADAX/ADA_0.3,6.0000000000060005e-06,-29.0,9.0,899.0
1.813328,399897.68,725146.06,76144.65,1644844540,AADA/ADA_0.3,0.00022400000000000198,-24.75,45.0,899.0
1.48184,353298.66,523532.26,131487.97,1644844540,VYFI/ADA_0.3,0.008536000000000099,-1020.390000000014,1512.320000000007,899.0
6.106814,52062.0,317932.95,115071.88,1644844540,MILK/ADA_0.3,-0.09680200000000028,411.0,-2490.0199999999604,899.0
0.126567,1624550.96,205616.03,41279.08,1644844540,MINt/ADA_0.3,0.0,0.0,0.0,899.0
0.034511,5616058.09,193819.96,17929.12,1644844540,CLAP/ADA_0.3,-0.00029599999999999765,23981.389999999665,-828.2700000000186,899.0
0.0,6821257790071.0,155286.81,3222.17,1644844540,CHRLZ/ADA_0.3,0.0,0.0,0.0,899.0
2.102573,68609.27,144256.03,23817.75,1644844540,DANA/ADA_0.05,-0.00873500000000016,152.1200000000099,-278.11999999999534,899.0
0.812849,170912.66,138926.23,1900.95,1644844540,WMT/ADA_0.05,0.0,0.0,0.0,899.0
0.005498,21091665.0,115964.63,3483.42,1644844540,RAVE/ADA_1.0,0.0,0.0,0.0,899.0
3.4e-05,3168153643.97,107920.42,4669.71,1644844540,ASHIB/ADA_1.0,0.0,0.0,0.0,899.0
0.0,98909565965214.0,96047.9,2982.93,1644844540,BISON/ADA_0.3,0.0,0.0,0.0,899.0
0.033826,2671337.0,90361.26,17790.47,1644844540,FIRE/ADA_0.3,0.0,0.0,0.0,899.0
0.0,925457966229.0,72254.48,50263.75,1644844540,HOSKY/ADA_0.3,0.0,4902656621.0,-377.88000000000466,899.0
0.347113,194341.48,67458.58,177782.49,1644844540,MIN/ADA_0.3,0.028475000000000028,-8300.98999999999,2888.9100000000035,899.0
0.006101,9050941.0,55221.58,11591.77,1644844540,FLICK/ADA_0.3,-1.299999999999999e-05,10005.0,-60.919999999998254,899.0
0.095172,501732.0,47751.24,26564.84,1644844540,cNETA/ADA_0.3,-0.0007949999999999902,3132.0,-98.12000000000262,899.0
0.12941,342704.76,44349.72,2807.61,1644844540,MELD/ADA_1.0,0.0,0.0,0.0,899.0
0.012813,3396288.0,43518.82,5464.53,1644844540,CNFT/ADA_0.3,0.0,0.0,0.0,899.0
0.10925,307796.26,33626.89,8707.9,1644844540,REVU/ADA_0.3,0.0,0.0,0.0,899.0
46.831207,673.0,31517.4,8852.51,1644844540,unsi…en/ADA_1.0,0.279677999999997,-2.0,95.12000000000262,899.0
0.005315,5568916.0,29599.29,2664.73,1644844540,BDOGE/ADA_1.0,0.0,0.0,0.0,899.0
0.000843,33640689.82,28391.68,258.87,1644844540,MONET/ADA_0.3,0.0,0.0,0.0,899.0
0.002705,10281195.8,27813.84,14680.61,1644844540,DRIP/ADA_1.0,0.0,0.0,0.0,899.0
0.013765,1854806.0,25532.05,1829.58,1644844540,QUID/ADA_0.3,0.0,0.0,0.0,899.0
0.151474,158566.0,24018.67,2036.11,1644844540,SKULL/ADA_1.0,0.0,0.0,0.0,899.0
0.123004,174269.07,21435.85,0.0,1644844540,MINt/ADA_0.05,0.0,0.0,0.0,899.0
0.000746,27961090.0,20864.14,0.0,1644844540,RAG/ADA_1.0,0.0,0.0,0.0,899.0
0.385183,53633.41,20658.72,5758.61,1644844540,MIN/ADA_0.05,0.05382300000000001,-4191.0,1498.0,899.0
25.703697,747.0,19200.66,4789.29,1644844540,XDIA…ND/ADA_1.0,0.0,0.0,0.0,899.0
0.016247,1139491.0,18513.54,35.85,1644844540,GOKEY/ADA_0.3,-4.49999999999999e-05,1592.0,-25.81999999999971,899.0
0.0,217101695204.0,17146.72,1130.95,1644844540,HOSKY/ADA_0.05,0.0,0.0,0.0,899.0
0.039347,430539.0,16940.57,865.1,1644844540,cMETA/ADA_0.3,0.0011540000000000022,-6448.0,250.72999999999956,899.0
0.42,40243.0,16902.09,6423.52,1644844540,CDX/ADA_1.0,0.0,0.0,0.0,899.0
1e-06,12923466341.0,15651.18,5833.95,1644844540,MEOW/ADA_0.3,0.0,0.0,0.0,899.0
2.188129,6546.0,14323.49,0.0,1644844540,DANA/ADA_0.3,0.0,0.0,0.0,899.0
0.316136,41259.44,13043.62,2502.95,1644844540,CARGO/ADA_0.3,0.0,0.0,0.0,899.0
0.768512,14465.69,11117.07,0.0,1644844540,WMT/ADA_1.0,0.0,0.0,0.0,899.0
0.110195,97361.0,10728.76,0.0,1644844540,Card…rm/ADA_0.3,0.0,0.0,0.0,899.0
0.046783,201381.23,9421.38,68.34,1644844540,cbTHC/ADA_0.3,0.0,0.0,0.0,899.0
2.5e-05,338242509.0,8788.55,7337.51,1644844540,SHIBA/ADA_1.0,0.0,-1377308.0,36.0,899.0
0.003002,2911245.76,8740.33,0.0,1644844540,DRIP/ADA_0.3,0.0,0.0,0.0,899.0
0.001167,7422752.0,8665.39,0.0,1644844540,FLANO/ADA_1.0,0.0,0.0,0.0,899.0
0.000192,42786679.0,8225.67,725.23,1644844540,FIRE/ADA_1.0,9.000000000000002e-06,-1055583.0,200.0,899.0
0.703695,25277267.61,17787493.87,1735586.16,1644845440,SUNDAE/ADA_0.3,0.0025759999999999117,-32395.240000002086,42407.53000000119,899.0
94.402781,144764.76,13666196.92,607032.36,1644845440,LQ/ADA_0.3,1.0022200000000083,-771.3399999999965,73042.83000000007,899.0
0.81263,12608111.68,10245739.59,630354.33,1644845440,WMT/ADA_0.3,0.0005379999999999274,45243.25,43523.61999999918,899.0
0.127143,10326406.38,1312938.08,659152.16,1644845440,MELD/ADA_0.3,0.0006300000000000194,-15642.769999999553,4529.010000000009,899.0
0.100964,10640516.0,1074317.4,152372.49,1644845440,PAVIA/ADA_0.3,4.000000000004e-06,-249.0,25.239999999990687,899.0
0.165427,6407737.0,1060013.68,56927.94,1644845440,XRAY/ADA_0.3,0.0,0.0,0.0,899.0
0.305552,2648320.0,809201.78,115489.77,1644845440,ADAX/ADA_0.3,2.2999999999995246e-05,-99.0,30.56000000005588,899.0
1.813328,399897.68,725146.06,76144.65,1644845440,AADA/ADA_0.3,0.0,0.0,0.0,899.0
1.485333,352883.66,524149.81,132107.36,1644845440,VYFI/ADA_0.3,0.0034929999999999684,-415.0,617.5499999999884,899.0
6.106814,52062.0,317932.95,115071.88,1644845440,MILK/ADA_0.3,0.0,0.0,0.0,899.0
0.126567,1624550.96,205616.03,41279.08,1644845440,MINt/ADA_0.3,0.0,0.0,0.0,899.0
0.034511,5616058.09,193819.96,17929.12,1644845440,CLAP/ADA_0.3,0.0,0.0,0.0,899.0
0.0,6832247264040.0,155037.79,3471.19,1644845440,CHRLZ/ADA_0.3,0.0,10989473969.0,-249.01999999998952,899.0
2.060594,69304.96,142809.39,26964.89,1644845440,DANA/ADA_0.05,-0.04197899999999999,695.6900000000023,-1446.6399999999849,899.0
0.812849,170912.66,138926.23,1900.95,1644845440,WMT/ADA_0.05,0.0,0.0,0.0,899.0
0.005498,21091665.0,115964.63,3483.42,1644845440,RAVE/ADA_1.0,0.0,0.0,0.0,899.0
3.4e-05,3168153643.97,107920.42,4669.71,1644845440,ASHIB/ADA_1.0,0.0,0.0,0.0,899.0
0.0,98909565965214.0,96047.9,2982.93,1644845440,BISON/ADA_0.3,0.0,0.0,0.0,899.0
0.033826,2671337.0,90361.26,17790.47,1644845440,FIRE/ADA_0.3,0.0,0.0,0.0,899.0
0.0,923686349955.0,72393.48,50403.16,1644845440,HOSKY/ADA_0.3,0.0,-1771616274.0,139.0,899.0
0.32354,205259.86,66409.84,180363.28,1644845440,MIN/ADA_0.3,-0.02357300000000001,10918.379999999976,-1048.7400000000052,899.0
0.006101,9050941.0,55221.58,11591.77,1644845440,FLICK/ADA_0.3,0.0,0.0,0.0,899.0
0.094776,502782.0,47651.82,26664.27,1644845440,cNETA/ADA_0.3,-0.00039600000000000746,1050.0,-99.41999999999825,899.0
0.12941,342704.76,44349.72,2807.61,1644845440,MELD/ADA_1.0,0.0,0.0,0.0,899.0
0.012813,3396288.0,43518.82,5464.53,1644845440,CNFT/ADA_0.3,0.0,0.0,0.0,899.0
0.10925,307796.26,33626.89,8707.9,1644845440,REVU/ADA_0.3,0.0,0.0,0.0,899.0
47.04069,672.0,31611.34,8947.39,1644845440,unsi…en/ADA_1.0,0.20948299999999875,-1.0,93.93999999999869,899.0
0.005315,5568916.0,29599.29,2664.73,1644845440,BDOGE/ADA_1.0,0.0,0.0,0.0,899.0
0.000839,33735894.79,28311.8,338.76,1644845440,MONET/ADA_0.3,-3.999999999999989e-06,95204.96999999881,-79.88000000000102,899.0
0.002705,10281195.8,27813.84,14680.61,1644845440,DRIP/ADA_1.0,0.0,0.0,0.0,899.0
0.013765,1854806.0,25532.05,1829.58,1644845440,QUID/ADA_0.3,0.0,0.0,0.0,899.0
0.151536,158534.0,24023.67,2041.16,1644845440,SKULL/ADA_1.0,6.20000000000065e-05,-32.0,5.0,899.0
0.123004,174269.07,21435.85,0.0,1644845440,MINt/ADA_0.05,0.0,0.0,0.0,899.0
0.000746,27961090.0,20864.14,0.0,1644845440,RAG/ADA_1.0,0.0,0.0,0.0,899.0
0.385183,53633.41,20658.72,5758.61,1644845440,MIN/ADA_0.05,0.0,0.0,0.0,899.0
25.703697,747.0,19200.66,4789.29,1644845440,XDIA…ND/ADA_1.0,0.0,0.0,0.0,899.0
0.016247,1139491.0,18513.54,35.85,1644845440,GOKEY/ADA_0.3,0.0,0.0,0.0,899.0
0.0,217101695204.0,17146.72,1130.95,1644845440,HOSKY/ADA_0.05,0.0,0.0,0.0,899.0
0.039347,430539.0,16940.57,865.1,1644845440,cMETA/ADA_0.3,0.0,0.0,0.0,899.0
0.42,40243.0,16902.09,6423.52,1644845440,CDX/ADA_1.0,0.0,0.0,0.0,899.0
1e-06,12923466341.0,15651.18,5833.95,1644845440,MEOW/ADA_0.3,0.0,0.0,0.0,899.0
2.188129,6546.0,14323.49,0.0,1644845440,DANA/ADA_0.3,0.0,0.0,0.0,899.0
0.316136,41259.44,13043.62,2502.95,1644845440,CARGO/ADA_0.3,0.0,0.0,0.0,899.0
0.768512,14465.69,11117.07,0.0,1644845440,WMT/ADA_1.0,0.0,0.0,0.0,899.0
0.110195,97361.0,10728.76,0.0,1644845440,Card…rm/ADA_0.3,0.0,0.0,0.0,899.0
0.046783,201381.23,9421.38,68.34,1644845440,cbTHC/ADA_0.3,0.0,0.0,0.0,899.0
2.5e-05,338242509.0,8788.55,7337.51,1644845440,SHIBA/ADA_1.0,0.0,0.0,0.0,899.0
0.003002,2911245.76,8740.33,0.0,1644845440,DRIP/ADA_0.3,0.0,0.0,0.0,899.0
0.001167,7422752.0,8665.39,0.0,1644845440,FLANO/ADA_1.0,0.0,0.0,0.0,899.0
0.000192,42786679.0,8225.67,725.23,1644845440,FIRE/ADA_1.0,0.0,0.0,0.0,899.0
0.705711,25347013.32,17887683.68,1761949.88,1644846341,SUNDAE/ADA_0.3,0.0020160000000000178,69745.7100000009,100189.80999999866,900.0
99.862429,140761.27,14056762.86,1027277.79,1644846341,LQ/ADA_0.3,5.459648000000001,-4003.49000000002,390565.9399999995,900.0
0.811112,12622771.94,10238484.73,642237.51,1644846341,WMT/ADA_0.3,-0.0015179999999999083,14660.259999999776,-7254.859999999404,900.0
0.126077,10373401.03,1307851.68,666705.58,1644846341,MELD/ADA_0.3,-0.0010660000000000114,46994.64999999851,-5086.40000000014,900.0
0.100952,10641152.0,1074253.38,152436.51,1644846341,PAVIA/ADA_0.3,-1.1999999999998123e-05,636.0,-64.02000000001863,900.0
0.165427,6407737.0,1060013.68,56927.94,1644846341,XRAY/ADA_0.3,0.0,0.0,0.0,900.0
0.305671,2647805.0,809359.78,115648.24,1644846341,ADAX/ADA_0.3,0.00011900000000003574,-515.0,158.0,900.0
1.813328,399897.68,725146.06,76144.65,1644846341,AADA/ADA_0.3,0.0,0.0,0.0,900.0
1.485333,352883.66,524149.81,132107.36,1644846341,VYFI/ADA_0.3,0.0,0.0,0.0,900.0
6.002614,52514.0,315221.28,119756.14,1644846341,MILK/ADA_0.3,-0.10419999999999963,452.0,-2711.6699999999837,900.0
0.126325,1626114.03,205418.98,41476.13,1644846341,MINt/ADA_0.3,-0.00024200000000001998,1563.0700000000652,-197.04999999998836,900.0
0.034511,5639058.09,194613.73,17929.12,1644846341,CLAP/ADA_0.3,0.0,23000.0,793.7700000000186,900.0
0.0,6827856481127.0,155137.79,3571.49,1644846341,CHRLZ/ADA_0.3,0.0,-4390782913.0,100.0,900.0
2.069258,69159.74,143109.39,26964.89,1644846341,DANA/ADA_0.05,0.008664000000000005,-145.22000000000116,300.0,900.0
0.812849,170912.66,138926.23,1900.95,1644846341,WMT/ADA_0.05,0.0,0.0,0.0,900.0
0.005498,21091665.0,115964.63,3483.42,1644846341,RAVE/ADA_1.0,0.0,0.0,0.0,900.0
3.4e-05,3168153643.97,107920.42,4669.71,1644846341,ASHIB/ADA_1.0,0.0,0.0,0.0,900.0
0.0,98904432707846.0,96052.9,2987.94,1644846341,BISON/ADA_0.3,0.0,-5133257368.0,5.0,900.0
0.033826,2671337.0,90361.26,17790.47,1644846341,FIRE/ADA_0.3,0.0,0.0,0.0,900.0
0.0,923686349955.0,72443.42,50428.24,1644846341,HOSKY/ADA_0.3,0.0,0.0,49.94000000000233,900.0
0.33795,200842.61,67874.84,181632.08,1644846341,MIN/ADA_0.3,0.014409999999999978,-4417.25,1465.0,900.0
0.006101,9050941.0,55221.58,11591.77,1644846341,FLICK/ADA_0.3,0.0,0.0,0.0,900.0
0.094776,502782.0,47651.82,26664.27,1644846341,cNETA/ADA_0.3,0.0,0.0,0.0,900.0
0.12941,342704.76,44349.72,2807.61,1644846341,MELD/ADA_1.0,0.0,0.0,0.0,900.0
0.012813,3396288.0,43518.82,5464.53,1644846341,CNFT/ADA_0.3,0.0,0.0,0.0,900.0
0.10925,307796.26,33626.89,8707.9,1644846341,REVU/ADA_0.3,0.0,0.0,0.0,900.0
47.324394,670.0,31707.34,9044.35,1644846341,unsi…en/ADA_1.0,0.2837040000000002,-2.0,96.0,900.0
0.005199,5630938.0,29276.5,2987.53,1644846341,BDOGE/ADA_1.0,-0.00011600000000000065,62022.0,-322.7900000000009,900.0
0.002902,9927826.82,28813.84,15690.61,1644846341,DRIP/ADA_1.0,0.00019700000000000013,-353368.98000000045,1000.0,900.0
0.000839,33735894.79,28311.8,338.76,1644846341,MONET/ADA_0.3,0.0,0.0,0.0,900.0
0.01438,1814803.0,26097.4,2685.39,1644846341,QUID/ADA_0.3,0.000615000000000001,-40003.0,565.3500000000022,900.0
0.151536,158534.0,24023.67,2041.16,1644846341,SKULL/ADA_1.0,0.0,0.0,0.0,900.0
0.123004,174269.07,21435.85,0.0,1644846341,MINt/ADA_0.05,0.0,0.0,0.0,900.0
0.000746,27961090.0,20864.14,0.0,1644846341,RAG/ADA_1.0,0.0,0.0,0.0,900.0
0.337089,57332.89,19326.31,7091.02,1644846341,MIN/ADA_0.05,-0.04809399999999997,3699.479999999996,-1332.4099999999999,900.0
25.703697,747.0,19200.66,4789.29,1644846341,XDIA…ND/ADA_1.0,0.0,0.0,0.0,900.0
0.016247,1139491.0,18513.54,35.85,1644846341,GOKEY/ADA_0.3,0.0,0.0,0.0,900.0
0.0,217465132888.0,17175.42,1130.95,1644846341,HOSKY/ADA_0.05,0.0,363437684.0,28.69999999999709,900.0
0.039347,430539.0,16940.57,865.1,1644846341,cMETA/ADA_0.3,0.0,0.0,0.0,900.0
0.42,40243.0,16902.09,6423.52,1644846341,CDX/ADA_1.0,0.0,0.0,0.0,900.0
1e-06,12923466341.0,15651.18,5833.95,1644846341,MEOW/ADA_0.3,0.0,0.0,0.0,900.0
2.188129,6546.0,14323.49,0.0,1644846341,DANA/ADA_0.3,0.0,0.0,0.0,900.0
0.316136,41259.44,13043.62,2502.95,1644846341,CARGO/ADA_0.3,0.0,0.0,0.0,900.0
0.768512,14465.69,11117.07,0.0,1644846341,WMT/ADA_1.0,0.0,0.0,0.0,900.0
0.110195,97361.0,10728.76,0.0,1644846341,Card…rm/ADA_0.3,0.0,0.0,0.0,900.0
0.046783,201381.23,9421.38,68.34,1644846341,cbTHC/ADA_0.3,0.0,0.0,0.0,900.0
2.5e-05,338242509.0,8788.55,7337.51,1644846341,SHIBA/ADA_1.0,0.0,0.0,0.0,900.0
0.003002,2911245.76,8740.33,0.0,1644846341,DRIP/ADA_0.3,0.0,0.0,0.0,900.0
0.001167,7422752.0,8665.39,0.0,1644846341,FLANO/ADA_1.0,0.0,0.0,0.0,900.0
0.000192,42786679.0,8225.67,725.23,1644846341,FIRE/ADA_1.0,0.0,0.0,0.0,900.0
0.70587,25421222.0,17944086.77,1769216.27,1644847241,SUNDAE/ADA_0.3,0.00015900000000002024,74208.6799999997,56403.08999999985,899.0
99.774305,146512.04,14618137.14,1007712.79,1644847241,LQ/ADA_0.3,-0.08812400000000764,5750.770000000019,561374.2800000012,899.0
0.815729,12600283.94,10278422.22,654932.24,1644847241,WMT/ADA_0.3,0.004616999999999982,-22488.0,39937.49000000022,899.0
0.126163,10371318.89,1308477.32,657711.48,1644847241,MELD/ADA_0.3,8.600000000000274e-05,-2082.1399999987334,625.6400000001304,899.0
0.100907,10645391.0,1074204.36,128007.66,1644847241,PAVIA/ADA_0.3,-4.500000000000337e-05,4239.0,-49.019999999785796,899.0
0.16546,6407088.0,1060121.39,57035.97,1644847241,XRAY/ADA_0.3,3.300000000000525e-05,-649.0,107.70999999996275,899.0
0.305671,2647805.0,809359.78,95718.08,1644847241,ADAX/ADA_0.3,0.0,0.0,0.0,899.0
1.809712,400297.68,724423.63,75088.11,1644847241,AADA/ADA_0.3,-0.0036160000000000636,400.0,-722.4300000000512,899.0
1.489688,352368.22,524918.83,132799.23,1644847241,VYFI/ADA_0.3,0.004354999999999887,-515.4400000000023,769.0199999999604,899.0
5.843165,53245.0,311119.36,111757.55,1644847241,MILK/ADA_0.3,-0.1594490000000004,731.0,-4101.920000000042,899.0
0.126356,1626214.03,205482.23,39028.99,1644847241,MINt/ADA_0.3,3.100000000000325e-05,100.0,63.25,899.0
0.034434,5645372.5,194396.7,15907.05,1644847241,CLAP/ADA_0.3,-7.700000000000068e-05,6314.410000000149,-217.02999999999884,899.0
0.0,6827856481127.0,155137.79,3571.49,1644847241,CHRLZ/ADA_0.3,0.0,0.0,0.0,899.0
2.039667,69659.74,142082.7,27972.57,1644847241,DANA/ADA_0.05,-0.029590999999999923,500.0,-1026.6900000000023,899.0
0.812849,168894.16,137285.49,1900.95,1644847241,WMT/ADA_0.05,0.0,-2018.5,-1640.7400000000198,899.0
0.005498,21091665.0,115964.63,3483.42,1644847241,RAVE/ADA_1.0,0.0,0.0,0.0,899.0
3.4e-05,3168153643.97,107920.42,4664.66,1644847241,ASHIB/ADA_1.0,0.0,0.0,0.0,899.0
0.0,98904432707846.0,96052.9,2521.4,1644847241,BISON/ADA_0.3,0.0,0.0,0.0,899.0
0.033826,2671337.0,90361.26,10202.82,1644847241,FIRE/ADA_0.3,0.0,0.0,0.0,899.0
0.0,927978064645.0,71509.35,46136.47,1644847241,HOSKY/ADA_0.3,0.0,4291714690.0,-934.0699999999924,899.0
0.336385,201309.85,67717.77,175954.65,1644847241,MIN/ADA_0.3,-0.001564999999999983,467.2400000000198,-157.06999999999243,899.0
0.006101,9050941.0,55221.58,11571.71,1644847241,FLICK/ADA_0.3,0.0,0.0,0.0,899.0
0.094776,502782.0,47651.82,25260.07,1644847241,cNETA/ADA_0.3,0.0,0.0,0.0,899.0
0.12941,342704.76,44349.72,2807.61,1644847241,MELD/ADA_1.0,0.0,0.0,0.0,899.0
0.012813,3396288.0,43518.82,5464.53,1644847241,CNFT/ADA_0.3,0.0,0.0,0.0,899.0
0.10925,307796.26,33626.89,8707.9,1644847241,REVU/ADA_0.3,0.0,0.0,0.0,899.0
47.324394,670.0,31707.34,9044.35,1644847241,unsi…en/ADA_1.0,0.0,0.0,0.0,899.0
0.00527,5593112.0,29476.5,3189.53,1644847241,BDOGE/ADA_1.0,7.100000000000075e-05,-37826.0,200.0,899.0
0.002983,9804041.24,29252.1,17263.43,1644847241,DRIP/ADA_1.0,8.099999999999991e-05,-123785.58000000007,438.2599999999984,899.0
0.000839,33735894.79,28311.8,288.61,1644847241,MONET/ADA_0.3,0.0,0.0,0.0,899.0
0.014223,1824803.0,25954.81,3111.6,1644847241,QUID/ADA_0.3,-0.0001570000000000009,10000.0,-142.59000000000015,899.0
0.156598,155964.0,24423.67,2445.16,1644847241,SKULL/ADA_1.0,0.005061999999999983,-2570.0,400.0,899.0
0.123004,174269.07,21435.85,0.0,1644847241,MINt/ADA_0.05,0.0,0.0,0.0,899.0
0.000746,27961090.0,20864.14,0.0,1644847241,RAG/ADA_1.0,0.0,0.0,0.0,899.0
0.337089,57332.89,19326.31,7091.02,1644847241,MIN/ADA_0.05,0.0,0.0,0.0,899.0
25.703697,747.0,19200.66,4789.29,1644847241,XDIA…ND/ADA_1.0,0.0,0.0,0.0,899.0
0.016247,1139491.0,18513.54,35.85,1644847241,GOKEY/ADA_0.3,0.0,0.0,0.0,899.0
0.0,219106492457.0,17305.06,1130.95,1644847241,HOSKY/ADA_0.05,0.0,1641359569.0,129.64000000000306,899.0
0.039347,430539.0,16940.57,823.98,1644847241,cMETA/ADA_0.3,0.0,0.0,0.0,899.0
0.42,40243.0,16902.09,5413.52,1644847241,CDX/ADA_1.0,0.0,0.0,0.0,899.0
1e-06,12923466341.0,15651.18,5833.95,1644847241,MEOW/ADA_0.3,0.0,0.0,0.0,899.0
2.188129,6546.0,14323.49,0.0,1644847241,DANA/ADA_0.3,0.0,0.0,0.0,899.0
0.316136,41259.44,13043.62,2502.95,1644847241,CARGO/ADA_0.3,0.0,0.0,0.0,899.0
0.768512,14465.69,11117.07,0.0,1644847241,WMT/ADA_1.0,0.0,0.0,0.0,899.0
0.110195,97361.0,10728.76,0.0,1644847241,Card…rm/ADA_0.3,0.0,0.0,0.0,899.0
0.046783,201381.23,9421.38,68.34,1644847241,cbTHC/ADA_0.3,0.0,0.0,0.0,899.0
2.5e-05,338242509.0,8788.55,7337.51,1644847241,SHIBA/ADA_1.0,0.0,0.0,0.0,899.0
0.003002,2911245.76,8740.33,0.0,1644847241,DRIP/ADA_0.3,0.0,0.0,0.0,899.0
0.001167,7422752.0,8665.39,0.0,1644847241,FLANO/ADA_1.0,0.0,0.0,0.0,899.0
0.000192,42786679.0,8225.67,725.23,1644847241,FIRE/ADA_1.0,0.0,0.0,0.0,899.0
0.70848,25390042.01,17988345.93,1803184.31,1644848140,SUNDAE/ADA_0.3,0.002610000000000001,-31179.98999999836,44259.16000000015,899.0
99.730795,146535.03,14614056.01,1011095.74,1644848140,LQ/ADA_0.3,-0.04350999999999772,22.989999999990687,-4081.1300000008196,899.0
0.815604,12659514.81,10325157.2,655821.71,1644848140,WMT/ADA_0.3,-0.00012500000000004174,59230.87000000104,46734.979999998584,899.0
0.126137,10201602.8,1286805.53,657855.66,1644848140,MELD/ADA_0.3,-2.5999999999998247e-05,-169716.08999999985,-21671.790000000037,899.0
0.100965,10649545.0,1075235.55,128314.96,1644848140,PAVIA/ADA_0.3,5.8000000000002494e-05,4154.0,1031.1899999999441,899.0
0.16546,6407088.0,1060121.39,57035.97,1644848140,XRAY/ADA_0.3,0.0,0.0,0.0,899.0
0.305671,2647710.0,809330.47,95718.08,1644848140,ADAX/ADA_0.3,0.0,-95.0,-29.31000000005588,899.0
1.807925,400495.68,724066.56,75445.19,1644848140,AADA/ADA_0.3,-0.001786999999999983,198.0,-357.0699999999488,899.0
1.489688,352368.22,524918.83,132799.23,1644848140,VYFI/ADA_0.3,0.0,0.0,0.0,899.0
5.941967,52802.0,313747.78,114510.52,1644848140,MILK/ADA_0.3,0.09880200000000006,-443.0,2628.420000000042,899.0
0.126356,1626214.03,205482.23,39028.99,1644848140,MINt/ADA_0.3,0.0,0.0,0.0,899.0
0.034434,5645372.5,194396.7,15907.05,1644848140,CLAP/ADA_0.3,0.0,0.0,0.0,899.0
0.0,6827856481127.0,155137.79,3571.49,1644848140,CHRLZ/ADA_0.3,0.0,0.0,0.0,899.0
2.043515,69594.14,142216.7,28106.64,1644848140,DANA/ADA_0.05,0.0038480000000000736,-65.60000000000582,134.0,899.0
0.812849,169053.58,137415.08,1900.95,1644848140,WMT/ADA_0.05,0.0,159.4199999999837,129.5899999999965,899.0
0.005498,21091665.0,115964.63,3483.42,1644848140,RAVE/ADA_1.0,0.0,0.0,0.0,899.0
3.4e-05,3168153643.97,107920.42,4664.66,1644848140,ASHIB/ADA_1.0,0.0,0.0,0.0,899.0
0.0,98904432707846.0,96052.9,2521.4,1644848140,BISON/ADA_0.3,0.0,0.0,0.0,899.0
0.033851,2670337.0,90395.23,10236.89,1644848140,FIRE/ADA_0.3,2.4999999999997247e-05,-1000.0,33.970000000001164,899.0
0.0,942410279844.0,70420.3,48180.57,1644848140,HOSKY/ADA_0.3,0.0,14432215199.0,-1089.050000000003,899.0
0.318396,206949.12,65891.84,182496.7,1644848140,MIN/ADA_0.3,-0.017988999999999977,5639.2699999999895,-1825.9300000000076,899.0
0.006101,9050941.0,55221.58,11571.71,1644848140,FLICK/ADA_0.3,0.0,0.0,0.0,899.0
0.094776,502782.0,47651.82,25260.07,1644848140,cNETA/ADA_0.3,0.0,0.0,0.0,899.0
0.12941,342704.76,44349.72,2807.61,1644848140,MELD/ADA_1.0,0.0,0.0,0.0,899.0
0.012813,3396288.0,43518.82,5464.53,1644848140,CNFT/ADA_0.3,0.0,0.0,0.0,899.0
0.10925,307796.26,33626.89,8707.9,1644848140,REVU/ADA_0.3,0.0,0.0,0.0,899.0
41.50007,716.0,29714.05,11415.72,1644848140,unsi…en/ADA_1.0,-5.824323999999997,46.0,-1993.2900000000009,899.0
0.00527,5593112.0,29476.5,3189.53,1644848140,BDOGE/ADA_1.0,0.0,0.0,0.0,899.0
0.002921,9909041.24,28945.2,17630.05,1644848140,DRIP/ADA_1.0,-6.199999999999999e-05,105000.0,-306.8999999999978,899.0
0.000839,33735894.79,28311.8,288.61,1644848140,MONET/ADA_0.3,0.0,0.0,0.0,899.0
0.01574,1734803.0,27306.71,4767.17,1644848140,QUID/ADA_0.3,0.001517000000000001,-90000.0,1351.8999999999978,899.0
0.156598,155964.0,24423.67,2445.16,1644848140,SKULL/ADA_1.0,0.0,0.0,0.0,899.0
0.123004,174269.07,21435.85,0.0,1644848140,MINt/ADA_0.05,0.0,0.0,0.0,899.0
0.000746,27961090.0,20864.14,0.0,1644848140,RAG/ADA_1.0,0.0,0.0,0.0,899.0
0.337089,57332.89,19326.31,7091.02,1644848140,MIN/ADA_0.05,0.0,0.0,0.0,899.0
25.703697,747.0,19200.66,4789.29,1644848140,XDIA…ND/ADA_1.0,0.0,0.0,0.0,899.0
0.016247,1139491.0,18513.54,35.85,1644848140,GOKEY/ADA_0.3,0.0,0.0,0.0,899.0
0.0,219106492457.0,17305.06,1130.95,1644848140,HOSKY/ADA_0.05,0.0,0.0,0.0,899.0
0.039347,430539.0,16940.57,823.98,1644848140,cMETA/ADA_0.3,0.0,0.0,0.0,899.0
0.42,40243.0,16902.09,5413.52,1644848140,CDX/ADA_1.0,0.0,0.0,0.0,899.0
1e-06,12923466341.0,15651.18,5833.95,1644848140,MEOW/ADA_0.3,0.0,0.0,0.0,899.0
2.188129,6546.0,14323.49,0.0,1644848140,DANA/ADA_0.3,0.0,0.0,0.0,899.0
0.316136,41259.44,13043.62,2502.95,1644848140,CARGO/ADA_0.3,0.0,0.0,0.0,899.0
0.768512,14465.69,11117.07,0.0,1644848140,WMT/ADA_1.0,0.0,0.0,0.0,899.0
0.110195,97361.0,10728.76,0.0,1644848140,Card…rm/ADA_0.3,0.0,0.0,0.0,899.0
0.046783,201381.23,9421.38,68.34,1644848140,cbTHC/ADA_0.3,0.0,0.0,0.0,899.0
2.5e-05,338242509.0,8788.55,6973.91,1644848140,SHIBA/ADA_1.0,0.0,0.0,0.0,899.0
0.003002,2911245.76,8740.33,0.0,1644848140,DRIP/ADA_0.3,0.0,0.0,0.0,899.0
0.001167,7422752.0,8665.39,0.0,1644848140,FLANO/ADA_1.0,0.0,0.0,0.0,899.0
0.000192,42786679.0,8225.67,725.23,1644848140,FIRE/ADA_1.0,0.0,0.0,0.0,899.0
0.70873,25387279.49,17992736.27,1805703.26,1644849040,SUNDAE/ADA_0.3,0.00024999999999997247,-2762.5200000032783,4390.339999999851,900.0
99.716562,146541.04,14612569.45,1014537.08,1644849040,LQ/ADA_0.3,-0.014233000000004381,6.010000000009313,-1486.5600000005215,900.0
0.815173,12663605.15,10323031.03,658888.39,1644849040,WMT/ADA_0.3,-0.0004309999999999592,4090.339999999851,-2126.1699999999255,900.0
0.126378,10191908.07,1288033.25,659087.06,1644849040,MELD/ADA_0.3,0.00024099999999999122,-9694.730000000447,1227.719999999972,900.0
0.100977,10648935.0,1075298.04,128584.96,1644849040,PAVIA/ADA_0.3,1.1999999999998123e-05,-610.0,62.48999999999069,900.0
0.16546,6407088.0,1060121.39,57035.97,1644849040,XRAY/ADA_0.3,0.0,0.0,0.0,900.0
0.304771,2651637.0,808143.82,99579.74,1644849040,ADAX/ADA_0.3,-0.0009000000000000119,3927.0,-1186.6500000000233,900.0
1.796352,401785.68,721748.77,77762.97,1644849040,AADA/ADA_0.3,-0.011573000000000055,1290.0,-2317.7900000000373,900.0
1.493931,351868.22,525666.98,133549.63,1644849040,VYFI/ADA_0.3,0.004242999999999997,-500.0,748.1500000000233,900.0
5.948841,52773.0,313938.2,115058.11,1644849040,MILK/ADA_0.3,0.006873999999999825,-29.0,190.4199999999837,900.0
0.126367,1626143.02,205491.23,39038.02,1644849040,MINt/ADA_0.3,1.1000000000011001e-05,-71.01000000000931,9.0,900.0
0.033925,5687672.5,192955.25,17348.5,1644849040,CLAP/ADA_0.3,-0.0005090000000000025,42300.0,-1441.4500000000116,900.0
0.0,6827856481127.0,155137.79,3571.49,1644849040,CHRLZ/ADA_0.3,0.0,0.0,0.0,900.0
2.043515,69594.14,142216.7,29042.56,1644849040,DANA/ADA_0.05,0.0,0.0,0.0,900.0
0.812849,169053.58,137415.08,1900.95,1644849040,WMT/ADA_0.05,0.0,0.0,0.0,900.0
0.005498,21091665.0,115964.63,3483.42,1644849040,RAVE/ADA_1.0,0.0,0.0,0.0,900.0
3.4e-05,3168153643.97,107920.42,4664.66,1644849040,ASHIB/ADA_1.0,0.0,0.0,0.0,900.0
0.0,98904432707846.0,96052.9,2521.4,1644849040,BISON/ADA_0.3,0.0,0.0,0.0,900.0
0.033851,2670337.0,90395.23,10236.89,1644849040,FIRE/ADA_0.3,0.0,0.0,0.0,900.0
0.0,944698288506.0,70591.27,48180.57,1644849040,HOSKY/ADA_0.3,0.0,2288008662.0,170.97000000000116,900.0
0.319878,206653.5,66103.93,183571.79,1644849040,MIN/ADA_0.3,0.0014819999999999833,-295.61999999999534,212.0899999999965,900.0
0.006101,9058086.0,55265.17,11571.71,1644849040,FLICK/ADA_0.3,0.0,7145.0,43.58999999999651,900.0
0.09458,502346.0,47512.06,25312.16,1644849040,cNETA/ADA_0.3,-0.00019600000000000173,-436.0,-139.76000000000204,900.0
0.12941,342704.76,44349.72,2807.61,1644849040,MELD/ADA_1.0,0.0,0.0,0.0,900.0
0.012988,3373325.0,43815.98,5762.58,1644849040,CNFT/ADA_0.3,0.0001749999999999998,-22963.0,297.1600000000035,900.0
0.10925,307796.26,33626.89,8707.9,1644849040,REVU/ADA_0.3,0.0,0.0,0.0,900.0
41.50007,716.0,29714.05,11415.72,1644849040,unsi…en/ADA_1.0,0.0,0.0,0.0,900.0
0.00527,5593112.0,29476.5,3189.53,1644849040,BDOGE/ADA_1.0,0.0,0.0,0.0,900.0
0.002979,9812011.14,29234.33,17868.25,1644849040,DRIP/ADA_1.0,5.799999999999989e-05,-97030.09999999963,289.130000000001,900.0
0.000839,33735894.79,28311.8,288.61,1644849040,MONET/ADA_0.3,0.0,0.0,0.0,900.0
0.01574,1734803.0,27306.71,5529.92,1644849040,QUID/ADA_0.3,0.0,0.0,0.0,900.0
0.156598,155964.0,24423.67,2445.16,1644849040,SKULL/ADA_1.0,0.0,0.0,0.0,900.0
0.123004,174269.07,21435.85,0.0,1644849040,MINt/ADA_0.05,0.0,0.0,0.0,900.0
0.000746,27961090.0,20864.14,0.0,1644849040,RAG/ADA_1.0,0.0,0.0,0.0,900.0
0.337089,57332.89,19326.31,7091.02,1644849040,MIN/ADA_0.05,0.0,0.0,0.0,900.0
25.703697,747.0,19200.66,4789.29,1644849040,XDIA…ND/ADA_1.0,0.0,0.0,0.0,900.0
0.01625,1139369.0,18515.54,37.86,1644849040,GOKEY/ADA_0.3,2.999999999999531e-06,-122.0,2.0,900.0
0.0,219106492457.0,17305.06,1130.95,1644849040,HOSKY/ADA_0.05,0.0,0.0,0.0,900.0
0.039347,430539.0,16940.57,823.98,1644849040,cMETA/ADA_0.3,0.0,0.0,0.0,900.0
0.42,40243.0,16902.09,5413.52,1644849040,CDX/ADA_1.0,0.0,0.0,0.0,900.0
1e-06,12923466341.0,15651.18,5833.95,1644849040,MEOW/ADA_0.3,0.0,0.0,0.0,900.0
2.188129,6546.0,14323.49,0.0,1644849040,DANA/ADA_0.3,0.0,0.0,0.0,900.0
0.316136,41259.44,13043.62,2502.95,1644849040,CARGO/ADA_0.3,0.0,0.0,0.0,900.0
0.768512,14465.69,11117.07,0.0,1644849040,WMT/ADA_1.0,0.0,0.0,0.0,900.0
0.110195,97361.0,10728.76,0.0,1644849040,Card…rm/ADA_0.3,0.0,0.0,0.0,900.0
0.046783,201381.23,9421.38,68.34,1644849040,cbTHC/ADA_0.3,0.0,0.0,0.0,900.0
2.5e-05,338242509.0,8788.55,6973.91,1644849040,SHIBA/ADA_1.0,0.0,0.0,0.0,900.0
0.003002,2911245.76,8740.33,0.0,1644849040,DRIP/ADA_0.3,0.0,0.0,0.0,900.0
0.001167,7422752.0,8665.39,0.0,1644849040,FLANO/ADA_1.0,0.0,0.0,0.0,900.0
0.000192,42786679.0,8225.67,725.23,1644849040,FIRE/ADA_1.0,0.0,0.0,0.0,900.0
0.709021,25387512.36,18000290.21,1809613.54,1644849941,SUNDAE/ADA_0.3,0.0002910000000000412,232.87000000104308,7553.940000001341,900.0
99.911918,146418.79,14628982.82,1041660.28,1644849941,LQ/ADA_0.3,0.19535600000000386,-122.25,16413.370000001043,900.0
0.813599,12692371.05,10326504.78,670707.39,1644849941,WMT/ADA_0.3,-0.0015740000000000753,28765.900000000373,3473.75,900.0
0.125123,10243128.73,1281657.79,667634.33,1644849941,MELD/ADA_0.3,-0.0012549999999999784,51220.66000000015,-6375.459999999963,900.0
0.100981,10639937.0,1074439.72,128711.88,1644849941,PAVIA/ADA_0.3,4.000000000004e-06,-8998.0,-858.3200000000652,900.0
0.165454,6407209.0,1060101.43,57055.93,1644849941,XRAY/ADA_0.3,-6.0000000000060005e-06,121.0,-19.959999999962747,900.0
0.302391,2662067.0,804986.97,102736.58,1644849941,ADAX/ADA_0.3,-0.0023799999999999932,10430.0,-3156.8499999999767,900.0
1.796352,401785.68,721748.77,77762.97,1644849941,AADA/ADA_0.3,0.0,0.0,0.0,900.0
1.492439,352045.75,525406.95,135382.13,1644849941,VYFI/ADA_0.3,-0.0014919999999998268,177.53000000002794,-260.03000000002794,900.0
6.002558,52507.0,315176.32,116747.73,1644849941,MILK/ADA_0.3,0.05371699999999979,-266.0,1238.1199999999953,900.0
0.126382,1626042.83,205503.93,39050.76,1644849941,MINt/ADA_0.3,1.4999999999987246e-05,-100.18999999994412,12.699999999982538,900.0
0.03527,5578276.2,196750.72,21155.35,1644849941,CLAP/ADA_0.3,0.001345000000000006,-109396.29999999981,3795.470000000001,900.0
0.0,6827856481127.0,155137.79,3571.49,1644849941,CHRLZ/ADA_0.3,0.0,0.0,0.0,900.0
2.042606,69609.85,142185.53,30047.81,1644849941,DANA/ADA_0.05,-0.0009090000000000487,15.710000000006403,-31.170000000012806,900.0
0.812849,169053.58,137415.08,1900.95,1644849941,WMT/ADA_0.05,0.0,0.0,0.0,900.0
0.005507,21224452.0,116895.04,3584.42,1644849941,RAVE/ADA_1.0,8.99999999999946e-06,132787.0,930.4099999999889,900.0
3.4e-05,3168153643.97,107920.42,4664.66,1644849941,ASHIB/ADA_1.0,0.0,0.0,0.0,900.0
0.0,98853107280615.0,96102.87,2571.55,1644849941,BISON/ADA_0.3,0.0,-51325427231.0,49.970000000001164,900.0
0.033851,2670337.0,90395.23,10236.89,1644849941,FIRE/ADA_0.3,0.0,0.0,0.0,900.0
0.0,944698288506.0,70591.27,48180.57,1644849941,HOSKY/ADA_0.3,0.0,0.0,0.0,900.0
0.315274,208159.06,65627.24,184048.48,1644849941,MIN/ADA_0.3,-0.004603999999999997,1505.5599999999977,-476.6899999999878,900.0
0.006101,9058086.0,55265.17,11571.71,1644849941,FLICK/ADA_0.3,0.0,0.0,0.0,900.0
0.093714,504665.0,47294.47,25631.07,1644849941,cNETA/ADA_0.3,-0.0008659999999999918,2319.0,-217.5899999999965,900.0
0.12941,342704.76,44349.72,2807.61,1644849941,MELD/ADA_1.0,0.0,0.0,0.0,900.0
0.012988,3373325.0,43815.98,5762.58,1644849941,CNFT/ADA_0.3,0.0,0.0,0.0,900.0
0.10925,307796.26,33626.89,8707.9,1644849941,REVU/ADA_0.3,0.0,0.0,0.0,900.0
41.50007,716.0,29714.05,11415.72,1644849941,unsi…en/ADA_1.0,0.0,0.0,0.0,900.0
0.00527,5593112.0,29476.5,3189.53,1644849941,BDOGE/ADA_1.0,0.0,0.0,0.0,900.0
0.002978,9814011.14,29228.43,17868.25,1644849941,DRIP/ADA_1.0,-9.99999999999699e-07,2000.0,-5.900000000001455,900.0
0.000839,33735894.79,28311.8,288.61,1644849941,MONET/ADA_0.3,0.0,0.0,0.0,900.0
0.014872,1784803.0,26543.96,5529.92,1644849941,QUID/ADA_0.3,-0.0008680000000000007,50000.0,-762.75,900.0
0.156598,155964.0,24423.67,2445.16,1644849941,SKULL/ADA_1.0,0.0,0.0,0.0,900.0
0.123004,174269.07,21435.85,0.0,1644849941,MINt/ADA_0.05,0.0,0.0,0.0,900.0
0.000749,27894910.0,20914.14,625.41,1644849941,RAG/ADA_1.0,2.9999999999999645e-06,-66180.0,50.0,900.0
0.337089,57332.89,19326.31,7091.02,1644849941,MIN/ADA_0.05,0.0,0.0,0.0,900.0
25.703697,747.0,19200.66,4789.29,1644849941,XDIA…ND/ADA_1.0,0.0,0.0,0.0,900.0
0.01625,1139369.0,18515.54,37.86,1644849941,GOKEY/ADA_0.3,0.0,0.0,0.0,900.0
0.0,219106492457.0,17305.06,1130.95,1644849941,HOSKY/ADA_0.05,0.0,0.0,0.0,900.0
0.039347,430539.0,16940.57,823.98,1644849941,cMETA/ADA_0.3,0.0,0.0,0.0,900.0
0.42,40243.0,16902.09,5413.52,1644849941,CDX/ADA_1.0,0.0,0.0,0.0,900.0
1e-06,12923466341.0,15651.18,5833.95,1644849941,MEOW/ADA_0.3,0.0,0.0,0.0,900.0
2.188129,6546.0,14323.49,0.0,1644849941,DANA/ADA_0.3,0.0,0.0,0.0,900.0
0.316136,41259.44,13043.62,2502.95,1644849941,CARGO/ADA_0.3,0.0,0.0,0.0,900.0
0.768512,14465.69,11117.07,0.0,1644849941,WMT/ADA_1.0,0.0,0.0,0.0,900.0
0.110195,97361.0,10728.76,0.0,1644849941,Card…rm/ADA_0.3,0.0,0.0,0.0,900.0
0.046783,201381.23,9421.38,68.34,1644849941,cbTHC/ADA_0.3,0.0,0.0,0.0,900.0
2.5e-05,338242509.0,8788.55,6973.91,1644849941,SHIBA/ADA_1.0,0.0,0.0,0.0,900.0
0.003002,2911245.76,8740.33,0.0,1644849941,DRIP/ADA_0.3,0.0,0.0,0.0,900.0
0.00117,7414282.0,8675.39,65.65,1644849941,FLANO/ADA_1.0,2.9999999999999645e-06,-8470.0,10.0,900.0
0.000192,42786679.0,8225.67,725.23,1644849941,FIRE/ADA_1.0,0.0,0.0,0.0,900.0
0.709302,25383374.26,18004484.98,1684277.73,1644850841,SUNDAE/ADA_0.3,0.0002809999999999757,-4138.099999997765,4194.769999999553,900.0
99.866062,146475.21,14627902.84,1031175.16,1644850841,LQ/ADA_0.3,-0.04585600000000056,56.4199999999837,-1079.980000000447,900.0
0.810452,12720330.55,10309221.5,665562.22,1644850841,WMT/ADA_0.3,-0.003147000000000011,27959.5,-17283.27999999933,900.0
0.125102,10244923.31,1281668.97,654284.34,1644850841,MELD/ADA_0.3,-2.1000000000021002e-05,1794.5800000000745,11.179999999934807,900.0
0.100981,10639339.0,1074379.26,124735.83,1644850841,PAVIA/ADA_0.3,0.0,-598.0,-60.45999999996275,900.0
0.165443,6407415.0,1060067.45,57089.91,1644850841,XRAY/ADA_0.3,-1.0999999999983245e-05,206.0,-33.97999999998137,900.0
0.302391,2662067.0,804986.97,102736.58,1644850841,ADAX/ADA_0.3,0.0,0.0,0.0,900.0
1.793944,402055.68,721265.54,78214.26,1644850841,AADA/ADA_0.3,-0.0024079999999999657,270.0,-483.2299999999814,900.0
1.494152,351844.2,525708.83,133606.89,1644850841,VYFI/ADA_0.3,0.0017129999999998535,-201.54999999998836,301.88000000000466,900.0
6.001769,52512.0,315164.92,107993.5,1644850841,MILK/ADA_0.3,-0.0007889999999992625,5.0,-11.400000000023283,900.0
0.124355,1639265.83,203851.18,38495.95,1644850841,MINt/ADA_0.3,-0.002027000000000001,13223.0,-1652.75,900.0
0.034876,5609735.2,195650.65,21152.12,1644850841,CLAP/ADA_0.3,-0.00039400000000000546,31459.0,-1100.070000000007,900.0
0.0,6827856481127.0,155137.79,3521.34,1644850841,CHRLZ/ADA_0.3,0.0,0.0,0.0,900.0
2.045479,69560.95,142285.53,28955.16,1644850841,DANA/ADA_0.05,0.0028729999999996814,-48.90000000000873,100.0,900.0
0.812849,169053.58,137415.08,1900.95,1644850841,WMT/ADA_0.05,0.0,0.0,0.0,900.0
0.005507,21224452.0,116895.04,2992.09,1644850841,RAVE/ADA_1.0,0.0,0.0,0.0,900.0
3.4e-05,3168153643.97,107920.42,4259.66,1644850841,ASHIB/ADA_1.0,0.0,0.0,0.0,900.0
0.0,98841827719302.0,96113.87,2577.57,1644850841,BISON/ADA_0.3,0.0,-11279561313.0,11.0,900.0
0.033851,2670337.0,90395.23,10236.89,1644850841,FIRE/ADA_0.3,0.0,0.0,0.0,900.0
0.0,944698288506.0,70591.27,45032.24,1644850841,HOSKY/ADA_0.3,0.0,0.0,0.0,900.0
0.315274,208159.06,65627.24,180734.78,1644850841,MIN/ADA_0.3,0.0,0.0,0.0,900.0
0.006101,9058086.0,55265.17,11571.71,1644850841,FLICK/ADA_0.3,0.0,0.0,0.0,900.0
0.093326,505715.0,47196.57,25483.84,1644850841,cNETA/ADA_0.3,-0.00038799999999999946,1050.0,-97.90000000000146,900.0
0.12941,343090.86,44399.68,2807.61,1644850841,MELD/ADA_1.0,0.0,386.0999999999767,49.95999999999913,900.0
0.012988,3373325.0,43815.98,5762.58,1644850841,CNFT/ADA_0.3,0.0,0.0,0.0,900.0
0.10925,307796.26,33626.89,7728.91,1644850841,REVU/ADA_0.3,0.0,0.0,0.0,900.0
41.50007,716.0,29714.05,6766.03,1644850841,unsi…en/ADA_1.0,0.0,0.0,0.0,900.0
0.00527,5593112.0,29476.5,3184.48,1644850841,BDOGE/ADA_1.0,0.0,0.0,0.0,900.0
0.002978,9814011.14,29228.43,17649.59,1644850841,DRIP/ADA_1.0,0.0,0.0,0.0,900.0
0.000839,33735894.79,28311.8,288.61,1644850841,MONET/ADA_0.3,0.0,0.0,0.0,900.0
0.014625,1799803.0,26323.39,5750.49,1644850841,QUID/ADA_0.3,-0.00024699999999999896,15000.0,-220.5699999999997,900.0
0.157019,155756.0,24456.67,2478.49,1644850841,SKULL/ADA_1.0,0.0004210000000000047,-208.0,33.0,900.0
0.123004,174269.07,21435.85,0.0,1644850841,MINt/ADA_0.05,0.0,0.0,0.0,900.0
0.000749,27894910.0,20914.14,574.91,1644850841,RAG/ADA_1.0,0.0,0.0,0.0,900.0
0.337089,57332.89,19326.31,7091.02,1644850841,MIN/ADA_0.05,0.0,0.0,0.0,900.0
25.703697,747.0,19200.66,4789.29,1644850841,XDIA…ND/ADA_1.0,0.0,0.0,0.0,900.0
0.01625,1139369.0,18515.54,37.86,1644850841,GOKEY/ADA_0.3,0.0,0.0,0.0,900.0
0.0,219106492457.0,17305.06,530.65,1644850841,HOSKY/ADA_0.05,0.0,0.0,0.0,900.0
0.039347,430539.0,16940.57,823.98,1644850841,cMETA/ADA_0.3,0.0,0.0,0.0,900.0
0.42,40243.0,16902.09,5357.12,1644850841,CDX/ADA_1.0,0.0,0.0,0.0,900.0
1e-06,12907022475.0,15671.18,5854.01,1644850841,MEOW/ADA_0.3,0.0,-16443866.0,20.0,900.0
2.188129,6546.0,14323.49,0.0,1644850841,DANA/ADA_0.3,0.0,0.0,0.0,900.0
0.316136,41259.44,13043.62,2502.95,1644850841,CARGO/ADA_0.3,0.0,0.0,0.0,900.0
0.768512,14465.69,11117.07,0.0,1644850841,WMT/ADA_1.0,0.0,0.0,0.0,900.0
0.110195,97361.0,10728.76,0.0,1644850841,Card…rm/ADA_0.3,0.0,0.0,0.0,900.0
0.046783,201381.23,9421.38,68.34,1644850841,cbTHC/ADA_0.3,0.0,0.0,0.0,900.0
0.003002,2911245.76,8740.33,0.0,1644850841,DRIP/ADA_0.3,0.0,0.0,0.0,900.0
0.00117,7414282.0,8675.39,65.65,1644850841,FLANO/ADA_1.0,0.0,0.0,0.0,900.0
2.4e-05,348242509.0,8538.63,7223.83,1644850841,SHIBA/ADA_1.0,-1.0000000000000006e-06,10000000.0,-249.92000000000007,900.0
0.000192,42786679.0,8225.67,725.23,1644850841,FIRE/ADA_1.0,0.0,0.0,0.0,900.0
0.70969,25384946.76,18015454.54,1697255.65,1644851740,SUNDAE/ADA_0.3,0.00038800000000005497,1572.5,10969.559999998659,898.0
99.546694,146721.28,14605619.05,1059809.19,1644851740,LQ/ADA_0.3,-0.3193679999999972,246.07000000000698,-22283.789999999106,898.0
0.810954,12726461.57,10320585.32,667317.35,1644851740,WMT/ADA_0.3,0.0005020000000000024,6131.019999999553,11363.820000000298,898.0
0.125076,10247095.5,1281666.93,654560.83,1644851740,MELD/ADA_0.3,-2.5999999999998247e-05,2172.1899999994785,-2.040000000037253,898.0
0.100441,10678352.0,1072544.64,128514.71,1644851740,PAVIA/ADA_0.3,-0.0005399999999999988,39013.0,-1834.6200000001118,898.0
0.16546,6407086.0,1060122.04,57144.67,1644851740,XRAY/ADA_0.3,1.6999999999989246e-05,-329.0,54.59000000008382,898.0
0.302391,2662591.0,805145.43,102736.58,1644851740,ADAX/ADA_0.3,0.0,524.0,158.46000000007916,898.0
1.81195,400056.46,724882.43,82382.09,1644851740,AADA/ADA_0.3,0.018005999999999966,-1999.219999999972,3616.890000000014,898.0
1.496806,351532.54,526176.3,134075.76,1644851740,VYFI/ADA_0.3,0.0026540000000001562,-311.6600000000326,467.4700000000885,898.0
6.388048,50857.0,324876.98,139043.29,1644851740,MILK/ADA_0.3,0.38627900000000004,-1655.0,9712.059999999998,898.0
0.124477,1638464.49,203951.18,38596.25,1644851740,MINt/ADA_0.3,0.00012200000000001099,-801.3400000000838,100.0,898.0
0.034612,5631146.06,194908.98,21900.59,1644851740,CLAP/ADA_0.3,-0.00026400000000000035,21410.859999999404,-741.6699999999837,898.0
0.0,6827856481127.0,155137.79,3521.34,1644851740,CHRLZ/ADA_0.3,0.0,0.0,0.0,898.0
2.105599,68560.95,144361.89,31032.57,1644851740,DANA/ADA_0.05,0.060120000000000395,-1000.0,2076.360000000015,898.0
0.812849,167796.96,136393.63,1900.95,1644851740,WMT/ADA_0.05,0.0,-1256.6199999999953,-1021.4499999999825,898.0
0.005507,21224452.0,116895.04,2992.09,1644851740,RAVE/ADA_1.0,0.0,0.0,0.0,898.0
3.4e-05,3168153643.97,107920.42,4259.66,1644851740,ASHIB/ADA_1.0,0.0,0.0,0.0,898.0
0.0,98841827719302.0,96113.87,2577.57,1644851740,BISON/ADA_0.3,0.0,0.0,0.0,898.0
0.033851,2670337.0,90395.23,10236.89,1644851740,FIRE/ADA_0.3,0.0,0.0,0.0,898.0
0.0,944818560030.0,70600.26,45032.24,1644851740,HOSKY/ADA_0.3,0.0,120271524.0,8.989999999990687,898.0
0.316042,207906.38,65707.24,180815.02,1644851740,MIN/ADA_0.3,0.0007679999999999909,-252.67999999999302,80.0,898.0
0.006101,9058086.0,55265.17,11571.71,1644851740,FLICK/ADA_0.3,0.0,0.0,0.0,898.0
0.09294,516765.0,48028.48,25581.34,1644851740,cNETA/ADA_0.3,-0.00038600000000001133,11050.0,831.9100000000035,898.0
0.12941,343090.86,44399.68,2807.61,1644851740,MELD/ADA_1.0,0.0,0.0,0.0,898.0
0.012988,3373325.0,43815.98,5762.58,1644851740,CNFT/ADA_0.3,0.0,0.0,0.0,898.0
0.10925,307796.26,33626.89,7728.91,1644851740,REVU/ADA_0.3,0.0,0.0,0.0,898.0
41.50007,716.0,29714.05,6766.03,1644851740,unsi…en/ADA_1.0,0.0,0.0,0.0,898.0
0.00527,5593112.0,29476.5,3184.48,1644851740,BDOGE/ADA_1.0,0.0,0.0,0.0,898.0
0.002918,9872675.72,28813.44,17941.48,1644851740,DRIP/ADA_1.0,-6.000000000000016e-05,58664.580000000075,-414.9900000000016,898.0
0.00084,33715710.71,28328.8,305.66,1644851740,MONET/ADA_0.3,1.0000000000000243e-06,-20184.079999998212,17.0,898.0
0.014632,1799402.0,26329.28,5756.39,1644851740,QUID/ADA_0.3,6.999999999998327e-06,-401.0,5.889999999999418,898.0
0.159064,154757.0,24616.29,2639.71,1644851740,SKULL/ADA_1.0,0.002045000000000019,-999.0,159.62000000000262,898.0
0.123004,174269.07,21435.85,0.0,1644851740,MINt/ADA_0.05,0.0,0.0,0.0,898.0
0.00075,27881712.0,20924.14,585.01,1644851740,RAG/ADA_1.0,1.0000000000000243e-06,-13198.0,10.0,898.0
0.337089,57332.89,19326.31,7091.02,1644851740,MIN/ADA_0.05,0.0,0.0,0.0,898.0
25.703697,747.0,19200.66,4789.29,1644851740,XDIA…ND/ADA_1.0,0.0,0.0,0.0,898.0
0.015911,1151469.0,18321.55,231.85,1644851740,GOKEY/ADA_0.3,-0.000338999999999999,12100.0,-193.9900000000016,898.0
0.0,219106492457.0,17305.06,530.65,1644851740,HOSKY/ADA_0.05,0.0,0.0,0.0,898.0
0.039789,428146.0,17035.57,919.27,1644851740,cMETA/ADA_0.3,0.00044199999999999795,-2393.0,95.0,898.0
0.42,40243.0,16902.09,5357.12,1644851740,CDX/ADA_1.0,0.0,0.0,0.0,898.0
1e-06,12907022475.0,15671.18,5854.01,1644851740,MEOW/ADA_0.3,0.0,0.0,0.0,898.0
2.188129,6546.0,14323.49,0.0,1644851740,DANA/ADA_0.3,0.0,0.0,0.0,898.0
0.299798,42370.44,12702.6,2843.97,1644851740,CARGO/ADA_0.3,-0.016337999999999964,1111.0,-341.02000000000044,898.0
0.768512,14465.69,11117.07,0.0,1644851740,WMT/ADA_1.0,0.0,0.0,0.0,898.0
0.110195,97361.0,10728.76,0.0,1644851740,Card…rm/ADA_0.3,0.0,0.0,0.0,898.0
0.046783,201381.23,9421.38,68.34,1644851740,cbTHC/ADA_0.3,0.0,0.0,0.0,898.0
0.003002,2911245.76,8740.33,0.0,1644851740,DRIP/ADA_0.3,0.0,0.0,0.0,898.0
2.5e-05,342289569.0,8688.63,7375.33,1644851740,SHIBA/ADA_1.0,1.0000000000000006e-06,-5952940.0,150.0,898.0
0.00117,7414282.0,8675.39,65.65,1644851740,FLANO/ADA_1.0,0.0,0.0,0.0,898.0
0.000192,42786679.0,8225.67,725.23,1644851740,FIRE/ADA_1.0,0.0,0.0,0.0,898.0
0.709074,25420329.68,18024895.31,1698326.35,1644852640,SUNDAE/ADA_0.3,-0.0006160000000000609,35382.91999999806,9440.769999999553,900.0
99.513274,146797.76,14608326.58,1074158.89,1644852640,LQ/ADA_0.3,-0.03342000000000667,76.48000000001048,2707.5299999993294,900.0
0.811156,12726549.12,10323229.3,668609.67,1644852640,WMT/ADA_0.3,0.00020200000000003548,87.54999999888241,2643.980000000447,900.0
0.124,10291915.85,1276200.24,661545.88,1644852640,MELD/ADA_0.3,-0.0010759999999999936,44820.34999999963,-5466.689999999944,900.0
0.100136,10699528.0,1071416.37,130183.2,1644852640,PAVIA/ADA_0.3,-0.0003049999999999997,21176.0,-1128.2699999997858,900.0
0.165445,6428001.0,1063482.88,57194.32,1644852640,XRAY/ADA_0.3,-1.4999999999987246e-05,20915.0,3360.839999999851,900.0
0.300631,2670388.0,802801.6,105080.41,1644852640,ADAX/ADA_0.3,-0.0017600000000000393,7797.0,-2343.8300000000745,900.0
1.81195,400056.46,724882.43,82382.09,1644852640,AADA/ADA_0.3,0.0,0.0,0.0,900.0
1.477752,354395.83,523709.21,137430.63,1644852640,VYFI/ADA_0.3,-0.019054000000000126,2863.2900000000373,-2467.0900000000256,900.0
6.395899,50827.0,325084.39,139781.85,1644852640,MILK/ADA_0.3,0.007850999999999608,-30.0,207.4100000000326,900.0
0.11723,1688422.88,197934.11,44623.33,1644852640,MINt/ADA_0.3,-0.0072470000000000034,49958.3899999999,-6017.070000000007,900.0
0.034923,5606085.61,195782.89,22777.12,1644852640,CLAP/ADA_0.3,0.0003110000000000057,-25060.449999999255,873.9100000000035,900.0
0.0,6827856481127.0,155137.79,3521.34,1644852640,CHRLZ/ADA_0.3,0.0,0.0,0.0,900.0
2.092547,68774.49,143913.88,31480.58,1644852640,DANA/ADA_0.05,-0.013052000000000064,213.54000000000815,-448.0100000000093,900.0
0.812849,167796.96,136393.63,1900.95,1644852640,WMT/ADA_0.05,0.0,0.0,0.0,900.0
0.005507,21224452.0,116895.04,2992.09,1644852640,RAVE/ADA_1.0,0.0,0.0,0.0,900.0
3.4e-05,3168156643.97,107920.52,4259.66,1644852640,ASHIB/ADA_1.0,0.0,3000.0,0.10000000000582077,900.0
0.0,98841827719302.0,96113.87,2577.57,1644852640,BISON/ADA_0.3,0.0,0.0,0.0,900.0
0.033926,2667396.0,90495.23,10337.19,1644852640,FIRE/ADA_0.3,7.499999999999868e-05,-2941.0,100.0,900.0
0.0,939678307535.0,70987.62,45420.77,1644852640,HOSKY/ADA_0.3,0.0,-5140252495.0,387.3600000000006,900.0
0.310073,210848.79,65378.7,187101.84,1644852640,MIN/ADA_0.3,-0.005969000000000002,2942.4100000000035,-328.54000000000815,900.0
0.006101,9058086.0,55265.17,11571.71,1644852640,FLICK/ADA_0.3,0.0,0.0,0.0,900.0
0.09294,516765.0,48028.48,25581.34,1644852640,cNETA/ADA_0.3,0.0,0.0,0.0,900.0
0.12941,343090.86,44399.68,2807.61,1644852640,MELD/ADA_1.0,0.0,0.0,0.0,900.0
0.012988,3373325.0,43815.98,5762.58,1644852640,CNFT/ADA_0.3,0.0,0.0,0.0,900.0
0.10925,307796.26,33626.89,7728.91,1644852640,REVU/ADA_0.3,0.0,0.0,0.0,900.0
41.50007,716.0,29714.05,6766.03,1644852640,unsi…en/ADA_1.0,0.0,0.0,0.0,900.0
0.00527,5593112.0,29476.5,3184.48,1644852640,BDOGE/ADA_1.0,0.0,0.0,0.0,900.0
0.002915,9877675.72,28799.0,17955.92,1644852640,DRIP/ADA_1.0,-2.9999999999999645e-06,5000.0,-14.43999999999869,900.0
0.00084,33715710.71,28328.8,305.66,1644852640,MONET/ADA_0.3,0.0,0.0,0.0,900.0
0.014632,1799402.0,26329.28,5756.39,1644852640,QUID/ADA_0.3,0.0,0.0,0.0,900.0
0.159064,154757.0,24616.29,2639.71,1644852640,SKULL/ADA_1.0,0.0,0.0,0.0,900.0
0.123004,174269.07,21435.85,0.0,1644852640,MINt/ADA_0.05,0.0,0.0,0.0,900.0
0.00075,27881712.0,20924.14,585.01,1644852640,RAG/ADA_1.0,0.0,0.0,0.0,900.0
0.337089,57332.89,19326.31,7091.02,1644852640,MIN/ADA_0.05,0.0,0.0,0.0,900.0
25.703697,747.0,19200.66,4789.29,1644852640,XDIA…ND/ADA_1.0,0.0,0.0,0.0,900.0
0.015911,1151469.0,18321.55,231.85,1644852640,GOKEY/ADA_0.3,0.0,0.0,0.0,900.0
0.0,219106492457.0,17305.06,530.65,1644852640,HOSKY/ADA_0.05,0.0,0.0,0.0,900.0
0.039789,428146.0,17035.57,919.27,1644852640,cMETA/ADA_0.3,0.0,0.0,0.0,900.0
0.42,40243.0,16902.09,5357.12,1644852640,CDX/ADA_1.0,0.0,0.0,0.0,900.0
1e-06,12907022475.0,15671.18,5854.01,1644852640,MEOW/ADA_0.3,0.0,0.0,0.0,900.0
2.188129,6546.0,14323.49,0.0,1644852640,DANA/ADA_0.3,0.0,0.0,0.0,900.0
0.299798,42370.44,12702.6,2843.97,1644852640,CARGO/ADA_0.3,0.0,0.0,0.0,900.0
0.768512,14465.69,11117.07,0.0,1644852640,WMT/ADA_1.0,0.0,0.0,0.0,900.0
0.110195,97361.0,10728.76,0.0,1644852640,Card…rm/ADA_0.3,0.0,0.0,0.0,900.0
0.046783,201381.23,9421.38,68.34,1644852640,cbTHC/ADA_0.3,0.0,0.0,0.0,900.0
0.003002,2911245.76,8740.33,0.0,1644852640,DRIP/ADA_0.3,0.0,0.0,0.0,900.0
2.5e-05,340350560.0,8738.63,7425.83,1644852640,SHIBA/ADA_1.0,0.0,-1939009.0,50.0,900.0
0.00117,7414282.0,8675.39,65.65,1644852640,FLANO/ADA_1.0,0.0,0.0,0.0,900.0
0.000192,42786679.0,8225.67,725.23,1644852640,FIRE/ADA_1.0,0.0,0.0,0.0,900.0
0.7092,25420237.8,18028038.35,1701274.34,1644853541,SUNDAE/ADA_0.3,0.0001260000000000705,-91.87999999895692,3143.040000002831,900.0
99.430746,146863.76,14602774.15,1075642.43,1644853541,LQ/ADA_0.3,-0.08252799999999638,66.0,-5552.429999999702,900.0
0.811338,12726406.35,10325419.9,669918.58,1644853541,WMT/ADA_0.3,0.00018200000000001548,-142.76999999955297,2190.5999999996275,900.0
0.124,10286235.45,1275495.87,662203.79,1644853541,MELD/ADA_0.3,0.0,-5680.4000000003725,-704.3699999998789,900.0
0.099969,10708519.0,1070520.14,131282.52,1644853541,PAVIA/ADA_0.3,-0.00016700000000000048,8991.0,-896.2300000002142,900.0
0.165445,6428001.0,1063482.88,57194.32,1644853541,XRAY/ADA_0.3,0.0,0.0,0.0,900.0
0.298353,2680575.0,799759.83,108137.22,1644853541,ADAX/ADA_0.3,-0.0022780000000000022,10187.0,-3041.7700000000186,900.0
1.81195,400056.46,724882.43,82382.09,1644853541,AADA/ADA_0.3,0.0,0.0,0.0,900.0
1.478076,354357.0,523766.77,138310.82,1644853541,VYFI/ADA_0.3,0.00032399999999999096,-38.8300000000163,57.55999999999767,900.0
6.377574,50901.0,324624.9,140814.27,1644853541,MILK/ADA_0.3,-0.018324999999999925,74.0,-459.4899999999907,900.0
0.118891,1676599.76,199334.11,47130.83,1644853541,MINt/ADA_0.3,0.0016609999999999958,-11823.119999999879,1400.0,900.0
0.034923,5606085.61,195782.89,22777.12,1644853541,CLAP/ADA_0.3,0.0,0.0,0.0,900.0
0.0,6827856481127.0,155137.79,3521.34,1644853541,CHRLZ/ADA_0.3,0.0,0.0,0.0,900.0
2.092547,68726.04,143812.51,32926.3,1644853541,DANA/ADA_0.05,0.0,-48.45000000001164,-101.36999999999534,900.0
0.812849,167796.96,136393.63,1900.95,1644853541,WMT/ADA_0.05,0.0,0.0,0.0,900.0
0.005507,21224452.0,116895.04,2992.09,1644853541,RAVE/ADA_1.0,0.0,0.0,0.0,900.0
3.4e-05,3168456643.97,107930.74,4273.15,1644853541,ASHIB/ADA_1.0,0.0,300000.0,10.220000000001164,900.0
0.0,98841827719302.0,96113.87,2577.57,1644853541,BISON/ADA_0.3,0.0,0.0,0.0,900.0
0.033926,2667396.0,90495.23,10337.19,1644853541,FIRE/ADA_0.3,0.0,0.0,0.0,900.0
0.0,939546691734.0,70977.68,45420.77,1644853541,HOSKY/ADA_0.3,0.0,-131615801.0,-9.940000000002328,900.0
0.318713,207999.5,66292.29,190519.83,1644853541,MIN/ADA_0.3,0.008640000000000037,-2849.290000000008,913.5899999999965,900.0
0.006101,9058086.0,55265.17,11571.71,1644853541,FLICK/ADA_0.3,0.0,0.0,0.0,900.0
0.09294,516765.0,48028.48,25581.34,1644853541,cNETA/ADA_0.3,0.0,0.0,0.0,900.0
0.12941,343090.86,44399.68,2807.61,1644853541,MELD/ADA_1.0,0.0,0.0,0.0,900.0
0.012988,3373325.0,43815.98,5762.58,1644853541,CNFT/ADA_0.3,0.0,0.0,0.0,900.0
0.10925,307796.26,33626.89,7728.91,1644853541,REVU/ADA_0.3,0.0,0.0,0.0,900.0
41.50007,716.0,29714.05,6766.03,1644853541,unsi…en/ADA_1.0,0.0,0.0,0.0,900.0
0.00527,5593112.0,29476.5,3184.48,1644853541,BDOGE/ADA_1.0,0.0,0.0,0.0,900.0
0.002903,9897675.72,28741.38,18013.53,1644853541,DRIP/ADA_1.0,-1.1999999999999858e-05,20000.0,-57.61999999999898,900.0
0.00084,33715710.71,28328.8,305.66,1644853541,MONET/ADA_0.3,0.0,0.0,0.0,900.0
0.014632,1804411.0,26402.58,5756.39,1644853541,QUID/ADA_0.3,0.0,5009.0,73.30000000000291,900.0
0.159064,154757.0,24616.29,2639.71,1644853541,SKULL/ADA_1.0,0.0,0.0,0.0,900.0
0.123004,174269.07,21435.85,0.0,1644853541,MINt/ADA_0.05,0.0,0.0,0.0,900.0
0.00075,27881712.0,20924.14,585.01,1644853541,RAG/ADA_1.0,0.0,0.0,0.0,900.0
0.337089,57332.89,19326.31,7091.02,1644853541,MIN/ADA_0.05,0.0,0.0,0.0,900.0
25.703697,747.0,19200.66,4789.29,1644853541,XDIA…ND/ADA_1.0,0.0,0.0,0.0,900.0
0.015911,1151469.0,18321.55,231.85,1644853541,GOKEY/ADA_0.3,0.0,0.0,0.0,900.0
0.0,219106492457.0,17305.06,530.65,1644853541,HOSKY/ADA_0.05,0.0,0.0,0.0,900.0
0.039789,428146.0,17035.57,919.27,1644853541,cMETA/ADA_0.3,0.0,0.0,0.0,900.0
0.42,40243.0,16902.09,5357.12,1644853541,CDX/ADA_1.0,0.0,0.0,0.0,900.0
1e-06,12907022475.0,15671.18,5854.01,1644853541,MEOW/ADA_0.3,0.0,0.0,0.0,900.0
2.188129,6546.0,14323.49,0.0,1644853541,DANA/ADA_0.3,0.0,0.0,0.0,900.0
0.299798,42370.44,12702.6,2843.97,1644853541,CARGO/ADA_0.3,0.0,0.0,0.0,900.0
0.768512,14465.69,11117.07,0.0,1644853541,WMT/ADA_1.0,0.0,0.0,0.0,900.0
0.110195,97361.0,10728.76,0.0,1644853541,Card…rm/ADA_0.3,0.0,0.0,0.0,900.0
0.046783,201381.23,9421.38,68.34,1644853541,cbTHC/ADA_0.3,0.0,0.0,0.0,900.0
0.003002,2911245.76,8740.33,0.0,1644853541,DRIP/ADA_0.3,0.0,0.0,0.0,900.0
2.5e-05,340350560.0,8738.63,7672.83,1644853541,SHIBA/ADA_1.0,0.0,0.0,0.0,900.0
0.00117,7414282.0,8675.39,65.65,1644853541,FLANO/ADA_1.0,0.0,0.0,0.0,900.0
0.000192,42786679.0,8225.67,725.23,1644853541,FIRE/ADA_1.0,0.0,0.0,0.0,900.0
0.70936,25419931.13,18031885.54,1688073.04,1644854441,SUNDAE/ADA_0.3,0.00015999999999993797,-306.67000000178814,3847.189999997616,900.0
99.44077,146880.36,14605896.93,1047943.15,1644854441,LQ/ADA_0.3,0.010024000000001365,16.599999999976717,3122.7799999993294,900.0
0.811471,12741205.65,10339127.98,578168.79,1644854441,WMT/ADA_0.3,0.00013300000000004975,14799.300000000745,13708.080000000075,900.0
0.124188,10278466.74,1276462.82,641262.43,1644854441,MELD/ADA_0.3,0.0001880000000000076,-7768.709999999031,966.9499999999534,900.0
0.099985,10741884.0,1074027.5,117044.68,1644854441,PAVIA/ADA_0.3,1.6000000000002124e-05,33365.0,3507.3600000001024,900.0
0.165445,6428001.0,1063482.88,57194.32,1644854441,XRAY/ADA_0.3,0.0,0.0,0.0,900.0
0.301779,2665342.0,804345.19,105793.97,1644854441,ADAX/ADA_0.3,0.00342600000000004,-15233.0,4585.359999999986,900.0
1.821065,399055.45,726706.22,81282.81,1644854441,AADA/ADA_0.3,0.009114999999999984,-1001.0100000000093,1823.7899999999208,900.0
1.482446,353790.88,524476.13,137839.59,1644854441,VYFI/ADA_0.3,0.004369999999999985,-566.1199999999953,709.359999999986,900.0
6.372572,50921.0,324497.78,126083.09,1644854441,MILK/ADA_0.3,-0.005002000000000173,20.0,-127.11999999999534,900.0
0.123857,1642696.0,203460.62,49363.34,1644854441,MINt/ADA_0.3,0.004965999999999998,-33903.76000000001,4126.510000000009,900.0
0.034596,5632578.72,194864.77,21825.37,1644854441,CLAP/ADA_0.3,-0.0003270000000000009,26493.109999999404,-918.1200000000244,900.0
0.0,6827856481127.0,155137.79,3521.34,1644854441,CHRLZ/ADA_0.3,0.0,0.0,0.0,900.0
2.13603,68023.1,145299.39,32543.58,1644854441,DANA/ADA_0.05,0.043482999999999716,-702.9399999999878,1486.8800000000047,900.0
0.812849,167796.96,136393.63,1900.95,1644854441,WMT/ADA_0.05,0.0,0.0,0.0,900.0
0.005507,21224452.0,116895.04,2771.48,1644854441,RAVE/ADA_1.0,0.0,0.0,0.0,900.0
3.4e-05,3167403804.14,107967.25,4242.85,1644854441,ASHIB/ADA_1.0,0.0,-1052839.8299999237,36.50999999999476,900.0
0.0,98981575808047.0,96269.73,1574.57,1644854441,BISON/ADA_0.3,0.0,139748088745.0,155.86000000000058,900.0
0.033603,2680212.0,90063.8,10768.62,1644854441,FIRE/ADA_0.3,-0.0003229999999999969,12816.0,-431.429999999993,900.0
0.0,938643258605.0,71046.3,42930.8,1644854441,HOSKY/ADA_0.3,0.0,-903433129.0,68.6200000000099,900.0
0.3197,207678.83,66394.96,188414.4,1644854441,MIN/ADA_0.3,0.0009869999999999601,-320.6700000000128,102.6700000000128,900.0
0.006101,9058086.0,55265.17,11323.59,1644854441,FLICK/ADA_0.3,0.0,0.0,0.0,900.0
0.09294,516765.0,48028.48,25364.76,1644854441,cNETA/ADA_0.3,0.0,0.0,0.0,900.0
0.12941,343090.86,44399.68,2807.61,1644854441,MELD/ADA_1.0,0.0,0.0,0.0,900.0
0.012988,3373325.0,43815.98,5762.58,1644854441,CNFT/ADA_0.3,0.0,0.0,0.0,900.0
0.10925,307796.26,33626.89,6725.91,1644854441,REVU/ADA_0.3,0.0,0.0,0.0,900.0
44.621867,691.0,30833.71,7896.89,1644854441,unsi…en/ADA_1.0,3.121797000000001,-25.0,1119.6599999999999,900.0
0.00527,5593112.0,29476.5,3184.48,1644854441,BDOGE/ADA_1.0,0.0,0.0,0.0,900.0
0.002903,9897675.72,28741.38,17682.65,1644854441,DRIP/ADA_1.0,0.0,0.0,0.0,900.0
0.00084,33712151.33,28331.8,308.67,1644854441,MONET/ADA_0.3,0.0,-3559.380000002682,3.0,900.0
0.014632,1804411.0,26402.58,5756.39,1644854441,QUID/ADA_0.3,0.0,0.0,0.0,900.0
0.161645,153523.0,24816.29,2841.71,1644854441,SKULL/ADA_1.0,0.002581,-1234.0,200.0,900.0
0.123004,174269.07,21435.85,0.0,1644854441,MINt/ADA_0.05,0.0,0.0,0.0,900.0
0.00075,27881712.0,20924.14,468.86,1644854441,RAG/ADA_1.0,0.0,0.0,0.0,900.0
0.337089,57332.89,19326.31,7091.02,1644854441,MIN/ADA_0.05,0.0,0.0,0.0,900.0
25.703697,747.0,19200.66,4789.29,1644854441,XDIA…ND/ADA_1.0,0.0,0.0,0.0,900.0
0.015911,1151469.0,18321.55,231.85,1644854441,GOKEY/ADA_0.3,0.0,0.0,0.0,900.0
0.0,219106492457.0,17305.06,530.65,1644854441,HOSKY/ADA_0.05,0.0,0.0,0.0,900.0
0.039789,428146.0,17035.57,836.76,1644854441,cMETA/ADA_0.3,0.0,0.0,0.0,900.0
0.42,40243.0,16902.09,5357.12,1644854441,CDX/ADA_1.0,0.0,0.0,0.0,900.0
1e-06,12907022475.0,15671.18,5854.01,1644854441,MEOW/ADA_0.3,0.0,0.0,0.0,900.0
2.188129,6546.0,14323.49,0.0,1644854441,DANA/ADA_0.3,0.0,0.0,0.0,900.0
0.299798,42370.44,12702.6,2843.97,1644854441,CARGO/ADA_0.3,0.0,0.0,0.0,900.0
0.768512,14465.69,11117.07,0.0,1644854441,WMT/ADA_1.0,0.0,0.0,0.0,900.0
0.110195,97361.0,10728.76,0.0,1644854441,Card…rm/ADA_0.3,0.0,0.0,0.0,900.0
0.046783,201381.23,9421.38,68.34,1644854441,cbTHC/ADA_0.3,0.0,0.0,0.0,900.0
2.7e-05,330339022.0,9011.24,8197.63,1644854441,SHIBA/ADA_1.0,1.999999999999998e-06,-10011538.0,272.6100000000006,900.0
0.003002,2911245.76,8740.33,0.0,1644854441,DRIP/ADA_0.3,0.0,0.0,0.0,900.0
0.00117,7414282.0,8675.39,65.65,1644854441,FLANO/ADA_1.0,0.0,0.0,0.0,900.0
0.000192,42786679.0,8225.67,720.18,1644854441,FIRE/ADA_1.0,0.0,0.0,0.0,900.0
0.709794,25434957.33,18053596.42,1693535.61,1644855341,SUNDAE/ADA_0.3,0.00043400000000004546,15026.199999999255,21710.880000002682,899.0
99.453619,146877.0,14607449.36,1048890.99,1644855341,LQ/ADA_0.3,0.012849000000002775,-3.35999999998603,1552.429999999702,899.0
0.81059,12748859.55,10334105.12,591985.21,1644855341,WMT/ADA_0.3,-0.0008810000000000207,7653.9000000003725,-5022.860000001267,899.0
0.126911,10167783.38,1290404.87,656931.08,1644855341,MELD/ADA_0.3,0.0027229999999999893,-110683.3599999994,13942.050000000047,899.0
0.099963,10742094.0,1073821.05,117218.2,1644855341,PAVIA/ADA_0.3,-2.2000000000008124e-05,210.0,-206.44999999995343,899.0
0.165721,6422653.0,1064371.88,58308.32,1644855341,XRAY/ADA_0.3,0.00027599999999999847,-5348.0,889.0,899.0
0.309318,2632710.0,814345.19,115823.97,1644855341,ADAX/ADA_0.3,0.007538999999999962,-32632.0,10000.0,899.0
1.821065,399096.95,726781.8,81282.81,1644855341,AADA/ADA_0.3,0.0,41.5,75.5800000000745,899.0
1.48789,353144.07,525439.64,139552.74,1644855341,VYFI/ADA_0.3,0.005444000000000004,-646.8099999999977,963.5100000000093,899.0
6.348268,51048.0,324066.42,126120.83,1644855341,MILK/ADA_0.3,-0.02430399999999988,127.0,-431.36000000004424,899.0
0.122227,1653634.83,202118.94,50773.12,1644855341,MINt/ADA_0.3,-0.0016299999999999926,10938.830000000075,-1341.679999999993,899.0
0.034596,5632578.72,194864.77,21825.37,1644855341,CLAP/ADA_0.3,0.0,0.0,0.0,899.0
0.0,6827856481127.0,155137.79,3521.34,1644855341,CHRLZ/ADA_0.3,0.0,0.0,0.0,899.0
2.124112,68213.7,144893.61,32949.37,1644855341,DANA/ADA_0.05,-0.011918000000000095,190.59999999999127,-405.78000000002794,899.0
0.812849,167858.39,136443.57,1900.95,1644855341,WMT/ADA_0.05,0.0,61.43000000002212,49.94000000000233,899.0
0.005512,21215353.0,116945.69,2771.48,1644855341,RAVE/ADA_1.0,5.000000000000664e-06,-9099.0,50.65000000000873,899.0
3.4e-05,3167403804.14,107967.25,4242.85,1644855341,ASHIB/ADA_1.0,0.0,0.0,0.0,899.0
0.0,98981575808047.0,96269.73,1574.57,1644855341,BISON/ADA_0.3,0.0,0.0,0.0,899.0
0.033603,2680212.0,90063.8,10768.62,1644855341,FIRE/ADA_0.3,0.0,0.0,0.0,899.0
0.0,940178785812.0,70907.85,44571.83,1644855341,HOSKY/ADA_0.3,0.0,1535527207.0,-138.4499999999971,899.0
0.340747,201172.06,68548.96,190574.87,1644855341,MIN/ADA_0.3,0.021047000000000038,-6506.7699999999895,2154.0,899.0
0.006101,9058086.0,55265.17,11323.59,1644855341,FLICK/ADA_0.3,0.0,0.0,0.0,899.0
0.094068,513663.0,48319.4,25656.56,1644855341,cNETA/ADA_0.3,0.001128000000000004,-3102.0,290.91999999999825,899.0
0.12941,343090.86,44399.68,2807.61,1644855341,MELD/ADA_1.0,0.0,0.0,0.0,899.0
0.012988,3373325.0,43815.98,5762.58,1644855341,CNFT/ADA_0.3,0.0,0.0,0.0,899.0
0.10925,307796.26,33626.89,6725.91,1644855341,REVU/ADA_0.3,0.0,0.0,0.0,899.0
44.621867,691.0,30833.71,7896.89,1644855341,unsi…en/ADA_1.0,0.0,0.0,0.0,899.0
0.00527,5593112.0,29476.5,3184.48,1644855341,BDOGE/ADA_1.0,0.0,0.0,0.0,899.0
0.002903,9897675.72,28741.38,17682.65,1644855341,DRIP/ADA_1.0,0.0,0.0,0.0,899.0
0.00084,33712151.33,28331.8,308.67,1644855341,MONET/ADA_0.3,0.0,0.0,0.0,899.0
0.014632,1804411.0,26402.58,5756.39,1644855341,QUID/ADA_0.3,0.0,0.0,0.0,899.0
0.161645,153523.0,24816.29,2841.71,1644855341,SKULL/ADA_1.0,0.0,0.0,0.0,899.0
0.123004,174269.07,21435.85,0.0,1644855341,MINt/ADA_0.05,0.0,0.0,0.0,899.0
0.00075,27881712.0,20924.14,468.86,1644855341,RAG/ADA_1.0,0.0,0.0,0.0,899.0
0.337089,57332.89,19326.31,7091.02,1644855341,MIN/ADA_0.05,0.0,0.0,0.0,899.0
25.703697,747.0,19200.66,4789.29,1644855341,XDIA…ND/ADA_1.0,0.0,0.0,0.0,899.0
0.015911,1151469.0,18321.55,231.85,1644855341,GOKEY/ADA_0.3,0.0,0.0,0.0,899.0
0.0,219106492457.0,17305.06,530.65,1644855341,HOSKY/ADA_0.05,0.0,0.0,0.0,899.0
0.039789,428146.0,17035.57,836.76,1644855341,cMETA/ADA_0.3,0.0,0.0,0.0,899.0
0.42,40243.0,16902.09,5357.12,1644855341,CDX/ADA_1.0,0.0,0.0,0.0,899.0
1e-06,12907022475.0,15671.18,5854.01,1644855341,MEOW/ADA_0.3,0.0,0.0,0.0,899.0
2.188129,6546.0,14323.49,0.0,1644855341,DANA/ADA_0.3,0.0,0.0,0.0,899.0
0.299798,42370.44,12702.6,2843.97,1644855341,CARGO/ADA_0.3,0.0,0.0,0.0,899.0
0.768512,14465.69,11117.07,0.0,1644855341,WMT/ADA_1.0,0.0,0.0,0.0,899.0
0.110195,97361.0,10728.76,0.0,1644855341,Card…rm/ADA_0.3,0.0,0.0,0.0,899.0
0.046783,201381.23,9421.38,68.34,1644855341,cbTHC/ADA_0.3,0.0,0.0,0.0,899.0
2.7e-05,330339022.0,9011.24,8197.63,1644855341,SHIBA/ADA_1.0,0.0,0.0,0.0,899.0
0.003002,2911245.76,8740.33,0.0,1644855341,DRIP/ADA_0.3,0.0,0.0,0.0,899.0
0.00117,7414282.0,8675.39,65.65,1644855341,FLANO/ADA_1.0,0.0,0.0,0.0,899.0
0.000192,42792179.0,8226.72,897.16,1644855341,FIRE/ADA_1.0,0.0,5500.0,1.0499999999992724,899.0
0.709248,25446753.25,18048059.8,1712728.35,1644856241,SUNDAE/ADA_0.3,-0.0005460000000000464,11795.920000001788,-5536.620000001043,900.0
99.404378,146913.88,14603883.02,1057788.16,1644856241,LQ/ADA_0.3,-0.049241000000009194,36.88000000000466,-3566.339999999851,900.0
0.814365,12722411.61,10360686.94,618846.52,1644856241,WMT/ADA_0.3,0.003774999999999973,-26447.94000000134,26581.820000000298,900.0
0.127724,10135423.6,1294537.21,661075.81,1644856241,MELD/ADA_0.3,0.0008130000000000082,-32359.780000001192,4132.339999999851,900.0
0.09949,10768688.0,1071381.84,121809.5,1644856241,PAVIA/ADA_0.3,-0.0004730000000000012,26594.0,-2439.2099999999627,900.0
0.165721,6428548.0,1065348.81,58308.32,1644856241,XRAY/ADA_0.3,0.0,5895.0,976.9300000001676,900.0
0.31465,2610574.0,821418.52,132955.84,1644856241,ADAX/ADA_0.3,0.005332000000000003,-22136.0,7073.3300000000745,900.0
1.820163,399195.95,726602.1,81462.52,1644856241,AADA/ADA_0.3,-0.0009019999999999584,99.0,-179.70000000006985,900.0
1.48789,353144.07,525439.64,139552.74,1644856241,VYFI/ADA_0.3,0.0,0.0,0.0,900.0
6.423585,50749.0,325990.54,130016.61,1644856241,MILK/ADA_0.3,0.07531700000000008,-299.0,1924.1199999999953,900.0
0.122227,1653634.83,202118.94,50773.12,1644856241,MINt/ADA_0.3,0.0,0.0,0.0,900.0
0.034596,5632578.72,194864.77,21825.37,1644856241,CLAP/ADA_0.3,0.0,0.0,0.0,900.0
0.0,6827856481127.0,155137.79,3521.34,1644856241,CHRLZ/ADA_0.3,0.0,0.0,0.0,900.0
2.117212,68324.8,144658.12,33184.85,1644856241,DANA/ADA_0.05,-0.006899999999999906,111.10000000000582,-235.4899999999907,900.0
0.812849,167239.86,135940.79,1900.95,1644856241,WMT/ADA_0.05,0.0,-618.5300000000279,-502.77999999999884,900.0
0.005512,21215353.0,116945.69,2771.48,1644856241,RAVE/ADA_1.0,0.0,0.0,0.0,900.0
3.4e-05,3167403804.14,107967.25,4242.85,1644856241,ASHIB/ADA_1.0,0.0,0.0,0.0,900.0
0.0,98981575808047.0,96269.73,1819.81,1644856241,BISON/ADA_0.3,0.0,0.0,0.0,900.0
0.033603,2680212.0,90063.8,10768.62,1644856241,FIRE/ADA_0.3,0.0,0.0,0.0,900.0
0.0,941178785812.0,70832.73,44646.94,1644856241,HOSKY/ADA_0.3,0.0,1000000000.0,-75.1200000000099,900.0
0.329088,204710.05,67367.74,191756.08,1644856241,MIN/ADA_0.3,-0.01165900000000003,3537.9899999999907,-1181.2200000000012,900.0
0.006101,9058086.0,55265.17,11323.59,1644856241,FLICK/ADA_0.3,0.0,0.0,0.0,900.0
0.094068,513663.0,48319.4,25656.56,1644856241,cNETA/ADA_0.3,0.0,0.0,0.0,900.0
0.12941,343090.86,44399.68,2807.61,1644856241,MELD/ADA_1.0,0.0,0.0,0.0,900.0
0.012988,3373325.0,43815.98,5762.58,1644856241,CNFT/ADA_0.3,0.0,0.0,0.0,900.0
0.10925,307796.26,33626.89,6725.91,1644856241,REVU/ADA_0.3,0.0,0.0,0.0,900.0
44.621867,691.0,30833.71,7896.89,1644856241,unsi…en/ADA_1.0,0.0,0.0,0.0,900.0
0.00527,5593112.0,29476.5,3184.48,1644856241,BDOGE/ADA_1.0,0.0,0.0,0.0,900.0
0.002903,9897675.72,28741.38,17682.65,1644856241,DRIP/ADA_1.0,0.0,0.0,0.0,900.0
0.00084,33712151.33,28331.8,308.67,1644856241,MONET/ADA_0.3,0.0,0.0,0.0,900.0
0.014632,1804411.0,26402.58,5756.39,1644856241,QUID/ADA_0.3,0.0,0.0,0.0,900.0
0.161645,153523.0,24816.29,2841.71,1644856241,SKULL/ADA_1.0,0.0,0.0,0.0,900.0
0.123004,174269.07,21435.85,0.0,1644856241,MINt/ADA_0.05,0.0,0.0,0.0,900.0
0.00075,27881712.0,20924.14,468.86,1644856241,RAG/ADA_1.0,0.0,0.0,0.0,900.0
0.337089,57332.89,19326.31,7091.02,1644856241,MIN/ADA_0.05,0.0,0.0,0.0,900.0
25.703697,747.0,19200.66,4789.29,1644856241,XDIA…ND/ADA_1.0,0.0,0.0,0.0,900.0
0.015911,1151469.0,18321.55,231.85,1644856241,GOKEY/ADA_0.3,0.0,0.0,0.0,900.0
0.0,219106492457.0,17305.06,530.65,1644856241,HOSKY/ADA_0.05,0.0,0.0,0.0,900.0
0.039789,428146.0,17035.57,836.76,1644856241,cMETA/ADA_0.3,0.0,0.0,0.0,900.0
0.42,40243.0,16902.09,5357.12,1644856241,CDX/ADA_1.0,0.0,0.0,0.0,900.0
1e-06,12907022475.0,15671.18,5854.01,1644856241,MEOW/ADA_0.3,0.0,0.0,0.0,900.0
2.188129,6546.0,14323.49,0.0,1644856241,DANA/ADA_0.3,0.0,0.0,0.0,900.0
0.299798,42370.44,12702.6,2843.97,1644856241,CARGO/ADA_0.3,0.0,0.0,0.0,900.0
0.768512,14465.69,11117.07,0.0,1644856241,WMT/ADA_1.0,0.0,0.0,0.0,900.0
0.110195,97361.0,10728.76,0.0,1644856241,Card…rm/ADA_0.3,0.0,0.0,0.0,900.0
0.046783,201381.23,9421.38,68.34,1644856241,cbTHC/ADA_0.3,0.0,0.0,0.0,900.0
2.7e-05,330339022.0,9011.24,8197.63,1644856241,SHIBA/ADA_1.0,0.0,0.0,0.0,900.0
0.003002,2911245.76,8740.33,0.0,1644856241,DRIP/ADA_0.3,0.0,0.0,0.0,900.0
0.00117,7414282.0,8675.39,65.65,1644856241,FLANO/ADA_1.0,0.0,0.0,0.0,900.0
0.000184,43742479.0,8049.75,897.16,1644856241,FIRE/ADA_1.0,-8.000000000000005e-06,950300.0,-176.96999999999935,900.0
0.718683,25283200.69,18170608.87,1857101.92,1644857141,SUNDAE/ADA_0.3,0.009434999999999971,-163552.55999999866,122549.0700000003,900.0
99.404786,147023.18,14614808.36,1057818.25,1644857141,LQ/ADA_0.3,0.0004080000000072914,109.29999999998836,10925.339999999851,900.0
0.815009,12723770.69,10369996.41,624790.54,1644857141,WMT/ADA_0.3,0.0006439999999999779,1359.0800000000745,9309.47000000067,900.0
0.127752,10144884.5,1296037.5,661317.78,1644857141,MELD/ADA_0.3,2.8000000000000247e-05,9460.900000000373,1500.2900000000373,900.0
0.099481,10769197.0,1071333.14,121809.5,1644857141,PAVIA/ADA_0.3,-8.999999999995123e-06,509.0,-48.700000000186265,900.0
0.165721,6427862.0,1065235.09,58308.32,1644857141,XRAY/ADA_0.3,0.0,-686.0,-113.71999999997206,900.0
0.30694,2643206.0,811307.65,132955.84,1644857141,ADAX/ADA_0.3,-0.007709999999999995,32632.0,-10110.869999999995,900.0
1.820163,399195.95,726602.1,81462.52,1644857141,AADA/ADA_0.3,0.0,0.0,0.0,900.0
1.493727,352455.75,526473.0,141963.42,1644857141,VYFI/ADA_0.3,0.005837000000000092,-688.320000000007,1033.359999999986,900.0
6.44903,50649.0,326636.93,130048.76,1644857141,MILK/ADA_0.3,0.025444999999999496,-100.0,646.390000000014,900.0
0.122224,1653649.48,202117.15,50774.91,1644857141,MINt/ADA_0.3,-3.0000000000030003e-06,14.649999999906868,-1.790000000008149,900.0
0.034596,5632578.72,194864.77,21825.37,1644857141,CLAP/ADA_0.3,0.0,0.0,0.0,900.0
0.0,6827856481127.0,155137.79,3521.34,1644857141,CHRLZ/ADA_0.3,0.0,0.0,0.0,900.0
2.117212,68324.8,144658.12,33184.85,1644857141,DANA/ADA_0.05,0.0,0.0,0.0,900.0
0.812849,167239.86,135940.79,1900.95,1644857141,WMT/ADA_0.05,0.0,0.0,0.0,900.0
0.005512,21215353.0,116945.69,2771.48,1644857141,RAVE/ADA_1.0,0.0,0.0,0.0,900.0
3.4e-05,3167403804.14,107967.25,4242.85,1644857141,ASHIB/ADA_1.0,0.0,0.0,0.0,900.0
0.0,98741774020383.0,96524.21,1819.81,1644857141,BISON/ADA_0.3,0.0,-239801787664.0,254.48000000001048,900.0
0.033603,2680212.0,90063.8,10768.62,1644857141,FIRE/ADA_0.3,0.0,0.0,0.0,900.0
0.0,944178785812.0,71058.51,44646.94,1644857141,HOSKY/ADA_0.3,0.0,3000000000.0,225.77999999999884,900.0
0.328943,204756.62,67353.36,192300.68,1644857141,MIN/ADA_0.3,-0.00014500000000000624,46.570000000006985,-14.380000000004657,900.0
0.006101,9058086.0,55265.17,11323.59,1644857141,FLICK/ADA_0.3,0.0,0.0,0.0,900.0
0.094068,513663.0,48319.4,25656.56,1644857141,cNETA/ADA_0.3,0.0,0.0,0.0,900.0
0.12941,343090.86,44399.68,2807.61,1644857141,MELD/ADA_1.0,0.0,0.0,0.0,900.0
0.012988,3373325.0,43815.98,5762.58,1644857141,CNFT/ADA_0.3,0.0,0.0,0.0,900.0
0.10925,307796.26,33626.89,6725.91,1644857141,REVU/ADA_0.3,0.0,0.0,0.0,900.0
44.621867,691.0,30833.71,7896.89,1644857141,unsi…en/ADA_1.0,0.0,0.0,0.0,900.0
0.00527,5593112.0,29476.5,3184.48,1644857141,BDOGE/ADA_1.0,0.0,0.0,0.0,900.0
0.002893,9914675.72,28692.6,18043.17,1644857141,DRIP/ADA_1.0,-1.0000000000000026e-05,17000.0,-48.780000000002474,900.0
0.00084,33712151.33,28331.8,308.67,1644857141,MONET/ADA_0.3,0.0,0.0,0.0,900.0
0.014632,1804411.0,26402.58,5756.39,1644857141,QUID/ADA_0.3,0.0,0.0,0.0,900.0
0.161645,153573.0,24824.37,2841.71,1644857141,SKULL/ADA_1.0,0.0,50.0,8.079999999998108,900.0
0.123004,174269.07,21435.85,0.0,1644857141,MINt/ADA_0.05,0.0,0.0,0.0,900.0
0.00075,27881712.0,20924.14,468.86,1644857141,RAG/ADA_1.0,0.0,0.0,0.0,900.0
0.337089,57332.89,19326.31,7091.02,1644857141,MIN/ADA_0.05,0.0,0.0,0.0,900.0
25.703697,747.0,19200.66,4789.29,1644857141,XDIA…ND/ADA_1.0,0.0,0.0,0.0,900.0
0.015911,1151469.0,18321.55,231.85,1644857141,GOKEY/ADA_0.3,0.0,0.0,0.0,900.0
0.0,219106492457.0,17305.06,530.65,1644857141,HOSKY/ADA_0.05,0.0,0.0,0.0,900.0
0.039789,428146.0,17035.57,836.76,1644857141,cMETA/ADA_0.3,0.0,0.0,0.0,900.0
0.42,40243.0,16902.09,5357.12,1644857141,CDX/ADA_1.0,0.0,0.0,0.0,900.0
1e-06,12907022475.0,15671.18,5854.01,1644857141,MEOW/ADA_0.3,0.0,0.0,0.0,900.0
2.188129,6546.0,14323.49,0.0,1644857141,DANA/ADA_0.3,0.0,0.0,0.0,900.0
0.301214,42270.9,12732.6,2874.06,1644857141,CARGO/ADA_0.3,0.0014159999999999728,-99.54000000000087,30.0,900.0
0.768512,14465.69,11117.07,0.0,1644857141,WMT/ADA_1.0,0.0,0.0,0.0,900.0
0.110195,97361.0,10728.76,0.0,1644857141,Card…rm/ADA_0.3,0.0,0.0,0.0,900.0
0.046783,201381.23,9421.38,68.34,1644857141,cbTHC/ADA_0.3,0.0,0.0,0.0,900.0
2.7e-05,327639371.0,9086.24,8349.13,1644857141,SHIBA/ADA_1.0,0.0,-2699651.0,75.0,900.0
0.003002,2911245.76,8740.33,0.0,1644857141,DRIP/ADA_0.3,0.0,0.0,0.0,900.0
0.00117,7414282.0,8675.39,65.65,1644857141,FLANO/ADA_1.0,0.0,0.0,0.0,900.0
0.000184,43742479.0,8049.75,897.16,1644857141,FIRE/ADA_1.0,0.0,0.0,0.0,900.0
0.718722,25283822.99,18172054.64,1857603.42,1644858040,SUNDAE/ADA_0.3,3.900000000001125e-05,622.2999999970198,1445.769999999553,899.0
100.557847,146179.79,14699525.77,1143765.63,1644858040,LQ/ADA_0.3,1.153060999999994,-843.3899999999849,84717.41000000015,899.0
0.815173,12729624.57,10376858.15,626085.25,1644858040,WMT/ADA_0.3,0.000164000000000053,5853.88000000082,6861.7400000002235,899.0
0.129948,10058070.08,1307031.13,676788.04,1644858040,MELD/ADA_0.3,0.0021960000000000035,-86814.41999999993,10993.629999999888,899.0
0.100728,10702511.0,1078050.84,135943.02,1644858040,PAVIA/ADA_0.3,0.0012469999999999981,-66686.0,6717.700000000186,899.0
0.165721,6427862.0,1065235.09,58308.32,1644858040,XRAY/ADA_0.3,0.0,0.0,0.0,899.0
0.306965,2644552.0,811784.95,132988.17,1644858040,ADAX/ADA_0.3,2.4999999999997247e-05,1346.0,477.29999999993015,899.0
1.504532,351195.47,528385.08,143872.68,1644858040,VYFI/ADA_0.3,0.010804999999999954,-1260.280000000028,1912.079999999958,899.0
6.455011,50626.0,326791.41,131489.03,1644858040,MILK/ADA_0.3,0.005981000000000236,-23.0,154.47999999998137,899.0
0.122224,1653649.48,202117.15,50774.91,1644858040,MINt/ADA_0.3,0.0,0.0,0.0,899.0
0.034499,5640478.72,194592.66,22097.47,1644858040,CLAP/ADA_0.3,-9.699999999999986e-05,7900.0,-272.10999999998603,899.0
0.0,6827856481127.0,155137.79,3521.34,1644858040,CHRLZ/ADA_0.3,0.0,0.0,0.0,899.0
2.121369,68257.83,144800.11,33326.92,1644858040,DANA/ADA_0.05,0.004157000000000188,-66.97000000000116,141.9899999999907,899.0
0.812849,167152.87,135870.09,1900.95,1644858040,WMT/ADA_0.05,0.0,-86.98999999999069,-70.70000000001164,899.0
0.005417,21405193.0,115973.16,3771.56,1644858040,RAVE/ADA_1.0,-9.500000000000047e-05,189840.0,-972.5299999999988,899.0
3.4e-05,3167403804.14,107967.25,4242.85,1644858040,ASHIB/ADA_1.0,0.0,0.0,0.0,899.0
0.0,98741774020383.0,96524.21,1819.81,1644858040,BISON/ADA_0.3,0.0,0.0,0.0,899.0
0.033603,2680212.0,90063.8,10768.62,1644858040,FIRE/ADA_0.3,0.0,0.0,0.0,899.0
0.0,944602767867.0,71090.42,44646.94,1644858040,HOSKY/ADA_0.3,0.0,423982055.0,31.910000000003492,899.0
0.32114,207233.03,66550.89,184521.81,1644858040,MIN/ADA_0.3,-0.007803000000000004,2476.4100000000035,-802.4700000000012,899.0
0.006101,9058086.0,55265.17,9116.99,1644858040,FLICK/ADA_0.3,0.0,0.0,0.0,899.0
0.094184,513346.0,48349.4,25682.2,1644858040,cNETA/ADA_0.3,0.00011600000000000499,-317.0,30.0,899.0
0.12941,343090.86,44399.68,2807.61,1644858040,MELD/ADA_1.0,0.0,0.0,0.0,899.0
0.012988,3373325.0,43815.98,5274.9,1644858040,CNFT/ADA_0.3,0.0,0.0,0.0,899.0
0.10925,307796.26,33626.89,6713.68,1644858040,REVU/ADA_0.3,0.0,0.0,0.0,899.0
44.621867,691.0,30833.71,7896.89,1644858040,unsi…en/ADA_1.0,0.0,0.0,0.0,899.0
0.00527,5593112.0,29476.5,3184.48,1644858040,BDOGE/ADA_1.0,0.0,0.0,0.0,899.0
0.00289,9912995.26,28649.37,17473.83,1644858040,DRIP/ADA_1.0,-2.9999999999999645e-06,-1680.460000000894,-43.22999999999956,899.0
0.00084,33712151.33,28331.8,308.67,1644858040,MONET/ADA_0.3,0.0,0.0,0.0,899.0
0.014632,1804411.0,26402.58,5756.39,1644858040,QUID/ADA_0.3,0.0,0.0,0.0,899.0
0.161645,153573.0,24824.37,2841.71,1644858040,SKULL/ADA_1.0,0.0,0.0,0.0,899.0
0.123004,174269.07,21435.85,0.0,1644858040,MINt/ADA_0.05,0.0,0.0,0.0,899.0
0.00075,27894910.0,20934.05,468.86,1644858040,RAG/ADA_1.0,0.0,13198.0,9.909999999999854,899.0
0.337089,57332.89,19326.31,7091.02,1644858040,MIN/ADA_0.05,0.0,0.0,0.0,899.0
25.703697,747.0,19200.66,4789.29,1644858040,XDIA…ND/ADA_1.0,0.0,0.0,0.0,899.0
0.015911,1151469.0,18321.55,231.85,1644858040,GOKEY/ADA_0.3,0.0,0.0,0.0,899.0
0.0,219106492457.0,17305.06,530.65,1644858040,HOSKY/ADA_0.05,0.0,0.0,0.0,899.0
0.039789,428146.0,17035.57,836.76,1644858040,cMETA/ADA_0.3,0.0,0.0,0.0,899.0
0.42,40243.0,16902.09,5357.12,1644858040,CDX/ADA_1.0,0.0,0.0,0.0,899.0
1e-06,12842228360.0,15750.49,5933.56,1644858040,MEOW/ADA_0.3,0.0,-64794115.0,79.30999999999949,899.0
2.188129,6546.0,14323.49,0.0,1644858040,DANA/ADA_0.3,0.0,0.0,0.0,899.0
0.287934,43236.25,12449.21,3177.48,1644858040,CARGO/ADA_0.3,-0.013279999999999959,965.3499999999985,-283.39000000000124,899.0
0.768512,14465.69,11117.07,0.0,1644858040,WMT/ADA_1.0,0.0,0.0,0.0,899.0
0.110195,97361.0,10728.76,0.0,1644858040,Card…rm/ADA_0.3,0.0,0.0,0.0,899.0
0.046783,201381.23,9421.38,68.34,1644858040,cbTHC/ADA_0.3,0.0,0.0,0.0,899.0
2.7e-05,327639371.0,9086.24,8087.12,1644858040,SHIBA/ADA_1.0,0.0,0.0,0.0,899.0
0.003002,2911245.76,8740.33,0.0,1644858040,DRIP/ADA_0.3,0.0,0.0,0.0,899.0
0.00117,7414282.0,8675.39,65.65,1644858040,FLANO/ADA_1.0,0.0,0.0,0.0,899.0
0.000184,43742479.0,8049.75,897.16,1644858040,FIRE/ADA_1.0,0.0,0.0,0.0,899.0
0.000148,53279790.0,7924.46,197.26,1644858040,KIDZ/ADA_0.3,0.0,-6704.0,1.0,35100.0
0.718873,25282524.6,18174932.05,1854807.68,1644858940,SUNDAE/ADA_0.3,0.00015100000000001224,-1298.3899999968708,2877.410000000149,899.0
100.550642,146145.37,14695011.01,1141733.33,1644858940,LQ/ADA_0.3,-0.007204999999999018,-34.420000000012806,-4514.7599999997765,899.0
0.815927,12723756.63,10381658.15,606525.66,1644858940,WMT/ADA_0.3,0.0007539999999999214,-5867.9399999994785,4800.0,899.0
0.129969,10057695.1,1307193.14,644875.52,1644858940,MELD/ADA_0.3,2.0999999999993246e-05,-374.98000000044703,162.0100000000093,899.0
0.100728,10703227.0,1078122.94,133742.78,1644858940,PAVIA/ADA_0.3,0.0,716.0,72.0999999998603,899.0
0.165721,6427862.0,1065235.09,57173.2,1644858940,XRAY/ADA_0.3,0.0,0.0,0.0,899.0
0.306995,2644423.0,811824.95,127625.44,1644858940,ADAX/ADA_0.3,3.0000000000030003e-05,-129.0,40.0,899.0
1.818412,399389.12,726254.17,74645.3,1644858940,AADA/ADA_0.3,-0.001751000000000058,193.1699999999837,-347.9299999999348,1799.0
1.50567,351062.99,528585.08,126780.47,1644858940,VYFI/ADA_0.3,0.0011380000000000834,-132.47999999998137,200.0,899.0
6.593695,50092.0,330291.41,126263.83,1644858940,MILK/ADA_0.3,0.13868400000000047,-534.0,3500.0,899.0
0.122224,1653185.19,202060.41,50533.07,1644858940,MINt/ADA_0.3,0.0,-464.29000000003725,-56.73999999999069,899.0
0.034377,5650478.72,194249.31,20981.41,1644858940,CLAP/ADA_0.3,-0.00012200000000000405,10000.0,-343.3500000000058,899.0
0.0,6827856481127.0,155137.79,3510.11,1644858940,CHRLZ/ADA_0.3,0.0,0.0,0.0,899.0
2.121369,68257.83,144800.11,32463.89,1644858940,DANA/ADA_0.05,0.0,0.0,0.0,899.0
0.812849,167152.87,135870.09,1900.95,1644858940,WMT/ADA_0.05,0.0,0.0,0.0,899.0
0.005417,21405193.0,115973.16,3771.56,1644858940,RAVE/ADA_1.0,0.0,0.0,0.0,899.0
3.4e-05,3167695459.3,107977.19,4242.85,1644858940,ASHIB/ADA_1.0,0.0,291655.16000032425,9.940000000002328,899.0
0.0,98741774020383.0,96524.21,1779.69,1644858940,BISON/ADA_0.3,0.0,0.0,0.0,899.0
0.03328,2693212.0,89630.37,11202.06,1644858940,FIRE/ADA_0.3,-0.00032300000000000384,13000.0,-433.43000000000757,899.0
0.0,935587658740.0,71164.47,38942.82,1644858940,HOSKY/ADA_0.3,0.0,-9015109127.0,74.05000000000291,899.0
0.32114,207233.03,66550.89,184521.81,1644858940,MIN/ADA_0.3,0.0,0.0,0.0,899.0
0.006101,9058086.0,55265.17,9116.99,1644858940,FLICK/ADA_0.3,0.0,0.0,0.0,899.0
0.09434,512923.0,48389.4,25722.32,1644858940,cNETA/ADA_0.3,0.00015599999999998948,-423.0,40.0,899.0
0.12941,343090.86,44399.68,2807.61,1644858940,MELD/ADA_1.0,0.0,0.0,0.0,899.0
0.012988,3373325.0,43815.98,5274.9,1644858940,CNFT/ADA_0.3,0.0,0.0,0.0,899.0
0.10925,307796.26,33626.89,6713.68,1644858940,REVU/ADA_0.3,0.0,0.0,0.0,899.0
44.621867,691.0,30833.71,7896.89,1644858940,unsi…en/ADA_1.0,0.0,0.0,0.0,899.0
0.003091,9586886.22,29634.06,18505.25,1644858940,DRIP/ADA_1.0,0.0002009999999999998,-326109.0399999991,984.6900000000023,899.0
0.00527,5593112.0,29476.5,3184.48,1644858940,BDOGE/ADA_1.0,0.0,0.0,0.0,899.0
0.00084,33712151.33,28331.8,308.67,1644858940,MONET/ADA_0.3,0.0,0.0,0.0,899.0
0.014632,1804411.0,26402.58,5756.39,1644858940,QUID/ADA_0.3,0.0,0.0,0.0,899.0
0.161645,153573.0,24824.37,2841.71,1644858940,SKULL/ADA_1.0,0.0,0.0,0.0,899.0
0.123004,174269.07,21435.85,0.0,1644858940,MINt/ADA_0.05,0.0,0.0,0.0,899.0
0.00075,27894910.0,20934.05,468.86,1644858940,RAG/ADA_1.0,0.0,0.0,0.0,899.0
0.337089,57332.89,19326.31,7091.02,1644858940,MIN/ADA_0.05,0.0,0.0,0.0,899.0
25.703697,747.0,19200.66,4789.29,1644858940,XDIA…ND/ADA_1.0,0.0,0.0,0.0,899.0
0.015911,1151469.0,18321.55,231.85,1644858940,GOKEY/ADA_0.3,0.0,0.0,0.0,899.0
0.0,219106492457.0,17305.06,530.65,1644858940,HOSKY/ADA_0.05,0.0,0.0,0.0,899.0
0.039789,428146.0,17035.57,836.76,1644858940,cMETA/ADA_0.3,0.0,0.0,0.0,899.0
0.42,40243.0,16902.09,5357.12,1644858940,CDX/ADA_1.0,0.0,0.0,0.0,899.0
1e-06,12842228360.0,15750.49,5933.56,1644858940,MEOW/ADA_0.3,0.0,0.0,0.0,899.0
2.188129,6546.0,14323.49,0.0,1644858940,DANA/ADA_0.3,0.0,0.0,0.0,899.0
0.287934,43236.25,12449.21,3177.48,1644858940,CARGO/ADA_0.3,0.0,0.0,0.0,899.0
0.768512,14465.69,11117.07,0.0,1644858940,WMT/ADA_1.0,0.0,0.0,0.0,899.0
0.110195,97361.0,10728.76,0.0,1644858940,Card…rm/ADA_0.3,0.0,0.0,0.0,899.0
0.046783,201381.23,9421.38,68.34,1644858940,cbTHC/ADA_0.3,0.0,0.0,0.0,899.0
2.7e-05,327639371.0,9086.24,8087.12,1644858940,SHIBA/ADA_1.0,0.0,0.0,0.0,899.0
0.003002,2911245.76,8740.33,0.0,1644858940,DRIP/ADA_0.3,0.0,0.0,0.0,899.0
0.00117,7414282.0,8675.39,65.65,1644858940,FLANO/ADA_1.0,0.0,0.0,0.0,899.0
0.000172,49540116.0,8524.46,799.06,1644858940,KIDZ/ADA_0.3,2.4000000000000014e-05,-3739674.0,599.9999999999991,899.0
0.718909,25282474.63,18175813.3,1855437.28,1644859841,SUNDAE/ADA_0.3,3.6000000000036e-05,-49.9700000025332,881.25,900.0
100.253252,146961.17,14733335.95,1155707.74,1644859841,LQ/ADA_0.3,-0.29738999999999294,815.8000000000175,38324.93999999948,900.0
0.815927,12723389.3,10381358.43,607755.93,1644859841,WMT/ADA_0.3,0.0,-367.3300000000745,-299.72000000067055,900.0
0.129644,10077012.92,1306428.38,646509.77,1644859841,MELD/ADA_0.3,-0.00032499999999999196,19317.820000000298,-764.7600000000093,900.0
0.100738,10702733.0,1078172.94,133792.93,1644859841,PAVIA/ADA_0.3,9.999999999996123e-06,-494.0,50.0,900.0
0.165783,6426663.0,1065434.49,57373.19,1644859841,XRAY/ADA_0.3,6.20000000000065e-05,-1199.0,199.39999999990687,900.0
0.306426,2646877.0,811074.54,128556.36,1644859841,ADAX/ADA_0.3,-0.0005690000000000417,2454.0,-750.4099999999162,900.0
1.818847,399341.43,726341.17,74732.56,1644859841,AADA/ADA_0.3,0.00043500000000018524,-47.69000000000233,87.0,900.0
1.508744,350705.71,529125.2,126986.4,1644859841,VYFI/ADA_0.3,0.003074000000000021,-357.27999999996973,540.1199999999953,900.0
6.61727,50003.0,330883.39,127057.19,1644859841,MILK/ADA_0.3,0.023575000000000124,-89.0,591.9800000000396,900.0
0.122224,1653185.19,202060.41,50533.07,1644859841,MINt/ADA_0.3,0.0,0.0,0.0,900.0
0.034377,5650478.72,194249.31,20981.41,1644859841,CLAP/ADA_0.3,0.0,0.0,0.0,900.0
0.0,6827856481127.0,155137.79,3510.11,1644859841,CHRLZ/ADA_0.3,0.0,0.0,0.0,900.0
2.121369,68257.83,144800.11,32463.89,1644859841,DANA/ADA_0.05,0.0,0.0,0.0,900.0
0.812849,167152.87,135870.09,1900.95,1644859841,WMT/ADA_0.05,0.0,0.0,0.0,900.0
0.005417,21405193.0,115973.16,3771.56,1644859841,RAVE/ADA_1.0,0.0,0.0,0.0,900.0
3.4e-05,3167695459.3,107977.19,4242.85,1644859841,ASHIB/ADA_1.0,0.0,0.0,0.0,900.0
0.0,98741774020383.0,96524.21,1779.69,1644859841,BISON/ADA_0.3,0.0,0.0,0.0,900.0
0.03328,2693212.0,89630.37,11202.06,1644859841,FIRE/ADA_0.3,0.0,0.0,0.0,900.0
0.0,936683405858.0,71081.47,39410.49,1644859841,HOSKY/ADA_0.3,0.0,1095747118.0,-83.0,900.0
0.32114,207233.03,66550.89,184521.81,1644859841,MIN/ADA_0.3,0.0,0.0,0.0,900.0
0.006101,9076739.0,55378.98,9116.99,1644859841,FLICK/ADA_0.3,0.0,18653.0,113.81000000000495,900.0
0.09434,512923.0,48389.4,25722.32,1644859841,cNETA/ADA_0.3,0.0,0.0,0.0,900.0
0.12941,343090.86,44399.68,2807.61,1644859841,MELD/ADA_1.0,0.0,0.0,0.0,900.0
0.012988,3373325.0,43815.98,5274.9,1644859841,CNFT/ADA_0.3,0.0,0.0,0.0,900.0
0.10925,307796.26,33626.89,6713.68,1644859841,REVU/ADA_0.3,0.0,0.0,0.0,900.0
45.340796,686.0,31103.78,8169.67,1644859841,unsi…en/ADA_1.0,0.7189289999999957,-5.0,270.0699999999997,900.0
0.003085,9595156.05,29608.78,18524.42,1644859841,DRIP/ADA_1.0,-5.999999999999929e-06,8269.830000000075,-25.280000000002474,900.0
0.00527,5593112.0,29476.5,3184.48,1644859841,BDOGE/ADA_1.0,0.0,0.0,0.0,900.0
0.00084,33712151.33,28331.8,308.67,1644859841,MONET/ADA_0.3,0.0,0.0,0.0,900.0
0.014632,1804411.0,26402.58,5756.39,1644859841,QUID/ADA_0.3,0.0,0.0,0.0,900.0
0.161645,153573.0,24824.37,2841.71,1644859841,SKULL/ADA_1.0,0.0,0.0,0.0,900.0
0.123004,174269.07,21435.85,0.0,1644859841,MINt/ADA_0.05,0.0,0.0,0.0,900.0
0.00075,27894910.0,20934.05,468.86,1644859841,RAG/ADA_1.0,0.0,0.0,0.0,900.0
0.337089,57332.89,19326.31,7091.02,1644859841,MIN/ADA_0.05,0.0,0.0,0.0,900.0
25.703697,747.0,19200.66,4789.29,1644859841,XDIA…ND/ADA_1.0,0.0,0.0,0.0,900.0
0.015911,1151469.0,18321.55,231.85,1644859841,GOKEY/ADA_0.3,0.0,0.0,0.0,900.0
0.0,219106492457.0,17305.06,530.65,1644859841,HOSKY/ADA_0.05,0.0,0.0,0.0,900.0
0.039789,428146.0,17035.57,836.76,1644859841,cMETA/ADA_0.3,0.0,0.0,0.0,900.0
0.42,40243.0,16902.09,5357.12,1644859841,CDX/ADA_1.0,0.0,0.0,0.0,900.0
1e-06,12842228360.0,15750.49,5933.56,1644859841,MEOW/ADA_0.3,0.0,0.0,0.0,900.0
2.188129,6546.0,14323.49,0.0,1644859841,DANA/ADA_0.3,0.0,0.0,0.0,900.0
0.287934,43236.25,12449.21,3177.48,1644859841,CARGO/ADA_0.3,0.0,0.0,0.0,900.0
0.768512,14465.69,11117.07,0.0,1644859841,WMT/ADA_1.0,0.0,0.0,0.0,900.0
0.110195,97361.0,10728.76,0.0,1644859841,Card…rm/ADA_0.3,0.0,0.0,0.0,900.0
0.046783,201381.23,9421.38,68.34,1644859841,cbTHC/ADA_0.3,0.0,0.0,0.0,900.0
2.6e-05,337639371.0,8819.74,8353.62,1644859841,SHIBA/ADA_1.0,-1.0000000000000006e-06,10000000.0,-266.5,900.0
0.003002,2911245.76,8740.33,0.0,1644859841,DRIP/ADA_0.3,0.0,0.0,0.0,900.0
0.00117,7414282.0,8675.39,65.65,1644859841,FLANO/ADA_1.0,0.0,0.0,0.0,900.0
0.000172,49540116.0,8524.46,799.06,1644859841,KIDZ/ADA_0.3,0.0,0.0,0.0,900.0
0.719003,25284660.7,18179759.82,1856630.14,1644860740,SUNDAE/ADA_0.3,9.399999999992747e-05,2186.070000000298,3946.519999999553,899.0
100.216453,147008.29,14732649.89,1161661.18,1644860740,LQ/ADA_0.3,-0.036799000000002025,47.11999999999534,-686.0599999986589,899.0
0.815968,12729403.18,10386794.54,608021.72,1644860740,WMT/ADA_0.3,4.100000000006876e-05,6013.879999998957,5436.109999999404,899.0
0.129755,10073032.99,1307030.51,647071.45,1644860740,MELD/ADA_0.3,0.00011099999999999999,-3979.929999999702,602.1300000001211,899.0
0.100372,10722265.0,1076215.95,136116.42,1644860740,PAVIA/ADA_0.3,-0.00036599999999999133,19532.0,-1956.9899999999907,899.0
0.161913,6503136.0,1052942.77,69865.25,1644860740,XRAY/ADA_0.3,-0.0038700000000000123,76473.0,-12491.719999999972,899.0
0.30629,2647468.0,810894.02,128736.88,1644860740,ADAX/ADA_0.3,-0.00013599999999996948,591.0,-180.52000000001863,899.0
1.818392,399391.43,726250.51,74823.22,1644860740,AADA/ADA_0.3,-0.0004550000000000942,50.0,-90.6600000000326,899.0
1.508744,350705.71,529125.2,126986.4,1644860740,VYFI/ADA_0.3,0.0,0.0,0.0,899.0
6.370323,50965.0,324663.53,133476.05,1644860740,MILK/ADA_0.3,-0.24694700000000047,962.0,-6219.859999999986,899.0
0.122218,1647935.53,201408.24,50538.32,1644860740,MINt/ADA_0.3,-6.0000000000060005e-06,-5249.659999999916,-652.1700000000128,899.0
0.034377,5650478.72,194249.31,20981.41,1644860740,CLAP/ADA_0.3,0.0,0.0,0.0,899.0
0.0,6827856481127.0,155137.79,3510.11,1644860740,CHRLZ/ADA_0.3,0.0,0.0,0.0,899.0
2.109577,68448.39,144397.19,32866.81,1644860740,DANA/ADA_0.05,-0.011792000000000247,190.55999999999767,-402.9199999999837,899.0
0.812849,167289.87,135981.45,1900.95,1644860740,WMT/ADA_0.05,0.0,137.0,111.36000000001513,899.0
0.005417,21405193.0,115973.16,3771.56,1644860740,RAVE/ADA_1.0,0.0,0.0,0.0,899.0
3.4e-05,3167695459.3,107977.19,4242.85,1644860740,ASHIB/ADA_1.0,0.0,0.0,0.0,899.0
0.0,98441771278528.0,96819.25,2075.62,1644860740,BISON/ADA_0.3,0.0,-300002741855.0,295.0399999999936,899.0
0.03328,2693212.0,89630.37,11202.06,1644860740,FIRE/ADA_0.3,0.0,0.0,0.0,899.0
0.0,935371439105.0,71181.47,39510.79,1644860740,HOSKY/ADA_0.3,0.0,-1311966753.0,100.0,899.0
0.32114,207233.03,66550.89,184521.81,1644860740,MIN/ADA_0.3,0.0,0.0,0.0,899.0
0.006101,9076739.0,55378.98,9116.99,1644860740,FLICK/ADA_0.3,0.0,0.0,0.0,899.0
0.09434,512923.0,48389.4,25722.32,1644860740,cNETA/ADA_0.3,0.0,0.0,0.0,899.0
0.12941,343090.86,44399.68,2807.61,1644860740,MELD/ADA_1.0,0.0,0.0,0.0,899.0
0.012988,3373325.0,43815.98,5274.9,1644860740,CNFT/ADA_0.3,0.0,0.0,0.0,899.0
0.10925,307796.26,33626.89,6713.68,1644860740,REVU/ADA_0.3,0.0,0.0,0.0,899.0
45.340796,686.0,31103.78,8169.67,1644860740,unsi…en/ADA_1.0,0.0,0.0,0.0,899.0
0.003085,9595156.05,29608.78,18524.42,1644860740,DRIP/ADA_1.0,0.0,0.0,0.0,899.0
0.00527,5549122.0,29244.66,3184.48,1644860740,BDOGE/ADA_1.0,0.0,-43990.0,-231.84000000000015,899.0
0.00084,33712151.33,28331.8,308.67,1644860740,MONET/ADA_0.3,0.0,0.0,0.0,899.0
0.014632,1804411.0,26402.58,5756.39,1644860740,QUID/ADA_0.3,0.0,0.0,0.0,899.0
0.161645,153573.0,24824.37,2841.71,1644860740,SKULL/ADA_1.0,0.0,0.0,0.0,899.0
0.123004,174269.07,21435.85,0.0,1644860740,MINt/ADA_0.05,0.0,0.0,0.0,899.0
0.00075,27894910.0,20934.05,468.86,1644860740,RAG/ADA_1.0,0.0,0.0,0.0,899.0
0.337089,57332.89,19326.31,7091.02,1644860740,MIN/ADA_0.05,0.0,0.0,0.0,899.0
25.703697,747.0,19200.66,4789.29,1644860740,XDIA…ND/ADA_1.0,0.0,0.0,0.0,899.0
0.015911,1151469.0,18321.55,231.85,1644860740,GOKEY/ADA_0.3,0.0,0.0,0.0,899.0
0.0,219106492457.0,17305.06,530.65,1644860740,HOSKY/ADA_0.05,0.0,0.0,0.0,899.0
0.039789,428146.0,17035.57,836.76,1644860740,cMETA/ADA_0.3,0.0,0.0,0.0,899.0
0.42,40243.0,16902.09,5357.12,1644860740,CDX/ADA_1.0,0.0,0.0,0.0,899.0
1e-06,12842228360.0,15750.49,5933.56,1644860740,MEOW/ADA_0.3,0.0,0.0,0.0,899.0
2.188129,6546.0,14323.49,0.0,1644860740,DANA/ADA_0.3,0.0,0.0,0.0,899.0
0.287934,43017.69,12386.27,3177.48,1644860740,CARGO/ADA_0.3,0.0,-218.55999999999767,-62.93999999999869,899.0
0.768512,14465.69,11117.07,0.0,1644860740,WMT/ADA_1.0,0.0,0.0,0.0,899.0
0.110195,97361.0,10728.76,0.0,1644860740,Card…rm/ADA_0.3,0.0,0.0,0.0,899.0
0.046783,201381.23,9421.38,68.34,1644860740,cbTHC/ADA_0.3,0.0,0.0,0.0,899.0
2.6e-05,337639371.0,8819.74,8353.62,1644860740,SHIBA/ADA_1.0,0.0,0.0,0.0,899.0
0.003002,2911245.76,8740.33,0.0,1644860740,DRIP/ADA_0.3,0.0,0.0,0.0,899.0
0.00018,48407785.0,8724.46,999.66,1644860740,KIDZ/ADA_0.3,8.000000000000005e-06,-1132331.0,200.0,899.0
0.001174,7401613.0,8690.39,80.8,1644860740,FLANO/ADA_1.0,3.99999999999988e-06,-12669.0,15.0,899.0
0.719043,25284383.86,18180559.28,1857131.64,1644861641,SUNDAE/ADA_0.3,4.0000000000040004e-05,-276.839999999851,799.4600000008941,900.0
100.200246,147020.21,14731461.26,1163470.74,1644861641,LQ/ADA_0.3,-0.01620699999999431,11.919999999983702,-1188.6300000008196,900.0
0.819176,12708898.75,10410825.55,628508.0,1644861641,WMT/ADA_0.3,0.0032079999999999886,-20504.429999999702,24031.01000000164,900.0
0.129735,10073818.7,1306929.68,648921.48,1644861641,MELD/ADA_0.3,-2.0000000000020002e-05,785.7099999990314,-100.8300000000745,900.0
0.100481,10716452.0,1076802.93,137248.22,1644861641,PAVIA/ADA_0.3,0.00010899999999999799,-5813.0,586.9799999999814,900.0
0.161664,6509636.0,1052379.12,70671.76,1644861641,XRAY/ADA_0.3,-0.0002489999999999992,6500.0,-563.6499999999069,900.0
0.305138,2652468.0,809370.03,130260.87,1644861641,ADAX/ADA_0.3,-0.0011519999999999864,5000.0,-1523.9899999999907,900.0
1.818392,399391.43,726250.51,74823.22,1644861641,AADA/ADA_0.3,0.0,0.0,0.0,900.0
1.508744,350705.71,529125.2,126986.4,1644861641,VYFI/ADA_0.3,0.0,0.0,0.0,900.0
6.476918,50545.0,327375.85,136196.51,1644861641,MILK/ADA_0.3,0.10659500000000044,-420.0,2712.319999999949,900.0
0.122218,1647935.53,201408.24,50538.32,1644861641,MINt/ADA_0.3,0.0,0.0,0.0,900.0
0.034414,5647464.17,194353.31,21085.72,1644861641,CLAP/ADA_0.3,3.700000000000231e-05,-3014.5499999998137,104.0,900.0
0.0,6827856481127.0,155137.79,3510.11,1644861641,CHRLZ/ADA_0.3,0.0,0.0,0.0,900.0
2.122032,68247.28,144822.92,33292.76,1644861641,DANA/ADA_0.05,0.012455000000000105,-201.11000000000058,425.7300000000105,900.0
0.812849,167289.87,135981.45,1900.95,1644861641,WMT/ADA_0.05,0.0,0.0,0.0,900.0
0.005417,21405193.0,115973.16,3771.56,1644861641,RAVE/ADA_1.0,0.0,0.0,0.0,900.0
3.4e-05,3167695459.3,107977.19,4242.85,1644861641,ASHIB/ADA_1.0,0.0,0.0,0.0,900.0
0.0,98441771278528.0,96819.25,2075.62,1644861641,BISON/ADA_0.3,0.0,0.0,0.0,900.0
0.033157,2698212.0,89464.77,11367.65,1644861641,FIRE/ADA_0.3,-0.0001229999999999981,5000.0,-165.59999999999127,900.0
0.0,935371439105.0,71181.47,39510.79,1644861641,HOSKY/ADA_0.3,0.0,0.0,0.0,900.0
0.32114,207233.03,66550.89,184352.99,1644861641,MIN/ADA_0.3,0.0,0.0,0.0,900.0
0.006101,9076739.0,55378.98,7238.56,1644861641,FLICK/ADA_0.3,0.0,0.0,0.0,900.0
0.094668,512034.0,48473.73,25706.6,1644861641,cNETA/ADA_0.3,0.00032800000000000884,-889.0,84.33000000000175,900.0
0.12941,343090.86,44399.68,2807.61,1644861641,MELD/ADA_1.0,0.0,0.0,0.0,900.0
0.012988,3373325.0,43815.98,5274.9,1644861641,CNFT/ADA_0.3,0.0,0.0,0.0,900.0
0.10925,307796.26,33626.89,6697.64,1644861641,REVU/ADA_0.3,0.0,0.0,0.0,900.0
45.340796,686.0,31103.78,5957.0,1644861641,unsi…en/ADA_1.0,0.0,0.0,0.0,900.0
0.003085,9597156.05,29614.95,18122.19,1644861641,DRIP/ADA_1.0,0.0,2000.0,6.170000000001892,900.0
0.00527,5549122.0,29244.66,3184.48,1644861641,BDOGE/ADA_1.0,0.0,0.0,0.0,900.0
0.00084,33712151.33,28331.8,308.67,1644861641,MONET/ADA_0.3,0.0,0.0,0.0,900.0
0.014632,1804411.0,26402.58,5756.39,1644861641,QUID/ADA_0.3,0.0,0.0,0.0,900.0
0.161645,153573.0,24824.37,2841.71,1644861641,SKULL/ADA_1.0,0.0,0.0,0.0,900.0
0.123004,174269.07,21435.85,0.0,1644861641,MINt/ADA_0.05,0.0,0.0,0.0,900.0
0.00075,27894910.0,20934.05,468.86,1644861641,RAG/ADA_1.0,0.0,0.0,0.0,900.0
0.337089,57332.89,19326.31,5868.41,1644861641,MIN/ADA_0.05,0.0,0.0,0.0,900.0
25.703697,747.0,19200.66,4789.29,1644861641,XDIA…ND/ADA_1.0,0.0,0.0,0.0,900.0
0.015911,1151469.0,18321.55,231.85,1644861641,GOKEY/ADA_0.3,0.0,0.0,0.0,900.0
0.0,219106492457.0,17305.06,530.65,1644861641,HOSKY/ADA_0.05,0.0,0.0,0.0,900.0
0.039789,428146.0,17035.57,836.76,1644861641,cMETA/ADA_0.3,0.0,0.0,0.0,900.0
0.42,40243.0,16902.09,5357.12,1644861641,CDX/ADA_1.0,0.0,0.0,0.0,900.0
1e-06,12842228360.0,15750.49,3497.52,1644861641,MEOW/ADA_0.3,0.0,0.0,0.0,900.0
2.188129,6546.0,14323.49,0.0,1644861641,DANA/ADA_0.3,0.0,0.0,0.0,900.0
0.287934,43017.69,12386.27,3407.43,1644861641,CARGO/ADA_0.3,0.0,0.0,0.0,900.0
0.768512,14465.69,11117.07,0.0,1644861641,WMT/ADA_1.0,0.0,0.0,0.0,900.0
0.110195,97361.0,10728.76,0.0,1644861641,Card…rm/ADA_0.3,0.0,0.0,0.0,900.0
0.046783,201381.23,9421.38,68.34,1644861641,cbTHC/ADA_0.3,0.0,0.0,0.0,900.0
2.6e-05,337639371.0,8819.74,8125.79,1644861641,SHIBA/ADA_1.0,0.0,0.0,0.0,900.0
0.003002,2911245.76,8740.33,0.0,1644861641,DRIP/ADA_0.3,0.0,0.0,0.0,900.0
0.00018,48407785.0,8724.46,999.66,1644861641,KIDZ/ADA_0.3,0.0,0.0,0.0,900.0
0.001174,7401613.0,8690.39,80.8,1644861641,FLANO/ADA_1.0,0.0,0.0,0.0,900.0
0.719113,25283700.11,18181856.93,1852292.26,1644862541,SUNDAE/ADA_0.3,7.00000000000145e-05,-683.75,1297.6499999985099,900.0
100.744309,146625.71,14771706.19,1176857.82,1644862541,LQ/ADA_0.3,0.5440629999999942,-394.5,40244.9299999997,900.0
0.819355,12709385.39,10413498.83,625377.29,1644862541,WMT/ADA_0.3,0.00017900000000004024,486.64000000059605,2673.2799999993294,900.0
0.128949,10093132.21,1301503.64,512544.2,1644862541,MELD/ADA_0.3,-0.0007859999999999812,19313.51000000164,-5426.040000000037,900.0
0.100497,10714578.0,1076784.0,128933.92,1644862541,PAVIA/ADA_0.3,1.6000000000002124e-05,-1874.0,-18.929999999934807,900.0
0.161664,6509084.0,1052289.77,70650.7,1644862541,XRAY/ADA_0.3,0.0,-552.0,-89.35000000009313,900.0
0.305138,2651014.0,808926.28,113819.8,1644862541,ADAX/ADA_0.3,0.0,-1454.0,-443.75,900.0
1.818392,399391.43,726250.51,73186.23,1644862541,AADA/ADA_0.3,0.0,0.0,0.0,900.0
1.509175,350655.71,529200.87,116584.67,1644862541,VYFI/ADA_0.3,0.00043099999999984817,-50.0,75.67000000004191,900.0
6.82275,49261.0,336095.53,145329.69,1644862541,MILK/ADA_0.3,0.3458319999999997,-1284.0,8719.680000000051,900.0
0.122218,1647935.53,201408.24,48135.95,1644862541,MINt/ADA_0.3,0.0,0.0,0.0,900.0
0.033771,5701075.14,192531.11,21421.14,1644862541,CLAP/ADA_0.3,-0.0006429999999999977,53610.96999999974,-1822.2000000000116,900.0
0.0,6827856481127.0,155137.79,1210.56,1644862541,CHRLZ/ADA_0.3,0.0,0.0,0.0,900.0
2.122032,68247.28,144822.92,33276.95,1644862541,DANA/ADA_0.05,0.0,0.0,0.0,900.0
0.812849,167289.87,135981.45,1900.95,1644862541,WMT/ADA_0.05,0.0,0.0,0.0,900.0
0.005428,21385113.0,116083.16,3882.66,1644862541,RAVE/ADA_1.0,1.0999999999999725e-05,-20080.0,110.0,900.0
3.4e-05,3167695459.3,107977.19,4242.72,1644862541,ASHIB/ADA_1.0,0.0,0.0,0.0,900.0
0.0,98441771278528.0,96819.25,1975.32,1644862541,BISON/ADA_0.3,0.0,0.0,0.0,900.0
0.032913,2708212.0,89135.41,11229.32,1644862541,FIRE/ADA_0.3,-0.00024400000000000116,10000.0,-329.3600000000006,900.0
0.0,927976207487.0,71750.62,39555.48,1644862541,HOSKY/ADA_0.3,0.0,-7395231618.0,569.1499999999942,900.0
0.32114,207233.03,66550.89,184352.99,1644862541,MIN/ADA_0.3,0.0,0.0,0.0,900.0
0.006101,9076739.0,55378.98,7238.56,1644862541,FLICK/ADA_0.3,0.0,0.0,0.0,900.0
0.094668,512034.0,48473.73,25706.6,1644862541,cNETA/ADA_0.3,0.0,0.0,0.0,900.0
0.12941,343090.86,44399.68,2807.61,1644862541,MELD/ADA_1.0,0.0,0.0,0.0,900.0
0.012988,3373325.0,43815.98,5274.9,1644862541,CNFT/ADA_0.3,0.0,0.0,0.0,900.0
0.10925,307796.26,33626.89,6697.64,1644862541,REVU/ADA_0.3,0.0,0.0,0.0,900.0
45.340796,687.0,31149.12,5957.0,1644862541,unsi…en/ADA_1.0,0.0,1.0,45.340000000000146,900.0
0.003084,9599156.05,29608.84,18128.29,1644862541,DRIP/ADA_1.0,-1.0000000000001327e-06,2000.0,-6.110000000000582,900.0
0.00527,5549122.0,29244.66,3184.48,1644862541,BDOGE/ADA_1.0,0.0,0.0,0.0,900.0
0.00084,33712151.33,28331.8,308.67,1644862541,MONET/ADA_0.3,0.0,0.0,0.0,900.0
0.01452,1812861.0,26322.84,5957.73,1644862541,QUID/ADA_0.3,-0.00011199999999999925,8450.0,-79.7400000000016,900.0
0.161645,153573.0,24824.37,2841.71,1644862541,SKULL/ADA_1.0,0.0,0.0,0.0,900.0
0.123004,174269.07,21435.85,0.0,1644862541,MINt/ADA_0.05,0.0,0.0,0.0,900.0
0.00075,27894910.0,20934.05,468.86,1644862541,RAG/ADA_1.0,0.0,0.0,0.0,900.0
0.337089,57332.89,19326.31,5868.41,1644862541,MIN/ADA_0.05,0.0,0.0,0.0,900.0
25.703697,747.0,19200.66,4789.29,1644862541,XDIA…ND/ADA_1.0,0.0,0.0,0.0,900.0
0.015911,1151469.0,18321.55,231.85,1644862541,GOKEY/ADA_0.3,0.0,0.0,0.0,900.0
0.0,219106492457.0,17305.06,530.65,1644862541,HOSKY/ADA_0.05,0.0,0.0,0.0,900.0
0.039789,428146.0,17035.57,836.76,1644862541,cMETA/ADA_0.3,0.0,0.0,0.0,900.0
0.42,40243.0,16902.09,5357.12,1644862541,CDX/ADA_1.0,0.0,0.0,0.0,900.0
1e-06,12842228360.0,15750.49,3497.52,1644862541,MEOW/ADA_0.3,0.0,0.0,0.0,900.0
2.188129,6546.0,14323.49,0.0,1644862541,DANA/ADA_0.3,0.0,0.0,0.0,900.0
0.298675,42238.24,12615.53,3407.43,1644862541,CARGO/ADA_0.3,0.010741,-779.4500000000044,229.26000000000022,900.0
0.768512,14465.69,11117.07,0.0,1644862541,WMT/ADA_1.0,0.0,0.0,0.0,900.0
0.000282,38682653.0,10924.46,3206.26,1644862541,KIDZ/ADA_0.3,0.00010200000000000001,-9725132.0,2200.0,900.0
0.110195,97361.0,10728.76,0.0,1644862541,Card…rm/ADA_0.3,0.0,0.0,0.0,900.0
0.046783,201381.23,9421.38,68.34,1644862541,cbTHC/ADA_0.3,0.0,0.0,0.0,900.0
0.003002,2911245.76,8740.33,0.0,1644862541,DRIP/ADA_0.3,0.0,0.0,0.0,900.0
0.001174,7401613.0,8690.39,80.8,1644862541,FLANO/ADA_1.0,0.0,0.0,0.0,900.0
2.4e-05,345642605.0,8618.5,8427.53,1644862541,SHIBA/ADA_1.0,-1.999999999999998e-06,8003234.0,-201.23999999999978,900.0
0.71912,25379161.06,18250687.39,1852600.4,1644863441,SUNDAE/ADA_0.3,6.999999999979245e-06,95460.94999999925,68830.4600000009,899.0
100.458271,146834.68,14750758.6,1201887.69,1644863441,LQ/ADA_0.3,-0.2860380000000049,208.97000000000116,-20947.58999999985,899.0
0.819343,12733940.41,10433474.5,625469.01,1644863441,WMT/ADA_0.3,-1.2000000000012001e-05,24555.019999999553,19975.669999999925,899.0
0.128997,10091267.84,1301746.36,513302.97,1644863441,MELD/ADA_0.3,4.799999999999249e-05,-1864.370000001043,242.7200000002049,899.0
0.100428,10720433.0,1076636.35,129603.21,1644863441,PAVIA/ADA_0.3,-6.899999999999962e-05,5855.0,-147.64999999990687,899.0
0.161664,6509084.0,1052289.77,70650.7,1644863441,XRAY/ADA_0.3,0.0,0.0,0.0,899.0
0.305367,2650021.0,809230.76,114125.19,1644863441,ADAX/ADA_0.3,0.00022899999999997922,-993.0,304.4799999999814,899.0
1.818392,399391.43,726250.51,73186.23,1644863441,AADA/ADA_0.3,0.0,0.0,0.0,899.0
1.485769,353411.02,525087.33,120698.21,1644863441,VYFI/ADA_0.3,-0.023406000000000038,2755.3099999999977,-4113.540000000037,899.0
6.794351,49364.0,335396.35,146028.86,1644863441,MILK/ADA_0.3,-0.028399000000000285,103.0,-699.1800000000512,899.0
0.122218,1647935.53,201408.24,48135.95,1644863441,MINt/ADA_0.3,0.0,0.0,0.0,899.0
0.033771,5701075.14,192531.11,21421.14,1644863441,CLAP/ADA_0.3,0.0,0.0,0.0,899.0
0.0,6827856481127.0,155137.79,1210.56,1644863441,CHRLZ/ADA_0.3,0.0,0.0,0.0,899.0
2.122032,68247.28,144822.92,33276.95,1644863441,DANA/ADA_0.05,0.0,0.0,0.0,899.0
0.812849,167289.87,135981.45,1900.95,1644863441,WMT/ADA_0.05,0.0,0.0,0.0,899.0
0.005428,21385113.0,116083.16,3882.66,1644863441,RAVE/ADA_1.0,0.0,0.0,0.0,899.0
3.4e-05,3167695459.3,107977.19,4242.72,1644863441,ASHIB/ADA_1.0,0.0,0.0,0.0,899.0
0.0,98454227169446.0,96831.5,1975.32,1644863441,BISON/ADA_0.3,0.0,12455890918.0,12.25,899.0
0.032913,2708212.0,89135.41,11229.32,1644863441,FIRE/ADA_0.3,0.0,0.0,0.0,899.0
0.0,929976207487.0,71596.78,39786.0,1644863441,HOSKY/ADA_0.3,0.0,2000000000.0,-153.8399999999965,899.0
0.32114,207233.03,66550.89,184352.99,1644863441,MIN/ADA_0.3,0.0,0.0,0.0,899.0
0.006101,9076739.0,55378.98,7238.56,1644863441,FLICK/ADA_0.3,0.0,0.0,0.0,899.0
0.094668,512034.0,48473.73,25706.6,1644863441,cNETA/ADA_0.3,0.0,0.0,0.0,899.0
0.12941,343090.86,44399.68,2807.61,1644863441,MELD/ADA_1.0,0.0,0.0,0.0,899.0
0.012988,3373325.0,43815.98,5274.9,1644863441,CNFT/ADA_0.3,0.0,0.0,0.0,899.0
0.10925,307796.26,33626.89,6697.64,1644863441,REVU/ADA_0.3,0.0,0.0,0.0,899.0
0.00527,5929122.0,31247.32,3184.48,1644863441,BDOGE/ADA_1.0,0.0,380000.0,2002.6599999999999,899.0
45.340796,687.0,31149.12,5957.0,1644863441,unsi…en/ADA_1.0,0.0,0.0,0.0,899.0
0.003181,9451959.14,30075.29,18666.85,1644863441,DRIP/ADA_1.0,9.699999999999986e-05,-147196.91000000015,466.4500000000007,899.0
0.00084,33712151.33,28331.8,308.67,1644863441,MONET/ADA_0.3,0.0,0.0,0.0,899.0
0.01452,1812861.0,26322.84,5957.73,1644863441,QUID/ADA_0.3,0.0,0.0,0.0,899.0
0.161645,153573.0,24824.37,2841.71,1644863441,SKULL/ADA_1.0,0.0,0.0,0.0,899.0
0.123004,174269.07,21435.85,0.0,1644863441,MINt/ADA_0.05,0.0,0.0,0.0,899.0
0.00075,27894910.0,20934.05,468.86,1644863441,RAG/ADA_1.0,0.0,0.0,0.0,899.0
0.337089,57332.89,19326.31,5868.41,1644863441,MIN/ADA_0.05,0.0,0.0,0.0,899.0
25.703697,747.0,19200.66,4789.29,1644863441,XDIA…ND/ADA_1.0,0.0,0.0,0.0,899.0
0.01679,1120970.0,18821.55,733.35,1644863441,GOKEY/ADA_0.3,0.0008789999999999978,-30499.0,500.0,899.0
0.0,219106492457.0,17305.06,530.65,1644863441,HOSKY/ADA_0.05,0.0,0.0,0.0,899.0
0.039789,428146.0,17035.57,836.76,1644863441,cMETA/ADA_0.3,0.0,0.0,0.0,899.0
0.42,40243.0,16902.09,5357.12,1644863441,CDX/ADA_1.0,0.0,0.0,0.0,899.0
1e-06,12842228360.0,15750.49,3497.52,1644863441,MEOW/ADA_0.3,0.0,0.0,0.0,899.0
2.188129,6546.0,14323.49,0.0,1644863441,DANA/ADA_0.3,0.0,0.0,0.0,899.0
0.298675,42238.24,12615.53,3407.43,1644863441,CARGO/ADA_0.3,0.0,0.0,0.0,899.0
0.768512,14465.69,11117.07,0.0,1644863441,WMT/ADA_1.0,0.0,0.0,0.0,899.0
0.000282,38682653.0,10924.46,3206.26,1644863441,KIDZ/ADA_0.3,0.0,0.0,0.0,899.0
0.110195,97361.0,10728.76,0.0,1644863441,Card…rm/ADA_0.3,0.0,0.0,0.0,899.0
0.046783,201381.23,9421.38,68.34,1644863441,cbTHC/ADA_0.3,0.0,0.0,0.0,899.0
0.003002,2911245.76,8740.33,0.0,1644863441,DRIP/ADA_0.3,0.0,0.0,0.0,899.0
2.5e-05,345511750.0,8722.37,8482.07,1644863441,SHIBA/ADA_1.0,1.0000000000000006e-06,-130855.0,103.8700000000008,899.0
0.001174,7401613.0,8690.39,80.8,1644863441,FLANO/ADA_1.0,0.0,0.0,0.0,899.0
0.719783,25369768.59,18260739.21,1861043.14,1644864340,SUNDAE/ADA_0.3,0.0006629999999999692,-9392.469999998808,10051.820000000298,899.0
101.108402,146791.33,14841837.19,1251967.27,1644864340,LQ/ADA_0.3,0.6501310000000018,-43.35000000000582,91078.58999999985,899.0
0.821284,12721293.37,10447798.69,643372.18,1644864340,WMT/ADA_0.3,0.0019409999999999705,-12647.040000000969,14324.189999999478,899.0
0.129466,10072982.31,1304116.55,515680.26,1644864340,MELD/ADA_0.3,0.0004689999999999972,-18285.52999999933,2370.189999999944,899.0
0.102704,10601153.0,1088787.93,142144.68,1644864340,PAVIA/ADA_0.3,0.0022760000000000002,-119280.0,12151.579999999842,899.0
0.16164,6509584.0,1052209.18,70731.29,1644864340,XRAY/ADA_0.3,-2.3999999999996247e-05,500.0,-80.59000000008382,899.0
0.306852,2643612.0,811199.46,116099.8,1644864340,ADAX/ADA_0.3,0.001485000000000014,-6409.0,1968.6999999999534,899.0
1.823056,398880.98,727182.68,74121.2,1644864340,AADA/ADA_0.3,0.0046640000000000015,-510.45000000001164,932.1700000000419,899.0
1.496081,352192.73,526909.16,122525.51,1644864340,VYFI/ADA_0.3,0.010312000000000099,-1218.2900000000373,1821.8300000000745,899.0
6.724258,49621.0,333664.43,147760.78,1644864340,MILK/ADA_0.3,-0.07009299999999996,257.0,-1731.9199999999837,899.0
0.122516,1645935.53,201653.71,48382.16,1644864340,MINt/ADA_0.3,0.0002980000000000066,-2000.0,245.47000000000116,899.0
0.033771,5701075.14,192531.11,21421.14,1644864340,CLAP/ADA_0.3,0.0,0.0,0.0,899.0
0.0,6827856481127.0,155137.79,1210.56,1644864340,CHRLZ/ADA_0.3,0.0,0.0,0.0,899.0
2.041852,69524.43,141958.62,36038.65,1644864340,DANA/ADA_0.05,-0.08017999999999992,1277.1499999999942,-2864.3000000000175,899.0
0.812849,168289.87,136794.3,1900.95,1644864340,WMT/ADA_0.05,0.0,1000.0,812.8499999999767,899.0
0.005428,21384717.0,116085.51,3902.36,1644864340,RAVE/ADA_1.0,0.0,-396.0,2.349999999991269,899.0
3.4e-05,3167695459.3,107977.19,4242.72,1644864340,ASHIB/ADA_1.0,0.0,0.0,0.0,899.0
0.0,98454227169446.0,96831.5,1975.32,1644864340,BISON/ADA_0.3,0.0,0.0,0.0,899.0
0.032986,2705187.0,89235.41,11329.62,1644864340,FIRE/ADA_0.3,7.300000000000362e-05,-3025.0,100.0,899.0
0.0,930501457306.0,71556.7,39822.71,1644864340,HOSKY/ADA_0.3,0.0,525249819.0,-40.080000000001746,899.0
0.306208,212233.03,64987.61,185916.27,1644864340,MIN/ADA_0.3,-0.014932,5000.0,-1563.2799999999988,899.0
0.006101,9076739.0,55378.98,7238.56,1644864340,FLICK/ADA_0.3,0.0,0.0,0.0,899.0
0.094668,512034.0,48473.73,25706.6,1644864340,cNETA/ADA_0.3,0.0,0.0,0.0,899.0
0.12941,343090.86,44399.68,2807.61,1644864340,MELD/ADA_1.0,0.0,0.0,0.0,899.0
0.012988,3373325.0,43815.98,5274.9,1644864340,CNFT/ADA_0.3,0.0,0.0,0.0,899.0
0.10925,307796.26,33626.89,6697.64,1644864340,REVU/ADA_0.3,0.0,0.0,0.0,899.0
0.00527,5957963.0,31399.31,3184.48,1644864340,BDOGE/ADA_1.0,0.0,28841.0,151.9900000000016,899.0
45.340796,687.0,31149.12,5957.0,1644864340,unsi…en/ADA_1.0,0.0,0.0,0.0,899.0
0.003171,9468582.68,30029.28,19346.03,1644864340,DRIP/ADA_1.0,-9.999999999999593e-06,16623.539999999106,-46.01000000000204,899.0
0.00084,33712151.33,28331.8,308.67,1644864340,MONET/ADA_0.3,0.0,0.0,0.0,899.0
0.01452,1812861.0,26322.84,5957.73,1644864340,QUID/ADA_0.3,0.0,0.0,0.0,899.0
0.161645,153573.0,24824.37,2841.71,1644864340,SKULL/ADA_1.0,0.0,0.0,0.0,899.0
0.123004,174293.46,21438.85,0.0,1644864340,MINt/ADA_0.05,0.0,24.389999999984866,3.0,899.0
0.00075,27894910.0,20934.05,468.86,1644864340,RAG/ADA_1.0,0.0,0.0,0.0,899.0
0.337089,57332.89,19326.31,5868.41,1644864340,MIN/ADA_0.05,0.0,0.0,0.0,899.0
25.703697,747.0,19200.66,4789.29,1644864340,XDIA…ND/ADA_1.0,0.0,0.0,0.0,899.0
0.01679,1120970.0,18821.55,733.35,1644864340,GOKEY/ADA_0.3,0.0,0.0,0.0,899.0
0.0,219106492457.0,17305.06,530.65,1644864340,HOSKY/ADA_0.05,0.0,0.0,0.0,899.0
0.039789,428146.0,17035.57,836.76,1644864340,cMETA/ADA_0.3,0.0,0.0,0.0,899.0
0.42,40243.0,16902.09,5357.12,1644864340,CDX/ADA_1.0,0.0,0.0,0.0,899.0
1e-06,12842228360.0,15750.49,3497.52,1644864340,MEOW/ADA_0.3,0.0,0.0,0.0,899.0
2.188129,6546.0,14323.49,0.0,1644864340,DANA/ADA_0.3,0.0,0.0,0.0,899.0
0.298675,42238.24,12615.53,3407.43,1644864340,CARGO/ADA_0.3,0.0,0.0,0.0,899.0
0.768512,14465.69,11117.07,0.0,1644864340,WMT/ADA_1.0,0.0,0.0,0.0,899.0
0.000284,38567974.0,10957.04,3238.94,1644864340,KIDZ/ADA_0.3,1.9999999999999944e-06,-114679.0,32.580000000001746,899.0
0.110195,97361.0,10728.76,0.0,1644864340,Card…rm/ADA_0.3,0.0,0.0,0.0,899.0
0.046783,201381.23,9421.38,68.34,1644864340,cbTHC/ADA_0.3,0.0,0.0,0.0,899.0
0.003002,2911245.76,8740.33,0.0,1644864340,DRIP/ADA_0.3,0.0,0.0,0.0,899.0
0.001174,7401613.0,8690.39,80.8,1644864340,FLANO/ADA_1.0,0.0,0.0,0.0,899.0
2.3e-05,355511750.0,8479.41,8725.03,1644864340,SHIBA/ADA_1.0,-2.000000000000001e-06,10000000.0,-242.96000000000095,899.0
0.719926,25369476.88,18264164.81,1862869.19,1644865246,SUNDAE/ADA_0.3,0.00014300000000000423,-291.71000000089407,3425.599999997765,905.0
101.131676,146790.68,14845188.08,1255877.57,1644865246,LQ/ADA_0.3,0.023274000000000683,-0.6499999999941792,3350.890000000596,905.0
0.821871,12719446.92,10453747.54,647806.27,1644865246,WMT/ADA_0.3,0.0005870000000000042,-1846.449999999255,5948.8499999996275,905.0
0.130604,10029053.06,1309835.01,524479.19,1644865246,MELD/ADA_0.3,0.0011380000000000001,-43929.25,5718.459999999963,905.0
0.102145,10630173.0,1085825.11,145309.8,1644865246,PAVIA/ADA_0.3,-0.0005590000000000039,29020.0,-2962.8199999998324,905.0
0.161691,6508552.0,1052376.73,70899.33,1644865246,XRAY/ADA_0.3,5.099999999999549e-05,-1032.0,167.55000000004657,905.0
0.306852,2643778.0,811250.13,116099.8,1644865246,ADAX/ADA_0.3,0.0,166.0,50.67000000004191,905.0
1.823056,398880.98,727182.68,74121.2,1644865246,AADA/ADA_0.3,0.0,0.0,0.0,905.0
1.510031,350564.58,529363.68,124987.39,1644865246,VYFI/ADA_0.3,0.013949999999999907,-1628.149999999965,2454.5200000000186,905.0
7.074827,48379.0,342273.08,159945.7,1644865246,MILK/ADA_0.3,0.35056900000000013,-1242.0,8608.650000000023,905.0
0.121339,1653911.53,200684.13,49351.73,1644865246,MINt/ADA_0.3,-0.0011769999999999975,7976.0,-969.5799999999872,905.0
0.033771,5710673.2,192855.25,21421.14,1644865246,CLAP/ADA_0.3,0.0,9598.060000000522,324.14000000001397,905.0
0.0,6827856481127.0,155137.79,1210.56,1644865246,CHRLZ/ADA_0.3,0.0,0.0,0.0,905.0
2.041852,69524.43,141958.62,36038.65,1644865246,DANA/ADA_0.05,0.0,0.0,0.0,905.0
0.812849,167985.42,136546.83,1900.95,1644865246,WMT/ADA_0.05,0.0,-304.44999999998254,-247.47000000000116,905.0
0.005428,21384717.0,116085.51,3902.36,1644865246,RAVE/ADA_1.0,0.0,0.0,0.0,905.0
3.4e-05,3165692735.8,108046.19,4312.41,1644865246,ASHIB/ADA_1.0,0.0,-2002723.5,69.0,905.0
0.0,98305076066387.0,96684.81,1975.32,1644865246,BISON/ADA_0.3,0.0,-149151103059.0,-146.69000000000233,905.0
0.033068,2701837.0,89346.41,11440.95,1644865246,FIRE/ADA_0.3,8.199999999999874e-05,-3350.0,111.0,905.0
0.0,930501457306.0,71556.7,39822.71,1644865246,HOSKY/ADA_0.3,0.0,0.0,0.0,905.0
0.306208,212233.03,64987.61,185916.27,1644865246,MIN/ADA_0.3,0.0,0.0,0.0,905.0
0.006101,9076739.0,55378.98,7238.56,1644865246,FLICK/ADA_0.3,0.0,0.0,0.0,905.0
0.094668,512034.0,48473.73,25706.6,1644865246,cNETA/ADA_0.3,0.0,0.0,0.0,905.0
0.12941,343090.86,44399.68,2807.61,1644865246,MELD/ADA_1.0,0.0,0.0,0.0,905.0
0.012988,3373325.0,43815.98,5274.9,1644865246,CNFT/ADA_0.3,0.0,0.0,0.0,905.0
0.10925,307796.26,33626.89,6697.64,1644865246,REVU/ADA_0.3,0.0,0.0,0.0,905.0
0.00527,5957963.0,31399.31,3749.23,1644865246,BDOGE/ADA_1.0,0.0,0.0,0.0,905.0
45.340796,687.0,31149.12,5957.0,1644865246,unsi…en/ADA_1.0,0.0,0.0,0.0,905.0
0.00317,9469582.68,30026.14,19349.17,1644865246,DRIP/ADA_1.0,-1.0000000000001327e-06,1000.0,-3.139999999999418,905.0
0.00084,33712151.33,28331.8,308.67,1644865246,MONET/ADA_0.3,0.0,0.0,0.0,905.0
0.01452,1812861.0,26322.84,5957.73,1644865246,QUID/ADA_0.3,0.0,0.0,0.0,905.0
0.161645,153573.0,24824.37,2791.21,1644865246,SKULL/ADA_1.0,0.0,0.0,0.0,905.0
0.123004,174293.46,21438.85,0.0,1644865246,MINt/ADA_0.05,0.0,0.0,0.0,905.0
0.00075,27894910.0,20934.05,468.86,1644865246,RAG/ADA_1.0,0.0,0.0,0.0,905.0
0.337089,57332.89,19326.31,5125.21,1644865246,MIN/ADA_0.05,0.0,0.0,0.0,905.0
25.703697,747.0,19200.66,4789.29,1644865246,XDIA…ND/ADA_1.0,0.0,0.0,0.0,905.0
0.01679,1120970.0,18821.55,733.35,1644865246,GOKEY/ADA_0.3,0.0,0.0,0.0,905.0
0.0,219106492457.0,17305.06,0.0,1644865246,HOSKY/ADA_0.05,0.0,0.0,0.0,905.0
0.039789,428146.0,17035.57,836.76,1644865246,cMETA/ADA_0.3,0.0,0.0,0.0,905.0
0.42,40243.0,16902.09,4716.98,1644865246,CDX/ADA_1.0,0.0,0.0,0.0,905.0
1e-06,12842228360.0,15750.49,3497.52,1644865246,MEOW/ADA_0.3,0.0,0.0,0.0,905.0
2.188129,6546.0,14323.49,0.0,1644865246,DANA/ADA_0.3,0.0,0.0,0.0,905.0
0.298675,42238.24,12615.53,3407.43,1644865246,CARGO/ADA_0.3,0.0,0.0,0.0,905.0
0.768512,14465.69,11117.07,0.0,1644865246,WMT/ADA_1.0,0.0,0.0,0.0,905.0
0.000288,38289254.0,11037.04,3304.14,1644865246,KIDZ/ADA_0.3,3.999999999999989e-06,-278720.0,80.0,905.0
0.110195,97361.0,10728.76,0.0,1644865246,Card…rm/ADA_0.3,0.0,0.0,0.0,905.0
0.046783,201381.23,9421.38,68.34,1644865246,cbTHC/ADA_0.3,0.0,0.0,0.0,905.0
0.003002,2912245.76,8743.34,0.0,1644865246,DRIP/ADA_0.3,0.0,1000.0,3.0100000000002183,905.0
0.001174,7401613.0,8690.39,80.8,1644865246,FLANO/ADA_1.0,0.0,0.0,0.0,905.0
2.4e-05,353448436.0,8529.41,8451.32,1644865246,SHIBA/ADA_1.0,1.0000000000000006e-06,-2063314.0,50.0,905.0
0.720151,25366322.09,18267584.7,1855319.45,1644866145,SUNDAE/ADA_0.3,0.00022500000000003073,-3154.789999999106,3419.890000000596,898.0
101.31066,147061.16,14898864.19,1242162.07,1644866145,LQ/ADA_0.3,0.1789839999999998,270.4800000000105,53676.109999999404,898.0
0.820141,12748582.19,10455642.53,648178.12,1644866145,WMT/ADA_0.3,-0.0017300000000000093,29135.269999999553,1894.9900000002235,898.0
0.130237,10040012.65,1307590.1,507676.75,1644866145,MELD/ADA_0.3,-0.0003670000000000062,10959.589999999851,-2244.909999999916,898.0
0.102597,10606826.0,1088233.41,148341.77,1644866145,PAVIA/ADA_0.3,0.0004519999999999941,-23347.0,2408.2999999998137,898.0
0.161706,6508244.0,1052426.73,70585.76,1644866145,XRAY/ADA_0.3,1.4999999999987246e-05,-308.0,50.0,898.0
0.306994,2643016.0,811390.6,107198.32,1644866145,ADAX/ADA_0.3,0.00014199999999997548,-762.0,140.46999999997206,898.0
1.813963,399880.98,725369.63,75544.93,1644866145,AADA/ADA_0.3,-0.009093000000000018,1000.0,-1813.0500000000466,898.0
1.510031,350564.58,529363.68,124122.08,1644866145,VYFI/ADA_0.3,0.0,0.0,0.0,898.0
6.980025,48707.0,339976.07,155534.49,1644866145,MILK/ADA_0.3,-0.09480199999999961,328.0,-2297.0100000000093,898.0
0.121339,1653911.53,200684.13,48580.32,1644866145,MINt/ADA_0.3,0.0,0.0,0.0,898.0
0.033771,5710673.2,192855.25,21421.14,1644866145,CLAP/ADA_0.3,0.0,0.0,0.0,898.0
0.0,6827856481127.0,155137.79,1061.4,1644866145,CHRLZ/ADA_0.3,0.0,0.0,0.0,898.0
2.041852,69524.43,141958.62,35821.84,1644866145,DANA/ADA_0.05,0.0,0.0,0.0,898.0
0.812849,167885.2,136465.36,1900.95,1644866145,WMT/ADA_0.05,0.0,-100.22000000000116,-81.47000000000116,898.0
0.005428,21384717.0,116085.51,3750.86,1644866145,RAVE/ADA_1.0,0.0,0.0,0.0,898.0
3.4e-05,3165692735.8,108046.19,4312.41,1644866145,ASHIB/ADA_1.0,0.0,0.0,0.0,898.0
0.0,98305076066387.0,96684.81,1814.84,1644866145,BISON/ADA_0.3,0.0,0.0,0.0,898.0
0.033068,2701837.0,89346.41,10682.22,1644866145,FIRE/ADA_0.3,0.0,0.0,0.0,898.0
0.0,930462564887.0,71559.7,39664.31,1644866145,HOSKY/ADA_0.3,0.0,-38892419.0,3.0,898.0
0.306208,212233.03,64987.61,181886.43,1644866145,MIN/ADA_0.3,0.0,0.0,0.0,898.0
0.006101,9076739.0,55378.98,6639.85,1644866145,FLICK/ADA_0.3,0.0,0.0,0.0,898.0
0.095059,510984.0,48573.73,22480.56,1644866145,cNETA/ADA_0.3,0.00039100000000000246,-1050.0,100.0,898.0
0.012988,3373325.0,43815.98,5237.79,1644866145,CNFT/ADA_0.3,0.0,0.0,0.0,898.0
0.12941,337451.46,43669.88,2807.61,1644866145,MELD/ADA_1.0,0.0,-5639.399999999965,-729.8000000000029,898.0
0.10925,307796.26,33626.89,5514.52,1644866145,REVU/ADA_0.3,0.0,0.0,0.0,898.0
0.005458,5854746.0,31958.47,3749.23,1644866145,BDOGE/ADA_1.0,0.0001879999999999998,-103217.0,559.1599999999999,898.0
45.340796,687.0,31149.12,5957.0,1644866145,unsi…en/ADA_1.0,0.0,0.0,0.0,898.0
0.00317,9481582.68,30057.87,18938.76,1644866145,DRIP/ADA_1.0,0.0,12000.0,31.729999999999563,898.0
0.00084,33712151.33,28331.8,308.67,1644866145,MONET/ADA_0.3,0.0,0.0,0.0,898.0
0.01452,1812861.0,26322.84,5957.73,1644866145,QUID/ADA_0.3,0.0,0.0,0.0,898.0
0.161645,153573.0,24824.37,2791.21,1644866145,SKULL/ADA_1.0,0.0,0.0,0.0,898.0
0.123004,174293.46,21438.85,0.0,1644866145,MINt/ADA_0.05,0.0,0.0,0.0,898.0
0.00075,27894910.0,20934.05,468.86,1644866145,RAG/ADA_1.0,0.0,0.0,0.0,898.0
25.703697,747.0,19200.66,4789.29,1644866145,XDIA…ND/ADA_1.0,0.0,0.0,0.0,898.0
0.337089,56851.04,19163.89,5125.21,1644866145,MIN/ADA_0.05,0.0,-481.84999999999854,-162.4200000000019,898.0
0.01679,1120970.0,18821.55,733.35,1644866145,GOKEY/ADA_0.3,0.0,0.0,0.0,898.0
0.0,219106492457.0,17305.06,0.0,1644866145,HOSKY/ADA_0.05,0.0,0.0,0.0,898.0
0.039789,428146.0,17035.57,836.76,1644866145,cMETA/ADA_0.3,0.0,0.0,0.0,898.0
0.42,40243.0,16902.09,4716.98,1644866145,CDX/ADA_1.0,0.0,0.0,0.0,898.0
1e-06,12842228360.0,15750.49,3497.52,1644866145,MEOW/ADA_0.3,0.0,0.0,0.0,898.0
2.188129,6546.0,14323.49,0.0,1644866145,DANA/ADA_0.3,0.0,0.0,0.0,898.0
0.298675,42238.24,12615.53,3407.43,1644866145,CARGO/ADA_0.3,0.0,0.0,0.0,898.0
0.768512,14465.69,11117.07,0.0,1644866145,WMT/ADA_1.0,0.0,0.0,0.0,898.0
0.000288,38289254.0,11037.04,3304.14,1644866145,KIDZ/ADA_0.3,0.0,0.0,0.0,898.0
0.110195,97361.0,10728.76,0.0,1644866145,Card…rm/ADA_0.3,0.0,0.0,0.0,898.0
0.046783,201381.23,9421.38,68.34,1644866145,cbTHC/ADA_0.3,0.0,0.0,0.0,898.0
0.003002,2912245.76,8743.34,0.0,1644866145,DRIP/ADA_0.3,0.0,0.0,0.0,898.0
0.001174,7401613.0,8690.39,80.8,1644866145,FLANO/ADA_1.0,0.0,0.0,0.0,898.0
2.4e-05,353448436.0,8529.41,8451.32,1644866145,SHIBA/ADA_1.0,0.0,0.0,0.0,898.0
0.720038,25370303.55,18267601.47,1868494.07,1644867047,SUNDAE/ADA_0.3,-0.00011300000000002974,3981.460000000894,16.769999999552965,901.0
101.401817,146998.78,14905943.54,1248893.57,1644867047,LQ/ADA_0.3,0.09115699999999549,-62.38000000000466,7079.3499999996275,901.0
0.820306,12749880.08,10458804.06,649231.27,1644867047,WMT/ADA_0.3,0.00016499999999997073,1297.890000000596,3161.530000001192,901.0
0.129055,10081261.45,1301043.13,517311.56,1644867047,MELD/ADA_0.3,-0.0011819999999999886,41248.79999999888,-6546.970000000205,901.0
0.102578,10606995.0,1088047.28,148341.77,1644867047,PAVIA/ADA_0.3,-1.8999999999991246e-05,169.0,-186.12999999988824,901.0
0.161706,6508244.0,1052426.73,70585.76,1644867047,XRAY/ADA_0.3,0.0,0.0,0.0,901.0
0.306647,2644512.0,810933.63,107855.6,1644867047,ADAX/ADA_0.3,-0.0003469999999999862,1496.0,-456.96999999997206,901.0
1.818538,399378.48,726285.05,76463.1,1644867047,AADA/ADA_0.3,0.004574999999999996,-502.5,915.4200000000419,901.0
1.510031,350564.58,529363.68,124122.08,1644867047,VYFI/ADA_0.3,0.0,0.0,0.0,901.0
6.704357,49700.0,333206.58,162404.13,1644867047,MILK/ADA_0.3,-0.27566800000000047,993.0,-6769.489999999991,901.0
0.121339,1653911.53,200684.13,48580.32,1644867047,MINt/ADA_0.3,0.0,0.0,0.0,901.0
0.033771,5710673.2,192855.25,21421.14,1644867047,CLAP/ADA_0.3,0.0,0.0,0.0,901.0
0.0,6828541503677.0,155122.27,1092.43,1644867047,CHRLZ/ADA_0.3,0.0,685022550.0,-15.520000000018626,901.0
2.054958,69302.42,142413.62,36277.06,1644867047,DANA/ADA_0.05,0.013106000000000062,-222.00999999999476,455.0,901.0
0.812849,166885.2,135652.51,1900.95,1644867047,WMT/ADA_0.05,0.0,-1000.0,-812.8499999999767,901.0
0.005428,21384717.0,116085.51,3750.86,1644867047,RAVE/ADA_1.0,0.0,0.0,0.0,901.0
3.4e-05,3165692735.8,108046.19,4312.41,1644867047,ASHIB/ADA_1.0,0.0,0.0,0.0,901.0
0.0,98305076066387.0,96684.81,1814.84,1644867047,BISON/ADA_0.3,0.0,0.0,0.0,901.0
0.033068,2701837.0,89346.41,10682.22,1644867047,FIRE/ADA_0.3,0.0,0.0,0.0,901.0
0.0,925517193413.0,71943.22,40048.98,1644867047,HOSKY/ADA_0.3,0.0,-4945371474.0,383.5200000000041,901.0
0.305178,212591.36,64878.4,181995.64,1644867047,MIN/ADA_0.3,-0.0010299999999999754,358.3299999999872,-109.20999999999913,901.0
0.006227,8984221.0,55950.98,7213.56,1644867047,FLICK/ADA_0.3,0.00012600000000000024,-92518.0,572.0,901.0
0.097329,505000.0,49151.18,23059.74,1644867047,cNETA/ADA_0.3,0.0022699999999999942,-5984.0,577.4499999999971,901.0
0.012988,3373325.0,43815.98,5237.79,1644867047,CNFT/ADA_0.3,0.0,0.0,0.0,901.0
0.12941,337451.46,43669.88,2807.61,1644867047,MELD/ADA_1.0,0.0,0.0,0.0,901.0
0.10925,307796.26,33626.89,5514.52,1644867047,REVU/ADA_0.3,0.0,0.0,0.0,901.0
0.005472,5847501.0,31998.47,3789.63,1644867047,BDOGE/ADA_1.0,1.4000000000000123e-05,-7245.0,40.0,901.0
45.340796,687.0,31149.12,5957.0,1644867047,unsi…en/ADA_1.0,0.0,0.0,0.0,901.0
0.003137,9530582.68,29904.87,19091.76,1644867047,DRIP/ADA_1.0,-3.300000000000004e-05,49000.0,-153.0,901.0
0.000837,33762151.55,28289.97,350.5,1644867047,MONET/ADA_0.3,-3.000000000000073e-06,50000.21999999881,-41.82999999999811,901.0
0.014519,1812876.0,26322.62,5957.95,1644867047,QUID/ADA_0.3,-9.999999999992654e-07,15.0,-0.22000000000116415,901.0
0.161645,153573.0,24824.37,2791.21,1644867047,SKULL/ADA_1.0,0.0,0.0,0.0,901.0
0.123004,174293.46,21438.85,0.0,1644867047,MINt/ADA_0.05,0.0,0.0,0.0,901.0
0.00075,27894910.0,20934.05,468.86,1644867047,RAG/ADA_1.0,0.0,0.0,0.0,901.0
25.703697,747.0,19200.66,4789.29,1644867047,XDIA…ND/ADA_1.0,0.0,0.0,0.0,901.0
0.337089,56851.04,19163.89,5125.21,1644867047,MIN/ADA_0.05,0.0,0.0,0.0,901.0
0.01679,1120970.0,18821.55,733.35,1644867047,GOKEY/ADA_0.3,0.0,0.0,0.0,901.0
0.0,219106492457.0,17305.06,0.0,1644867047,HOSKY/ADA_0.05,0.0,0.0,0.0,901.0
0.039789,428146.0,17035.57,836.76,1644867047,cMETA/ADA_0.3,0.0,0.0,0.0,901.0
0.42,40243.0,16902.09,4716.98,1644867047,CDX/ADA_1.0,0.0,0.0,0.0,901.0
1e-06,12842228360.0,15750.49,3497.52,1644867047,MEOW/ADA_0.3,0.0,0.0,0.0,901.0
2.188129,6546.0,14323.49,0.0,1644867047,DANA/ADA_0.3,0.0,0.0,0.0,901.0
0.300569,42105.14,12655.53,3447.55,1644867047,CARGO/ADA_0.3,0.0018939999999999513,-133.09999999999854,40.0,901.0
0.000305,37171124.0,11370.04,3638.14,1644867047,KIDZ/ADA_0.3,1.699999999999998e-05,-1118130.0,333.0,901.0
0.768512,14465.69,11117.07,0.0,1644867047,WMT/ADA_1.0,0.0,0.0,0.0,901.0
0.110195,97361.0,10728.76,0.0,1644867047,Card…rm/ADA_0.3,0.0,0.0,0.0,901.0
0.046783,201381.23,9421.38,68.34,1644867047,cbTHC/ADA_0.3,0.0,0.0,0.0,901.0
0.003002,2912245.76,8743.34,0.0,1644867047,DRIP/ADA_0.3,0.0,0.0,0.0,901.0
0.001174,7401613.0,8690.39,80.8,1644867047,FLANO/ADA_1.0,0.0,0.0,0.0,901.0
2.2e-05,363448436.0,8297.01,8683.72,1644867047,SHIBA/ADA_1.0,-2.000000000000001e-06,10000000.0,-232.39999999999964,901.0
0.720117,25369887.62,18269289.32,1869492.21,1644867938,SUNDAE/ADA_0.3,7.900000000005125e-05,-415.929999999702,1687.8500000014901,891.0
101.420314,146996.01,14908381.69,1250259.27,1644867938,LQ/ADA_0.3,0.018497000000010644,-2.7699999999895226,2438.1500000003725,891.0
0.821473,12741831.68,10467075.06,662803.36,1644867938,WMT/ADA_0.3,0.0011670000000000291,-8048.4000000003725,8271.0,891.0
0.129835,10053464.28,1305292.55,521777.59,1644867938,MELD/ADA_0.3,0.0007800000000000029,-27797.169999999925,4249.420000000158,891.0
0.102578,10606995.0,1088047.28,148341.77,1644867938,PAVIA/ADA_0.3,0.0,0.0,0.0,891.0
0.161706,6508244.0,1052426.73,70585.76,1644867938,XRAY/ADA_0.3,0.0,0.0,0.0,891.0
0.307478,2640941.0,812033.63,108958.9,1644867938,ADAX/ADA_0.3,0.0008309999999999707,-3571.0,1100.0,891.0
1.818538,399378.48,726285.05,76463.1,1644867938,AADA/ADA_0.3,0.0,0.0,0.0,891.0
1.510031,350564.58,529363.68,124122.08,1644867938,VYFI/ADA_0.3,0.0,0.0,0.0,891.0
6.704357,49700.0,333206.58,162404.13,1644867938,MILK/ADA_0.3,0.0,0.0,0.0,891.0
0.121339,1653911.53,200684.13,48580.32,1644867938,MINt/ADA_0.3,0.0,0.0,0.0,891.0
0.033712,5715673.2,192687.04,21589.34,1644867938,CLAP/ADA_0.3,-5.9000000000003494e-05,5000.0,-168.20999999999185,891.0
0.0,6828541503677.0,155122.27,1092.43,1644867938,CHRLZ/ADA_0.3,0.0,0.0,0.0,891.0
2.178125,67314.97,146620.44,40485.99,1644867938,DANA/ADA_0.05,0.12316700000000003,-1987.449999999997,4206.820000000007,891.0
0.812849,167382.91,136057.08,1900.95,1644867938,WMT/ADA_0.05,0.0,497.70999999999185,404.5699999999779,891.0
0.005428,21384717.0,116085.51,3750.86,1644867938,RAVE/ADA_1.0,0.0,0.0,0.0,891.0
3.4e-05,3165692735.8,108046.19,4312.41,1644867938,ASHIB/ADA_1.0,0.0,0.0,0.0,891.0
0.0,98305076066387.0,96684.81,1814.84,1644867938,BISON/ADA_0.3,0.0,0.0,0.0,891.0
0.033068,2701837.0,89346.41,10682.22,1644867938,FIRE/ADA_0.3,0.0,0.0,0.0,891.0
0.0,925517193413.0,71943.22,40048.98,1644867938,HOSKY/ADA_0.3,0.0,0.0,0.0,891.0
0.311301,210493.39,65526.98,182646.17,1644867938,MIN/ADA_0.3,0.0061229999999999896,-2097.969999999972,648.5800000000017,891.0
0.006254,8965211.0,56069.98,7332.92,1644867938,FLICK/ADA_0.3,2.7000000000000114e-05,-19010.0,119.0,891.0
0.097252,505200.0,49131.78,23079.14,1644867938,cNETA/ADA_0.3,-7.699999999999374e-05,200.0,-19.400000000001455,891.0
0.012988,3373325.0,43815.98,5237.79,1644867938,CNFT/ADA_0.3,0.0,0.0,0.0,891.0
0.12941,337451.46,43669.88,2807.61,1644867938,MELD/ADA_1.0,0.0,0.0,0.0,891.0
0.10925,307796.26,33626.89,5514.52,1644867938,REVU/ADA_0.3,0.0,0.0,0.0,891.0
0.005472,5847501.0,31998.47,3789.63,1644867938,BDOGE/ADA_1.0,0.0,0.0,0.0,891.0
45.340796,687.0,31149.12,5957.0,1644867938,unsi…en/ADA_1.0,0.0,0.0,0.0,891.0
0.003106,9579182.68,29754.66,19241.97,1644867938,DRIP/ADA_1.0,-3.100000000000021e-05,48600.0,-150.20999999999913,891.0
0.000837,33762151.55,28289.97,350.5,1644867938,MONET/ADA_0.3,0.0,0.0,0.0,891.0
0.014519,1812876.0,26322.62,5957.95,1644867938,QUID/ADA_0.3,0.0,0.0,0.0,891.0
0.161645,153573.0,24824.37,2791.21,1644867938,SKULL/ADA_1.0,0.0,0.0,0.0,891.0
0.123004,174293.46,21438.85,0.0,1644867938,MINt/ADA_0.05,0.0,0.0,0.0,891.0
0.00075,27894910.0,20934.05,468.86,1644867938,RAG/ADA_1.0,0.0,0.0,0.0,891.0
25.703697,747.0,19200.66,4789.29,1644867938,XDIA…ND/ADA_1.0,0.0,0.0,0.0,891.0
0.337089,56851.04,19163.89,5125.21,1644867938,MIN/ADA_0.05,0.0,0.0,0.0,891.0
0.01679,1120970.0,18821.55,733.35,1644867938,GOKEY/ADA_0.3,0.0,0.0,0.0,891.0
0.0,219106492457.0,17305.06,0.0,1644867938,HOSKY/ADA_0.05,0.0,0.0,0.0,891.0
0.039789,428146.0,17035.57,836.76,1644867938,cMETA/ADA_0.3,0.0,0.0,0.0,891.0
0.42,40243.0,16902.09,4716.98,1644867938,CDX/ADA_1.0,0.0,0.0,0.0,891.0
1e-06,12842228360.0,15750.49,3497.52,1644867938,MEOW/ADA_0.3,0.0,0.0,0.0,891.0
2.188129,6546.0,14323.49,0.0,1644867938,DANA/ADA_0.3,0.0,0.0,0.0,891.0
0.300569,42105.14,12655.53,3447.55,1644867938,CARGO/ADA_0.3,0.0,0.0,0.0,891.0
0.000305,37171124.0,11370.04,3638.14,1644867938,KIDZ/ADA_0.3,0.0,0.0,0.0,891.0
0.768512,14465.69,11117.07,0.0,1644867938,WMT/ADA_1.0,0.0,0.0,0.0,891.0
0.110195,97361.0,10728.76,0.0,1644867938,Card…rm/ADA_0.3,0.0,0.0,0.0,891.0
0.046783,201381.23,9421.38,68.34,1644867938,cbTHC/ADA_0.3,0.0,0.0,0.0,891.0
0.003002,2912245.76,8743.34,0.0,1644867938,DRIP/ADA_0.3,0.0,0.0,0.0,891.0
0.001174,7401613.0,8690.39,80.8,1644867938,FLANO/ADA_1.0,0.0,0.0,0.0,891.0
2.2e-05,363448436.0,8297.01,8683.72,1644867938,SHIBA/ADA_1.0,0.0,0.0,0.0,891.0
0.720143,25370117.44,18270137.37,1853163.79,1644868839,SUNDAE/ADA_0.3,2.599999999997049e-05,229.82000000029802,848.0500000007451,901.0
101.385667,147128.59,14916730.6,1243251.13,1644868839,LQ/ADA_0.3,-0.034647000000006756,132.5799999999872,8348.910000000149,901.0
0.821888,12738676.96,10469774.93,581221.08,1644868839,WMT/ADA_0.3,0.0004149999999999432,-3154.719999998808,2699.8699999991804,901.0
0.128783,10095268.45,1300099.88,506731.29,1644868839,MELD/ADA_0.3,-0.0010519999999999974,41804.169999999925,-5192.670000000158,901.0
0.102355,10662331.0,1091350.84,146504.98,1644868839,PAVIA/ADA_0.3,-0.00022300000000000098,55336.0,3303.560000000056,901.0
0.161706,6508244.0,1052426.73,68011.32,1644868839,XRAY/ADA_0.3,0.0,0.0,0.0,901.0
0.307478,2640941.0,812033.63,107631.78,1644868839,ADAX/ADA_0.3,0.0,0.0,0.0,901.0
1.818538,399378.48,726285.05,63587.34,1644868839,AADA/ADA_0.3,0.0,0.0,0.0,901.0
1.510031,350564.58,529363.68,122733.24,1644868839,VYFI/ADA_0.3,0.0,0.0,0.0,901.0
6.704357,49700.0,333206.58,161784.47,1644868839,MILK/ADA_0.3,0.0,0.0,0.0,901.0
0.121412,1653411.53,200745.0,43044.63,1644868839,MINt/ADA_0.3,7.300000000000362e-05,-500.0,60.86999999999534,901.0
0.034009,5690629.24,193537.59,20875.76,1644868839,CLAP/ADA_0.3,0.00029699999999999865,-25043.959999999963,850.5499999999884,901.0
0.0,6828541503677.0,155122.27,1060.34,1644868839,CHRLZ/ADA_0.3,0.0,0.0,0.0,901.0
2.178125,67314.97,146620.44,40442.96,1644868839,DANA/ADA_0.05,0.0,0.0,0.0,901.0
0.812849,167382.91,136057.08,0.0,1644868839,WMT/ADA_0.05,0.0,0.0,0.0,901.0
0.005428,21384717.0,116085.51,3750.86,1644868839,RAVE/ADA_1.0,0.0,0.0,0.0,901.0
3.4e-05,3165692735.8,108046.19,928.91,1644868839,ASHIB/ADA_1.0,0.0,0.0,0.0,901.0
0.0,98305076066387.0,96684.81,1814.84,1644868839,BISON/ADA_0.3,0.0,0.0,0.0,901.0
0.033068,2701837.0,89346.41,9994.05,1644868839,FIRE/ADA_0.3,0.0,0.0,0.0,901.0
0.0,922616424198.0,72170.1,38870.22,1644868839,HOSKY/ADA_0.3,0.0,-2900769215.0,226.88000000000466,901.0
0.311301,210493.39,65526.98,182646.17,1644868839,MIN/ADA_0.3,0.0,0.0,0.0,901.0
0.006254,8965211.0,56069.98,7332.92,1644868839,FLICK/ADA_0.3,0.0,0.0,0.0,901.0
0.097252,505200.0,49131.78,23079.14,1644868839,cNETA/ADA_0.3,0.0,0.0,0.0,901.0
0.012988,3373325.0,43815.98,5237.79,1644868839,CNFT/ADA_0.3,0.0,0.0,0.0,901.0
0.12941,337451.46,43669.88,2807.61,1644868839,MELD/ADA_1.0,0.0,0.0,0.0,901.0
0.10925,307796.26,33626.89,5514.52,1644868839,REVU/ADA_0.3,0.0,0.0,0.0,901.0
0.005472,5793588.0,31703.45,3789.63,1644868839,BDOGE/ADA_1.0,0.0,-53913.0,-295.02000000000044,901.0
45.340796,687.0,31149.12,5957.0,1644868839,unsi…en/ADA_1.0,0.0,0.0,0.0,901.0
0.003105,9584182.68,29764.01,19245.04,1644868839,DRIP/ADA_1.0,-9.99999999999699e-07,5000.0,9.349999999998545,901.0
0.000837,33762151.55,28289.97,350.5,1644868839,MONET/ADA_0.3,0.0,0.0,0.0,901.0
0.014763,1797895.0,26542.62,6178.61,1644868839,QUID/ADA_0.3,0.00024399999999999943,-14981.0,220.0,901.0
0.161645,153573.0,24824.37,2791.21,1644868839,SKULL/ADA_1.0,0.0,0.0,0.0,901.0
0.123004,174293.46,21438.85,0.0,1644868839,MINt/ADA_0.05,0.0,0.0,0.0,901.0
0.00075,27894910.0,20934.05,468.86,1644868839,RAG/ADA_1.0,0.0,0.0,0.0,901.0
25.703697,747.0,19200.66,4789.29,1644868839,XDIA…ND/ADA_1.0,0.0,0.0,0.0,901.0
0.337089,56851.04,19163.89,5125.21,1644868839,MIN/ADA_0.05,0.0,0.0,0.0,901.0
0.01679,1120970.0,18821.55,733.35,1644868839,GOKEY/ADA_0.3,0.0,0.0,0.0,901.0
0.0,219106492457.0,17305.06,0.0,1644868839,HOSKY/ADA_0.05,0.0,0.0,0.0,901.0
0.039789,428146.0,17035.57,836.76,1644868839,cMETA/ADA_0.3,0.0,0.0,0.0,901.0
0.42,40243.0,16902.09,4716.98,1644868839,CDX/ADA_1.0,0.0,0.0,0.0,901.0
1e-06,12842228360.0,15750.49,2996.02,1644868839,MEOW/ADA_0.3,0.0,0.0,0.0,901.0
2.188129,6546.0,14323.49,0.0,1644868839,DANA/ADA_0.3,0.0,0.0,0.0,901.0
0.300569,42105.14,12655.53,3447.55,1644868839,CARGO/ADA_0.3,0.0,0.0,0.0,901.0
0.000307,37060124.0,11404.19,3672.4,1644868839,KIDZ/ADA_0.3,1.9999999999999944e-06,-111000.0,34.149999999999636,901.0
0.768512,14465.69,11117.07,0.0,1644868839,WMT/ADA_1.0,0.0,0.0,0.0,901.0
0.110195,97361.0,10728.76,0.0,1644868839,Card…rm/ADA_0.3,0.0,0.0,0.0,901.0
0.046783,201381.23,9421.38,68.34,1644868839,cbTHC/ADA_0.3,0.0,0.0,0.0,901.0
0.003002,2912245.76,8743.34,0.0,1644868839,DRIP/ADA_0.3,0.0,0.0,0.0,901.0
0.001174,7401613.0,8690.39,80.8,1644868839,FLANO/ADA_1.0,0.0,0.0,0.0,901.0
2.2e-05,363448436.0,8297.01,8683.72,1644868839,SHIBA/ADA_1.0,0.0,0.0,0.0,901.0
0.720787,25375068.21,18290028.27,1861364.66,1644869740,SUNDAE/ADA_0.3,0.0006439999999999779,4950.769999999553,19890.89999999851,900.0
101.418708,147104.7,14919168.96,1246710.58,1644869740,LQ/ADA_0.3,0.03304099999999721,-23.889999999984866,2438.3600000012666,900.0
0.820038,12755026.86,10459609.46,593397.08,1644869740,WMT/ADA_0.3,-0.0018499999999999073,16349.89999999851,-10165.469999998808,900.0
0.125688,10229668.58,1285750.1,524558.18,1644869740,MELD/ADA_0.3,-0.0030950000000000144,134400.13000000082,-14349.779999999795,900.0
0.100961,10735802.0,1083905.32,154264.97,1644869740,PAVIA/ADA_0.3,-0.0013940000000000063,73471.0,-7445.520000000019,900.0
0.161706,6508244.0,1052426.73,68011.32,1644869740,XRAY/ADA_0.3,0.0,0.0,0.0,900.0
0.307478,2640941.0,812033.63,107631.78,1644869740,ADAX/ADA_0.3,0.0,0.0,0.0,900.0
1.818538,400380.98,728108.15,63587.34,1644869740,AADA/ADA_0.3,0.0,1002.5,1823.0999999999767,900.0
1.510031,334493.22,505095.41,122733.24,1644869740,VYFI/ADA_0.3,0.0,-16071.360000000044,-24268.270000000077,900.0
6.610793,50051.0,330876.81,164114.24,1644869740,MILK/ADA_0.3,-0.09356399999999976,351.0,-2329.7700000000186,900.0
0.121412,1653411.53,200745.0,43044.63,1644869740,MINt/ADA_0.3,0.0,0.0,0.0,900.0
0.034009,5690629.24,193537.59,20875.76,1644869740,CLAP/ADA_0.3,0.0,0.0,0.0,900.0
0.0,6828541503677.0,155122.27,1060.34,1644869740,CHRLZ/ADA_0.3,0.0,0.0,0.0,900.0
2.181365,67264.97,146729.48,40552.06,1644869740,DANA/ADA_0.05,0.0032399999999999096,-50.0,109.04000000000815,900.0
0.812849,167643.04,136268.52,0.0,1644869740,WMT/ADA_0.05,0.0,260.13000000000466,211.44000000000233,900.0
0.005428,21384717.0,116085.51,3750.86,1644869740,RAVE/ADA_1.0,0.0,0.0,0.0,900.0
3.4e-05,3165692735.8,108046.19,928.91,1644869740,ASHIB/ADA_1.0,0.0,0.0,0.0,900.0
0.0,98305076066387.0,96684.81,1814.84,1644869740,BISON/ADA_0.3,0.0,0.0,0.0,900.0
0.033068,2701837.0,89346.41,9994.05,1644869740,FIRE/ADA_0.3,0.0,0.0,0.0,900.0
0.0,922401203806.0,72193.2,38890.28,1644869740,HOSKY/ADA_0.3,0.0,-215220392.0,23.09999999999127,900.0
0.311301,210493.39,65526.98,181273.33,1644869740,MIN/ADA_0.3,0.0,0.0,0.0,900.0
0.006254,8965211.0,56069.98,7232.42,1644869740,FLICK/ADA_0.3,0.0,0.0,0.0,900.0
0.097002,505851.0,49069.05,21767.21,1644869740,cNETA/ADA_0.3,-0.0002500000000000002,651.0,-62.729999999995925,900.0
0.012988,3373325.0,43815.98,5237.79,1644869740,CNFT/ADA_0.3,0.0,0.0,0.0,900.0
0.12941,337451.46,43669.88,2807.61,1644869740,MELD/ADA_1.0,0.0,0.0,0.0,900.0
0.10925,307796.26,33626.89,5514.52,1644869740,REVU/ADA_0.3,0.0,0.0,0.0,900.0
0.005472,5793588.0,31703.45,3198.57,1644869740,BDOGE/ADA_1.0,0.0,0.0,0.0,900.0
45.473946,686.0,31195.12,6003.46,1644869740,unsi…en/ADA_1.0,0.13315000000000055,-1.0,46.0,900.0
0.003102,9588182.68,29751.72,19089.82,1644869740,DRIP/ADA_1.0,-2.9999999999999645e-06,4000.0,-12.289999999997235,900.0
0.000837,33762151.55,28289.97,350.5,1644869740,MONET/ADA_0.3,0.0,0.0,0.0,900.0
0.014763,1797895.0,26542.62,6178.61,1644869740,QUID/ADA_0.3,0.0,0.0,0.0,900.0
0.161645,153573.0,24824.37,2791.21,1644869740,SKULL/ADA_1.0,0.0,0.0,0.0,900.0
0.123004,174293.46,21438.85,0.0,1644869740,MINt/ADA_0.05,0.0,0.0,0.0,900.0
0.00075,27894910.0,20934.05,468.86,1644869740,RAG/ADA_1.0,0.0,0.0,0.0,900.0
25.703697,747.0,19200.66,4789.29,1644869740,XDIA…ND/ADA_1.0,0.0,0.0,0.0,900.0
0.337089,56851.04,19163.89,5125.21,1644869740,MIN/ADA_0.05,0.0,0.0,0.0,900.0
0.01679,1120970.0,18821.55,733.35,1644869740,GOKEY/ADA_0.3,0.0,0.0,0.0,900.0
0.0,219106492457.0,17305.06,0.0,1644869740,HOSKY/ADA_0.05,0.0,0.0,0.0,900.0
0.039789,428146.0,17035.57,836.76,1644869740,cMETA/ADA_0.3,0.0,0.0,0.0,900.0
0.42,40243.0,16902.09,4716.98,1644869740,CDX/ADA_1.0,0.0,0.0,0.0,900.0
1e-06,12842228360.0,15750.49,2996.02,1644869740,MEOW/ADA_0.3,0.0,0.0,0.0,900.0
2.188129,6546.0,14323.49,0.0,1644869740,DANA/ADA_0.3,0.0,0.0,0.0,900.0
0.300569,42105.14,12655.53,3447.55,1644869740,CARGO/ADA_0.3,0.0,0.0,0.0,900.0
0.000309,36947072.0,11439.19,3707.5,1644869740,KIDZ/ADA_0.3,1.9999999999999944e-06,-113052.0,35.0,900.0
0.768512,14465.69,11117.07,0.0,1644869740,WMT/ADA_1.0,0.0,0.0,0.0,900.0
0.110195,97361.0,10728.76,0.0,1644869740,Card…rm/ADA_0.3,0.0,0.0,0.0,900.0
0.046783,201381.23,9421.38,68.34,1644869740,cbTHC/ADA_0.3,0.0,0.0,0.0,900.0
0.003002,2912245.76,8743.34,0.0,1644869740,DRIP/ADA_0.3,0.0,0.0,0.0,900.0
0.001174,7401613.0,8690.39,80.8,1644869740,FLANO/ADA_1.0,0.0,0.0,0.0,900.0
2.4e-05,349905446.0,8621.41,9011.36,1644869740,SHIBA/ADA_1.0,2.000000000000001e-06,-13542990.0,324.39999999999964,900.0
0.720874,25373810.36,18291324.26,1862470.97,1644870640,SUNDAE/ADA_0.3,8.700000000005925e-05,-1257.8500000014901,1295.9900000020862,900.0
101.457996,147193.98,14934007.01,1270860.83,1644870640,LQ/ADA_0.3,0.0392879999999991,89.27999999999884,14838.049999998882,900.0
0.822557,12736795.16,10476742.97,609566.83,1644870640,WMT/ADA_0.3,0.002518999999999938,-18231.699999999255,17133.509999999776,900.0
0.125663,10231703.94,1285749.99,525685.93,1644870640,MELD/ADA_0.3,-2.4999999999997247e-05,2035.359999999404,-0.11000000010244548,900.0
0.100961,10735728.0,1083897.82,154264.97,1644870640,PAVIA/ADA_0.3,0.0,-74.0,-7.5,900.0
0.161059,6521329.0,1050321.36,70116.68,1644870640,XRAY/ADA_0.3,-0.0006469999999999809,13085.0,-2105.369999999879,900.0
0.308993,2634472.0,814033.63,109637.78,1644870640,ADAX/ADA_0.3,0.001515000000000044,-6469.0,2000.0,900.0
1.819037,400326.17,728208.15,63687.64,1644870640,AADA/ADA_0.3,0.0004990000000000272,-54.80999999999767,100.0,900.0
1.511226,334361.22,505295.41,122933.84,1644870640,VYFI/ADA_0.3,0.0011950000000000571,-132.0,200.0,900.0
6.584495,50151.0,330219.03,164772.02,1644870640,MILK/ADA_0.3,-0.02629799999999971,100.0,-657.7799999999697,900.0
0.121412,1653411.53,200745.0,43044.63,1644870640,MINt/ADA_0.3,0.0,0.0,0.0,900.0
0.034009,5690629.24,193537.59,20875.76,1644870640,CLAP/ADA_0.3,0.0,0.0,0.0,900.0
0.0,6828541503677.0,155122.27,1060.34,1644870640,CHRLZ/ADA_0.3,0.0,0.0,0.0,900.0
2.192628,67092.03,147107.88,40930.65,1644870640,DANA/ADA_0.05,0.011263000000000023,-172.94000000000233,378.3999999999942,900.0
0.812849,167643.04,136268.52,0.0,1644870640,WMT/ADA_0.05,0.0,0.0,0.0,900.0
0.005428,21397217.0,116153.37,3750.86,1644870640,RAVE/ADA_1.0,0.0,12500.0,67.86000000000058,900.0
3.4e-05,3165692735.8,108046.19,928.91,1644870640,ASHIB/ADA_1.0,0.0,0.0,0.0,900.0
0.0,98305076066387.0,96684.81,1814.84,1644870640,BISON/ADA_0.3,0.0,0.0,0.0,900.0
0.033068,2701837.0,89346.41,9994.05,1644870640,FIRE/ADA_0.3,0.0,0.0,0.0,900.0
0.0,917333791688.0,72593.2,39291.48,1644870640,HOSKY/ADA_0.3,0.0,-5067412118.0,400.0,900.0
0.317313,209527.88,66486.01,181905.84,1644870640,MIN/ADA_0.3,0.006012000000000017,-965.5100000000093,959.0299999999916,900.0
0.006254,8965211.0,56069.98,7232.42,1644870640,FLICK/ADA_0.3,0.0,0.0,0.0,900.0
0.096052,508351.0,48828.46,22007.81,1644870640,cNETA/ADA_0.3,-0.0009500000000000064,2500.0,-240.59000000000378,900.0
0.012988,3373325.0,43815.98,5237.79,1644870640,CNFT/ADA_0.3,0.0,0.0,0.0,900.0
0.12941,337451.46,43669.88,2807.61,1644870640,MELD/ADA_1.0,0.0,0.0,0.0,900.0
0.10925,307796.26,33626.89,5514.52,1644870640,REVU/ADA_0.3,0.0,0.0,0.0,900.0
0.005472,5793588.0,31703.45,3198.57,1644870640,BDOGE/ADA_1.0,0.0,0.0,0.0,900.0
45.473946,686.0,31195.12,6003.46,1644870640,unsi…en/ADA_1.0,0.0,0.0,0.0,900.0
0.003102,9588182.68,29751.72,19089.82,1644870640,DRIP/ADA_1.0,0.0,0.0,0.0,900.0
0.000837,33762151.55,28289.97,350.5,1644870640,MONET/ADA_0.3,0.0,0.0,0.0,900.0
0.014763,1797895.0,26542.62,6178.61,1644870640,QUID/ADA_0.3,0.0,0.0,0.0,900.0
0.161645,153573.0,24824.37,2791.21,1644870640,SKULL/ADA_1.0,0.0,0.0,0.0,900.0
0.123004,174293.46,21438.85,0.0,1644870640,MINt/ADA_0.05,0.0,0.0,0.0,900.0
0.00075,27894910.0,20934.05,468.86,1644870640,RAG/ADA_1.0,0.0,0.0,0.0,900.0
25.703697,747.0,19200.66,4789.29,1644870640,XDIA…ND/ADA_1.0,0.0,0.0,0.0,900.0
0.337089,56851.04,19163.89,5125.21,1644870640,MIN/ADA_0.05,0.0,0.0,0.0,900.0
0.01679,1120970.0,18821.55,733.35,1644870640,GOKEY/ADA_0.3,0.0,0.0,0.0,900.0
0.0,219106492457.0,17305.06,0.0,1644870640,HOSKY/ADA_0.05,0.0,0.0,0.0,900.0
0.039789,428146.0,17035.57,836.76,1644870640,cMETA/ADA_0.3,0.0,0.0,0.0,900.0
0.42,40243.0,16902.09,4716.98,1644870640,CDX/ADA_1.0,0.0,0.0,0.0,900.0
1e-06,12842228360.0,15750.49,2996.02,1644870640,MEOW/ADA_0.3,0.0,0.0,0.0,900.0
2.188129,6546.0,14323.49,0.0,1644870640,DANA/ADA_0.3,0.0,0.0,0.0,900.0
0.300569,42105.14,12655.53,3447.55,1644870640,CARGO/ADA_0.3,0.0,0.0,0.0,900.0
0.000309,36947072.0,11439.19,3707.5,1644870640,KIDZ/ADA_0.3,0.0,0.0,0.0,900.0
0.768512,14465.69,11117.07,0.0,1644870640,WMT/ADA_1.0,0.0,0.0,0.0,900.0
0.110195,97361.0,10728.76,0.0,1644870640,Card…rm/ADA_0.3,0.0,0.0,0.0,900.0
0.046783,201381.23,9421.38,68.34,1644870640,cbTHC/ADA_0.3,0.0,0.0,0.0,900.0
0.003002,2912245.76,8743.34,0.0,1644870640,DRIP/ADA_0.3,0.0,0.0,0.0,900.0
0.001174,7401613.0,8690.39,80.8,1644870640,FLANO/ADA_1.0,0.0,0.0,0.0,900.0
2.4e-05,349905446.0,8621.41,9011.36,1644870640,SHIBA/ADA_1.0,0.0,0.0,0.0,900.0
0.720929,25373068.34,18292187.23,1863173.07,1644871540,SUNDAE/ADA_0.3,5.500000000002725e-05,-742.019999999553,862.9699999988079,900.0
101.632579,147074.76,14947587.69,1288845.04,1644871540,LQ/ADA_0.3,0.1745830000000126,-119.22000000000116,13580.679999999702,900.0
0.822557,12738214.34,10477910.34,609566.83,1644871540,WMT/ADA_0.3,0.0,1419.179999999702,1167.3699999991804,900.0
0.125604,10237090.29,1285825.81,525985.88,1644871540,MELD/ADA_0.3,-5.9000000000003494e-05,5386.3499999996275,75.82000000006519,900.0
0.100771,10785890.0,1086909.65,157544.13,1644871540,PAVIA/ADA_0.3,-0.00018999999999999573,50162.0,3011.8299999998417,900.0
0.161059,6521329.0,1050321.36,70116.68,1644871540,XRAY/ADA_0.3,0.0,0.0,0.0,900.0
0.309226,2633477.0,814342.14,109947.22,1644871540,ADAX/ADA_0.3,0.00023299999999998322,-995.0,308.5100000000093,900.0
1.809844,401343.12,726368.84,65647.13,1644871540,AADA/ADA_0.3,-0.009193000000000007,1016.9500000000116,-1839.3100000000559,900.0
1.511226,334361.22,505295.41,122933.84,1644871540,VYFI/ADA_0.3,0.0,0.0,0.0,900.0
6.584495,50151.0,330219.03,164772.02,1644871540,MILK/ADA_0.3,0.0,0.0,0.0,900.0
0.121775,1650951.69,201045.0,43345.53,1644871540,MINt/ADA_0.3,0.00036299999999998833,-2459.840000000084,300.0,900.0
0.034009,5690629.24,193537.59,20875.76,1644871540,CLAP/ADA_0.3,0.0,0.0,0.0,900.0
0.0,6828541503677.0,155122.27,1060.34,1644871540,CHRLZ/ADA_0.3,0.0,0.0,0.0,900.0
2.152462,67715.28,145754.58,42283.95,1644871540,DANA/ADA_0.05,-0.040166000000000146,623.25,-1353.3000000000175,900.0
0.812849,167643.04,136268.52,0.0,1644871540,WMT/ADA_0.05,0.0,0.0,0.0,900.0
0.005433,21387192.0,116208.37,3806.41,1644871540,RAVE/ADA_1.0,5.000000000000664e-06,-10025.0,55.0,900.0
3.4e-05,3165692735.8,108046.19,928.91,1644871540,ASHIB/ADA_1.0,0.0,0.0,0.0,900.0
0.0,98305076066387.0,96684.81,1814.84,1644871540,BISON/ADA_0.3,0.0,0.0,0.0,900.0
0.033068,2701837.0,89346.41,9994.05,1644871540,FIRE/ADA_0.3,0.0,0.0,0.0,900.0
0.0,917258205569.0,72599.2,39297.5,1644871540,HOSKY/ADA_0.3,0.0,-75586119.0,6.0,900.0
0.317313,209527.88,66486.01,181905.84,1644871540,MIN/ADA_0.3,0.0,0.0,0.0,900.0
0.006254,8965211.0,56069.98,7232.42,1644871540,FLICK/ADA_0.3,0.0,0.0,0.0,900.0
0.096052,508351.0,48828.46,22031.74,1644871540,cNETA/ADA_0.3,0.0,0.0,0.0,900.0
0.012988,3373325.0,43815.98,5237.79,1644871540,CNFT/ADA_0.3,0.0,0.0,0.0,900.0
0.12941,337451.46,43669.88,2807.61,1644871540,MELD/ADA_1.0,0.0,0.0,0.0,900.0
0.10925,307796.26,33626.89,5514.52,1644871540,REVU/ADA_0.3,0.0,0.0,0.0,900.0
0.005472,5793588.0,31703.45,3198.57,1644871540,BDOGE/ADA_1.0,0.0,0.0,0.0,900.0
45.473946,686.0,31195.12,6003.46,1644871540,unsi…en/ADA_1.0,0.0,0.0,0.0,900.0
0.003102,9589182.68,29748.65,19102.1,1644871540,DRIP/ADA_1.0,0.0,1000.0,-3.069999999999709,900.0
0.000837,33762151.55,28289.97,350.5,1644871540,MONET/ADA_0.3,0.0,0.0,0.0,900.0
0.014763,1797895.0,26542.62,6178.61,1644871540,QUID/ADA_0.3,0.0,0.0,0.0,900.0
0.161645,153573.0,24824.37,2791.21,1644871540,SKULL/ADA_1.0,0.0,0.0,0.0,900.0
0.123004,174293.46,21438.85,0.0,1644871540,MINt/ADA_0.05,0.0,0.0,0.0,900.0
0.00075,27894910.0,20934.05,468.86,1644871540,RAG/ADA_1.0,0.0,0.0,0.0,900.0
25.703697,747.0,19200.66,4789.29,1644871540,XDIA…ND/ADA_1.0,0.0,0.0,0.0,900.0
0.337089,56851.04,19163.89,5125.21,1644871540,MIN/ADA_0.05,0.0,0.0,0.0,900.0
0.01679,1120970.0,18821.55,733.35,1644871540,GOKEY/ADA_0.3,0.0,0.0,0.0,900.0
0.0,219106492457.0,17305.06,0.0,1644871540,HOSKY/ADA_0.05,0.0,0.0,0.0,900.0
0.039789,428146.0,17035.57,836.76,1644871540,cMETA/ADA_0.3,0.0,0.0,0.0,900.0
0.42,40243.0,16902.09,4716.98,1644871540,CDX/ADA_1.0,0.0,0.0,0.0,900.0
1e-06,12842228360.0,15750.49,2996.02,1644871540,MEOW/ADA_0.3,0.0,0.0,0.0,900.0
2.188129,6546.0,14323.49,0.0,1644871540,DANA/ADA_0.3,0.0,0.0,0.0,900.0
0.300569,42105.14,12655.53,3447.55,1644871540,CARGO/ADA_0.3,0.0,0.0,0.0,900.0
0.000315,36627837.0,11539.19,3807.8,1644871540,KIDZ/ADA_0.3,6.000000000000037e-06,-319235.0,100.0,900.0
0.768512,14465.69,11117.07,0.0,1644871540,WMT/ADA_1.0,0.0,0.0,0.0,900.0
0.110195,97361.0,10728.76,0.0,1644871540,Card…rm/ADA_0.3,0.0,0.0,0.0,900.0
0.046783,201381.23,9421.38,68.34,1644871540,cbTHC/ADA_0.3,0.0,0.0,0.0,900.0
0.003002,2912245.76,8743.34,0.0,1644871540,DRIP/ADA_0.3,0.0,0.0,0.0,900.0
0.001174,7401613.0,8690.39,80.8,1644871540,FLANO/ADA_1.0,0.0,0.0,0.0,900.0
2.4e-05,349905446.0,8621.41,9011.36,1644871540,SHIBA/ADA_1.0,0.0,0.0,0.0,900.0
0.721054,25371077.03,18293933.2,1864771.08,1644872439,SUNDAE/ADA_0.3,0.00012499999999993072,-1991.309999998659,1745.969999998808,899.0
101.627162,147081.55,14947481.46,1289562.81,1644872439,LQ/ADA_0.3,-0.005417000000008443,6.789999999979045,-106.22999999858439,899.0
0.822843,12737024.27,10480573.93,611927.89,1644872439,WMT/ADA_0.3,0.00028600000000000847,-1190.070000000298,2663.589999999851,899.0
0.125625,10233830.4,1285633.5,529827.19,1644872439,MELD/ADA_0.3,2.0999999999993246e-05,-3259.8899999987334,-192.31000000005588,899.0
0.100754,10786784.0,1086819.84,157633.94,1644872439,PAVIA/ADA_0.3,-1.7000000000003124e-05,894.0,-89.80999999982305,899.0
0.16096,6523329.0,1050000.31,70437.74,1644872439,XRAY/ADA_0.3,-9.900000000001574e-05,2000.0,-321.05000000004657,899.0
0.309226,2633493.0,814347.09,109947.22,1644872439,ADAX/ADA_0.3,0.0,16.0,4.949999999953434,899.0
1.810342,401288.04,726468.84,65747.43,1644872439,AADA/ADA_0.3,0.0004979999999998874,-55.0800000000163,100.0,899.0
1.512729,334195.3,505547.03,123538.9,1644872439,VYFI/ADA_0.3,0.001503000000000032,-165.9199999999837,251.62000000005355,899.0
6.584495,50158.0,330265.12,164772.02,1644872439,MILK/ADA_0.3,0.0,7.0,46.089999999967404,899.0
0.126241,1621909.15,204752.7,47138.44,1644872439,MINt/ADA_0.3,0.004465999999999998,-29042.540000000037,3707.7000000000116,899.0
0.034009,5690629.24,193537.59,20875.76,1644872439,CLAP/ADA_0.3,0.0,0.0,0.0,899.0
0.0,6828541503677.0,155122.27,1060.34,1644872439,CHRLZ/ADA_0.3,0.0,0.0,0.0,899.0
2.152462,67715.28,145754.58,42283.95,1644872439,DANA/ADA_0.05,0.0,0.0,0.0,899.0
0.812849,167643.04,136268.52,0.0,1644872439,WMT/ADA_0.05,0.0,0.0,0.0,899.0
0.005432,21388988.0,116200.7,4015.07,1644872439,RAVE/ADA_1.0,-1.0000000000001327e-06,1796.0,-7.669999999998254,899.0
3.4e-05,3165692735.8,108046.19,928.91,1644872439,ASHIB/ADA_1.0,0.0,0.0,0.0,899.0
0.0,98305076066387.0,96684.81,1814.84,1644872439,BISON/ADA_0.3,0.0,0.0,0.0,899.0
0.033068,2701837.0,89346.41,9994.05,1644872439,FIRE/ADA_0.3,0.0,0.0,0.0,899.0
0.0,901998753153.0,73831.08,40533.08,1644872439,HOSKY/ADA_0.3,0.0,-15259452416.0,1231.8800000000047,899.0
0.317313,209352.55,66430.37,178253.26,1644872439,MIN/ADA_0.3,0.0,-175.3300000000163,-55.63999999999942,899.0
0.006254,8965211.0,56069.98,7232.42,1644872439,FLICK/ADA_0.3,0.0,0.0,0.0,899.0
0.095822,508962.0,48770.02,21202.17,1644872439,cNETA/ADA_0.3,-0.0002299999999999941,611.0,-58.44000000000233,899.0
0.012988,3373325.0,43815.98,4741.1,1644872439,CNFT/ADA_0.3,0.0,0.0,0.0,899.0
0.12941,337451.46,43669.88,1503.89,1644872439,MELD/ADA_1.0,0.0,0.0,0.0,899.0
0.10925,307796.26,33626.89,5514.52,1644872439,REVU/ADA_0.3,0.0,0.0,0.0,899.0
0.005472,5793588.0,31703.45,3198.57,1644872439,BDOGE/ADA_1.0,0.0,0.0,0.0,899.0
45.473946,686.0,31195.12,6003.46,1644872439,unsi…en/ADA_1.0,0.0,0.0,0.0,899.0
0.0031,9592182.68,29739.44,19721.05,1644872439,DRIP/ADA_1.0,-2.0000000000002655e-06,3000.0,-9.210000000002765,899.0
0.000837,33762151.55,28289.97,350.5,1644872439,MONET/ADA_0.3,0.0,0.0,0.0,899.0
0.014763,1797895.0,26542.62,6178.61,1644872439,QUID/ADA_0.3,0.0,0.0,0.0,899.0
0.161645,153573.0,24824.37,2648.81,1644872439,SKULL/ADA_1.0,0.0,0.0,0.0,899.0
0.123004,174293.46,21438.85,0.0,1644872439,MINt/ADA_0.05,0.0,0.0,0.0,899.0
0.00075,27894910.0,20934.05,308.05,1644872439,RAG/ADA_1.0,0.0,0.0,0.0,899.0
25.703697,747.0,19200.66,4789.29,1644872439,XDIA…ND/ADA_1.0,0.0,0.0,0.0,899.0
0.337089,56851.04,19163.89,5125.21,1644872439,MIN/ADA_0.05,0.0,0.0,0.0,899.0
0.01679,1120970.0,18821.55,733.35,1644872439,GOKEY/ADA_0.3,0.0,0.0,0.0,899.0
0.0,219106492457.0,17305.06,0.0,1644872439,HOSKY/ADA_0.05,0.0,0.0,0.0,899.0
0.039789,428146.0,17035.57,736.46,1644872439,cMETA/ADA_0.3,0.0,0.0,0.0,899.0
0.42,40243.0,16902.09,3744.3,1644872439,CDX/ADA_1.0,0.0,0.0,0.0,899.0
1e-06,12842228360.0,15750.49,2442.04,1644872439,MEOW/ADA_0.3,0.0,0.0,0.0,899.0
2.188129,6546.0,14323.49,0.0,1644872439,DANA/ADA_0.3,0.0,0.0,0.0,899.0
0.300569,42105.14,12655.53,3371.83,1644872439,CARGO/ADA_0.3,0.0,0.0,0.0,899.0
0.000315,36627837.0,11539.19,3807.8,1644872439,KIDZ/ADA_0.3,0.0,0.0,0.0,899.0
0.768512,14365.69,11040.22,0.0,1644872439,WMT/ADA_1.0,0.0,-100.0,-76.85000000000036,899.0
0.110195,97361.0,10728.76,0.0,1644872439,Card…rm/ADA_0.3,0.0,0.0,0.0,899.0
0.046783,201381.23,9421.38,68.34,1644872439,cbTHC/ADA_0.3,0.0,0.0,0.0,899.0
0.003002,2912245.76,8743.34,0.0,1644872439,DRIP/ADA_0.3,0.0,0.0,0.0,899.0
0.001174,7401613.0,8690.39,80.8,1644872439,FLANO/ADA_1.0,0.0,0.0,0.0,899.0
2.3e-05,359905446.0,8384.19,9197.62,1644872439,SHIBA/ADA_1.0,-1.0000000000000006e-06,10000000.0,-237.21999999999935,899.0
0.721114,25370612.97,18295106.32,1850169.35,1644873339,SUNDAE/ADA_0.3,6.0000000000060005e-05,-464.0600000023842,1173.120000001043,899.0
101.482529,147284.85,14946839.66,1262380.55,1644873339,LQ/ADA_0.3,-0.1446329999999989,203.30000000001746,-641.8000000007451,899.0
0.822451,12740475.42,10478427.75,603905.12,1644873339,WMT/ADA_0.3,-0.00039199999999994795,3451.1500000003725,-2146.179999999702,899.0
0.126523,10208817.93,1291659.83,475040.13,1644873339,MELD/ADA_0.3,0.0008980000000000099,-25012.47000000067,6026.3300000000745,899.0
0.100754,10786795.0,1086819.4,154188.15,1644873339,PAVIA/ADA_0.3,0.0,11.0,-0.4400000001769513,899.0
0.16096,6523329.0,1050000.31,70102.71,1644873339,XRAY/ADA_0.3,0.0,0.0,0.0,899.0
0.309226,2633493.0,814347.09,109617.34,1644873339,ADAX/ADA_0.3,0.0,0.0,0.0,899.0
1.812831,401012.87,726968.84,61713.12,1644873339,AADA/ADA_0.3,0.0024890000000001855,-275.1699999999837,500.0,899.0
1.517313,333690.8,506313.66,123044.7,1644873339,VYFI/ADA_0.3,0.0045839999999999215,-504.5,766.6299999999464,899.0
6.585226,50051.0,329597.15,162412.51,1644873339,MILK/ADA_0.3,0.000730999999999149,-107.0,-667.9699999999721,899.0
0.126241,1621909.15,204752.7,45499.42,1644873339,MINt/ADA_0.3,0.0,0.0,0.0,899.0
0.034009,5690629.24,193537.59,19781.04,1644873339,CLAP/ADA_0.3,0.0,0.0,0.0,899.0
0.0,6828541503677.0,155122.27,1060.34,1644873339,CHRLZ/ADA_0.3,0.0,0.0,0.0,899.0
1.984868,70516.85,139966.69,45185.51,1644873339,DANA/ADA_0.05,-0.1675939999999998,2801.570000000007,-5787.889999999985,899.0
0.812849,165788.95,134761.42,0.0,1644873339,WMT/ADA_0.05,0.0,-1854.0899999999965,-1507.0999999999767,899.0
0.005432,21388988.0,116200.7,3693.62,1644873339,RAVE/ADA_1.0,0.0,0.0,0.0,899.0
3.4e-05,3165693735.8,108046.23,928.91,1644873339,ASHIB/ADA_1.0,0.0,1000.0,0.03999999999359716,899.0
0.0,98305076066387.0,96684.81,1718.91,1644873339,BISON/ADA_0.3,0.0,0.0,0.0,899.0
0.033068,2701837.0,89346.41,9918.35,1644873339,FIRE/ADA_0.3,0.0,0.0,0.0,899.0
0.0,900321265072.0,73973.93,42250.96,1644873339,HOSKY/ADA_0.3,0.0,-1677488081.0,142.84999999999127,899.0
0.313022,210784.7,65980.37,178253.26,1644873339,MIN/ADA_0.3,-0.004290999999999989,1432.1500000000233,-450.0,899.0
0.006254,8965211.0,56069.98,7232.42,1644873339,FLICK/ADA_0.3,0.0,0.0,0.0,899.0
0.095822,508962.0,48770.02,21202.17,1644873339,cNETA/ADA_0.3,0.0,0.0,0.0,899.0
0.012988,3373325.0,43815.98,4741.1,1644873339,CNFT/ADA_0.3,0.0,0.0,0.0,899.0
0.12941,337451.46,43669.88,1503.89,1644873339,MELD/ADA_1.0,0.0,0.0,0.0,899.0
0.10925,307796.26,33626.89,5514.52,1644873339,REVU/ADA_0.3,0.0,0.0,0.0,899.0
0.005472,5793588.0,31703.45,3198.57,1644873339,BDOGE/ADA_1.0,0.0,0.0,0.0,899.0
45.473946,686.0,31195.12,6003.46,1644873339,unsi…en/ADA_1.0,0.0,0.0,0.0,899.0
0.002898,9885345.34,28650.29,19721.05,1644873339,DRIP/ADA_1.0,-0.00020199999999999992,293162.66000000015,-1089.1499999999978,899.0
0.000837,33762151.55,28289.97,350.5,1644873339,MONET/ADA_0.3,0.0,0.0,0.0,899.0
0.014763,1797916.0,26542.93,6178.61,1644873339,QUID/ADA_0.3,0.0,21.0,0.3100000000013097,899.0
0.161645,153573.0,24824.37,2648.81,1644873339,SKULL/ADA_1.0,0.0,0.0,0.0,899.0
0.123004,174293.46,21438.85,0.0,1644873339,MINt/ADA_0.05,0.0,0.0,0.0,899.0
0.00075,27894910.0,20934.05,308.05,1644873339,RAG/ADA_1.0,0.0,0.0,0.0,899.0
25.703697,747.0,19200.66,4789.29,1644873339,XDIA…ND/ADA_1.0,0.0,0.0,0.0,899.0
0.337089,56851.04,19163.89,5125.21,1644873339,MIN/ADA_0.05,0.0,0.0,0.0,899.0
0.01679,1120970.0,18821.55,733.35,1644873339,GOKEY/ADA_0.3,0.0,0.0,0.0,899.0
0.0,219106492457.0,17305.06,0.0,1644873339,HOSKY/ADA_0.05,0.0,0.0,0.0,899.0
0.039789,428146.0,17035.57,736.46,1644873339,cMETA/ADA_0.3,0.0,0.0,0.0,899.0
0.42,40243.0,16902.09,3744.3,1644873339,CDX/ADA_1.0,0.0,0.0,0.0,899.0
1e-06,12842228360.0,15750.49,2442.04,1644873339,MEOW/ADA_0.3,0.0,0.0,0.0,899.0
2.188129,6546.0,14323.49,0.0,1644873339,DANA/ADA_0.3,0.0,0.0,0.0,899.0
0.300569,42105.14,12655.53,3371.83,1644873339,CARGO/ADA_0.3,0.0,0.0,0.0,899.0
0.000315,36627837.0,11539.19,3807.8,1644873339,KIDZ/ADA_0.3,0.0,0.0,0.0,899.0
0.768512,14365.69,11040.22,0.0,1644873339,WMT/ADA_1.0,0.0,0.0,0.0,899.0
0.110195,97361.0,10728.76,0.0,1644873339,Card…rm/ADA_0.3,0.0,0.0,0.0,899.0
0.046783,201381.23,9421.38,68.34,1644873339,cbTHC/ADA_0.3,0.0,0.0,0.0,899.0
0.003002,2912245.76,8743.34,0.0,1644873339,DRIP/ADA_0.3,0.0,0.0,0.0,899.0
0.001174,7401613.0,8690.39,80.8,1644873339,FLANO/ADA_1.0,0.0,0.0,0.0,899.0
2.3e-05,359905446.0,8384.19,9197.62,1644873339,SHIBA/ADA_1.0,0.0,0.0,0.0,899.0
0.721154,25372139.9,18297225.94,1850680.88,1644874240,SUNDAE/ADA_0.3,3.999999999992898e-05,1526.929999999702,2119.620000001043,900.0
101.483912,147334.39,14952070.8,1262482.86,1644874240,LQ/ADA_0.3,0.001383000000004131,49.54000000000815,5231.140000000596,900.0
0.823405,12745343.65,10494586.78,609570.32,1644874240,WMT/ADA_0.3,0.0009540000000000104,4868.230000000447,16159.02999999933,900.0
0.126367,10215144.81,1290864.46,476582.42,1644874240,MELD/ADA_0.3,-0.00015599999999998948,6326.88000000082,-795.3700000001118,900.0
0.100754,10786806.0,1086818.96,154388.9,1644874240,PAVIA/ADA_0.3,0.0,11.0,-0.43999999994412065,900.0
0.16096,5842491.0,940411.94,70102.71,1644874240,XRAY/ADA_0.3,0.0,-680838.0,-109588.37000000011,900.0
0.311801,2622619.0,817736.22,113639.31,1644874240,ADAX/ADA_0.3,0.002574999999999994,-10874.0,3389.1300000000047,900.0
1.803837,402012.87,725165.93,63516.03,1644874240,AADA/ADA_0.3,-0.008994000000000169,1000.0,-1802.9099999999162,900.0
1.517313,333690.8,506313.66,123044.7,1644874240,VYFI/ADA_0.3,0.0,0.0,0.0,900.0
6.963278,48677.0,338951.51,174677.69,1644874240,MILK/ADA_0.3,0.3780520000000003,-1374.0,9354.359999999986,900.0
0.126085,1622913.92,204626.31,47516.88,1644874240,MINt/ADA_0.3,-0.00015599999999998948,1004.7700000000186,-126.39000000001397,900.0
0.034009,5690629.24,193537.59,19781.04,1644874240,CLAP/ADA_0.3,0.0,0.0,0.0,900.0
0.0,6828541503677.0,155122.27,1060.34,1644874240,CHRLZ/ADA_0.3,0.0,0.0,0.0,900.0
2.042577,69513.81,141987.32,47207.16,1644874240,DANA/ADA_0.05,0.05770900000000001,-1003.0400000000081,2020.6300000000047,900.0
0.812849,165528.82,134549.98,0.0,1644874240,WMT/ADA_0.05,0.0,-260.13000000000466,-211.44000000000233,900.0
0.005432,21388759.0,116201.96,3694.89,1644874240,RAVE/ADA_1.0,0.0,-229.0,1.2600000000093132,900.0
3.4e-05,3165693735.8,108046.23,928.91,1644874240,ASHIB/ADA_1.0,0.0,0.0,0.0,900.0
0.0,98305076066387.0,96684.81,1718.91,1644874240,BISON/ADA_0.3,0.0,0.0,0.0,900.0
0.033068,2701837.0,89346.41,9918.35,1644874240,FIRE/ADA_0.3,0.0,0.0,0.0,900.0
0.0,900321265072.0,73973.93,42250.96,1644874240,HOSKY/ADA_0.3,0.0,0.0,0.0,900.0
0.313022,211284.7,66136.88,178253.26,1644874240,MIN/ADA_0.3,0.0,500.0,156.5100000000093,900.0
0.006254,8965211.0,56069.98,7369.51,1644874240,FLICK/ADA_0.3,0.0,0.0,0.0,900.0
0.097794,503813.0,49270.02,21703.67,1644874240,cNETA/ADA_0.3,0.0019720000000000015,-5149.0,500.0,900.0
0.012988,3373325.0,43815.98,4741.1,1644874240,CNFT/ADA_0.3,0.0,0.0,0.0,900.0
0.12941,337451.46,43669.88,1503.89,1644874240,MELD/ADA_1.0,0.0,0.0,0.0,900.0
0.10925,307796.26,33626.89,5514.52,1644874240,REVU/ADA_0.3,0.0,0.0,0.0,900.0
0.005472,5793588.0,31703.45,3198.57,1644874240,BDOGE/ADA_1.0,0.0,0.0,0.0,900.0
45.473946,686.0,31195.12,6003.46,1644874240,unsi…en/ADA_1.0,0.0,0.0,0.0,900.0
0.002898,9885345.34,28650.29,19721.05,1644874240,DRIP/ADA_1.0,0.0,0.0,0.0,900.0
0.000839,33737052.55,28311.08,371.67,1644874240,MONET/ADA_0.3,2.0000000000000486e-06,-25099.0,21.110000000000582,900.0
0.014763,1797916.0,26542.93,6178.61,1644874240,QUID/ADA_0.3,0.0,0.0,0.0,900.0
0.161645,153573.0,24824.37,2648.81,1644874240,SKULL/ADA_1.0,0.0,0.0,0.0,900.0
0.123004,174293.46,21438.85,0.0,1644874240,MINt/ADA_0.05,0.0,0.0,0.0,900.0
0.00075,27894910.0,20934.05,308.05,1644874240,RAG/ADA_1.0,0.0,0.0,0.0,900.0
25.703697,747.0,19200.66,4789.29,1644874240,XDIA…ND/ADA_1.0,0.0,0.0,0.0,900.0
0.337089,56851.04,19163.89,5125.21,1644874240,MIN/ADA_0.05,0.0,0.0,0.0,900.0
0.016594,1127575.0,18711.63,843.27,1644874240,GOKEY/ADA_0.3,-0.00019599999999999826,6605.0,-109.91999999999825,900.0
0.0,219106492457.0,17305.06,0.0,1644874240,HOSKY/ADA_0.05,0.0,0.0,0.0,900.0
0.039789,428146.0,17035.57,736.46,1644874240,cMETA/ADA_0.3,0.0,0.0,0.0,900.0
0.42,40243.0,16902.09,3744.3,1644874240,CDX/ADA_1.0,0.0,0.0,0.0,900.0
1e-06,12842228360.0,15750.49,2442.04,1644874240,MEOW/ADA_0.3,0.0,0.0,0.0,900.0
2.188129,6546.0,14323.49,0.0,1644874240,DANA/ADA_0.3,0.0,0.0,0.0,900.0
0.000317,36470284.0,11589.19,3857.95,1644874240,KIDZ/ADA_0.3,1.9999999999999944e-06,-157553.0,50.0,900.0
0.768512,14365.69,11040.22,0.0,1644874240,WMT/ADA_1.0,0.0,0.0,0.0,900.0
0.110195,97361.0,10728.76,0.0,1644874240,Card…rm/ADA_0.3,0.0,0.0,0.0,900.0
0.046783,201381.23,9421.38,68.34,1644874240,cbTHC/ADA_0.3,0.0,0.0,0.0,900.0
0.003002,2912245.76,8743.34,0.0,1644874240,DRIP/ADA_0.3,0.0,0.0,0.0,900.0
0.001174,7401613.0,8690.39,80.8,1644874240,FLANO/ADA_1.0,0.0,0.0,0.0,900.0
2.3e-05,359905446.0,8384.19,9202.66,1644874240,SHIBA/ADA_1.0,0.0,0.0,0.0,900.0
0.000184,43742479.0,8049.75,725.37,1644874240,FIRE/ADA_1.0,0.0,0.0,0.0,16199.0
0.721175,25372263.72,18297864.12,1850957.06,1644875139,SUNDAE/ADA_0.3,2.1000000000048757e-05,123.82000000029802,638.179999999702,899.0
101.504639,147327.39,14954414.3,1274010.31,1644875139,LQ/ADA_0.3,0.020726999999993723,-7.0,2343.5,899.0
0.823379,12745764.72,10494604.62,609734.5,1644875139,WMT/ADA_0.3,-2.6000000000081513e-05,421.070000000298,17.83999999985099,899.0
0.126845,10195909.74,1293309.79,479938.05,1644875139,MELD/ADA_0.3,0.0004780000000000062,-19235.070000000298,2445.3300000000745,899.0
0.100832,10783644.0,1087339.5,155035.78,1644875139,PAVIA/ADA_0.3,7.800000000000862e-05,-3162.0,520.5400000000373,899.0
0.16096,5842491.0,940411.94,70102.71,1644875139,XRAY/ADA_0.3,0.0,0.0,0.0,899.0
0.311801,2622619.0,817736.22,113794.71,1644875139,ADAX/ADA_0.3,0.0,0.0,0.0,899.0
1.803837,402012.87,725165.93,64167.46,1644875139,AADA/ADA_0.3,0.0,0.0,0.0,899.0
1.518004,333615.1,506429.1,123233.26,1644875139,VYFI/ADA_0.3,0.0006909999999999972,-75.70000000001164,115.44000000000233,899.0
6.963193,48672.0,338912.57,174677.69,1644875139,MILK/ADA_0.3,-8.499999999944663e-05,-5.0,-38.94000000000233,899.0
0.123912,1637109.48,202857.99,47640.01,1644875139,MINt/ADA_0.3,-0.0021730000000000083,14195.560000000056,-1768.320000000007,899.0
0.034016,5690043.0,193557.59,19801.1,1644875139,CLAP/ADA_0.3,7.000000000000062e-06,-586.2400000002235,20.0,899.0
0.0,6828541503677.0,155122.27,1060.34,1644875139,CHRLZ/ADA_0.3,0.0,0.0,0.0,899.0
2.042577,69513.81,141987.32,47207.16,1644875139,DANA/ADA_0.05,0.0,0.0,0.0,899.0
0.812849,165607.59,134614.0,0.0,1644875139,WMT/ADA_0.05,0.0,78.76999999998952,64.01999999998952,899.0
0.005432,21388759.0,116201.96,3694.89,1644875139,RAVE/ADA_1.0,0.0,0.0,0.0,899.0
3.4e-05,3165143734.83,108065.19,948.07,1644875139,ASHIB/ADA_1.0,0.0,-550000.970000267,18.960000000006403,899.0
0.0,98305076066387.0,96684.81,1718.91,1644875139,BISON/ADA_0.3,0.0,0.0,0.0,899.0
0.033068,2701837.0,89346.41,10248.38,1644875139,FIRE/ADA_0.3,0.0,0.0,0.0,899.0
0.0,900321265072.0,73973.93,42250.96,1644875139,HOSKY/ADA_0.3,0.0,0.0,0.0,899.0
0.317766,209704.07,66636.88,178754.76,1644875139,MIN/ADA_0.3,0.0047439999999999705,-1580.6300000000047,500.0,899.0
0.006189,9012062.0,55779.36,7523.04,1644875139,FLICK/ADA_0.3,-6.499999999999995e-05,46851.0,-290.6200000000026,899.0
0.097407,504813.0,49172.71,21800.98,1644875139,cNETA/ADA_0.3,-0.00038700000000001233,1000.0,-97.30999999999767,899.0
0.012988,3373325.0,43815.98,4741.1,1644875139,CNFT/ADA_0.3,0.0,0.0,0.0,899.0
0.12941,337451.46,43669.88,1503.89,1644875139,MELD/ADA_1.0,0.0,0.0,0.0,899.0
0.10925,307796.26,33626.89,5514.52,1644875139,REVU/ADA_0.3,0.0,0.0,0.0,899.0
0.005472,5793588.0,31703.45,3198.57,1644875139,BDOGE/ADA_1.0,0.0,0.0,0.0,899.0
45.473946,686.0,31195.12,6003.46,1644875139,unsi…en/ADA_1.0,0.0,0.0,0.0,899.0
0.002899,9882883.01,28657.67,19745.82,1644875139,DRIP/ADA_1.0,1.0000000000001327e-06,-2462.3300000000745,7.379999999997381,899.0
0.000839,33737052.55,28311.08,371.67,1644875139,MONET/ADA_0.3,0.0,0.0,0.0,899.0
0.014763,1797916.0,26542.93,6178.61,1644875139,QUID/ADA_0.3,0.0,0.0,0.0,899.0
0.161645,153573.0,24824.37,2648.81,1644875139,SKULL/ADA_1.0,0.0,0.0,0.0,899.0
0.123004,174293.46,21438.85,0.0,1644875139,MINt/ADA_0.05,0.0,0.0,0.0,899.0
0.00075,27894910.0,20934.05,308.05,1644875139,RAG/ADA_1.0,0.0,0.0,0.0,899.0
26.227726,740.0,19408.51,4999.22,1644875139,XDIA…ND/ADA_1.0,0.5240290000000023,-7.0,207.84999999999854,899.0
0.337089,56851.04,19163.89,5125.21,1644875139,MIN/ADA_0.05,0.0,0.0,0.0,899.0
0.016594,1127575.0,18711.63,843.27,1644875139,GOKEY/ADA_0.3,0.0,0.0,0.0,899.0
0.0,219106492457.0,17305.06,0.0,1644875139,HOSKY/ADA_0.05,0.0,0.0,0.0,899.0
0.039789,428146.0,17035.57,736.46,1644875139,cMETA/ADA_0.3,0.0,0.0,0.0,899.0
0.42,40243.0,16902.09,3744.3,1644875139,CDX/ADA_1.0,0.0,0.0,0.0,899.0
1e-06,12842228360.0,15750.49,2442.04,1644875139,MEOW/ADA_0.3,0.0,0.0,0.0,899.0
2.188129,6546.0,14323.49,0.0,1644875139,DANA/ADA_0.3,0.0,0.0,0.0,899.0
0.300569,42105.14,12655.53,3371.83,1644875139,CARGO/ADA_0.3,0.0,0.0,0.0,1800.0
0.000317,36470284.0,11589.19,3857.95,1644875139,KIDZ/ADA_0.3,0.0,0.0,0.0,899.0
0.768512,14365.69,11040.22,0.0,1644875139,WMT/ADA_1.0,0.0,0.0,0.0,899.0
0.110195,97361.0,10728.76,0.0,1644875139,Card…rm/ADA_0.3,0.0,0.0,0.0,899.0
0.046783,201381.23,9421.38,68.34,1644875139,cbTHC/ADA_0.3,0.0,0.0,0.0,899.0
0.003002,2912245.76,8743.34,0.0,1644875139,DRIP/ADA_0.3,0.0,0.0,0.0,899.0
0.001174,7401613.0,8690.39,80.8,1644875139,FLANO/ADA_1.0,0.0,0.0,0.0,899.0
2.3e-05,359693657.0,8389.18,9202.66,1644875139,SHIBA/ADA_1.0,0.0,-211789.0,4.989999999999782,899.0
0.721206,25373667.67,18299666.43,1839847.04,1644876042,SUNDAE/ADA_0.3,3.100000000000325e-05,1403.9500000029802,1802.309999998659,902.0
101.290038,147529.27,14943245.87,1295018.04,1644876042,LQ/ADA_0.3,-0.21460100000000182,201.87999999997555,-11168.430000001565,902.0
0.823425,12747261.68,10496423.05,596315.14,1644876042,WMT/ADA_0.3,4.599999999999049e-05,1496.9599999990314,1818.4300000015646,902.0
0.126547,10207965.83,1291787.5,470747.02,1644876042,MELD/ADA_0.3,-0.00029800000000002047,12056.089999999851,-1522.2900000000373,902.0
0.100867,10781766.0,1087534.38,154309.35,1644876042,PAVIA/ADA_0.3,3.499999999999337e-05,-1878.0,194.87999999988824,902.0
0.16096,5842491.0,940411.94,59044.63,1644876042,XRAY/ADA_0.3,0.0,0.0,0.0,902.0
0.312444,2619925.0,818580.81,114241.33,1644876042,ADAX/ADA_0.3,0.0006430000000000047,-2694.0,844.5900000000838,902.0
1.807065,401654.21,725815.41,63966.86,1644876042,AADA/ADA_0.3,0.0032280000000000086,-358.6599999999744,649.4799999999814,902.0
1.518004,333615.1,506429.1,122010.08,1644876042,VYFI/ADA_0.3,0.0,0.0,0.0,902.0
6.72683,49521.0,333119.38,179810.62,1644876042,MILK/ADA_0.3,-0.23636300000000077,849.0,-5793.190000000002,902.0
0.127072,1616659.11,205432.19,50345.62,1644876042,MINt/ADA_0.3,0.003159999999999996,-20450.36999999988,2574.2000000000116,902.0
0.034189,5675695.46,194048.42,20313.78,1644876042,CLAP/ADA_0.3,0.00017299999999999954,-14347.540000000037,490.8300000000163,902.0
0.0,6828541503677.0,155122.27,1060.34,1644876042,CHRLZ/ADA_0.3,0.0,0.0,0.0,902.0
2.043571,69496.9,142021.89,47241.74,1644876042,DANA/ADA_0.05,0.0009939999999999394,-16.910000000003492,34.570000000006985,902.0
0.812849,166213.03,135106.13,0.0,1644876042,WMT/ADA_0.05,0.0,605.4400000000023,492.13000000000466,902.0
0.005432,21388759.0,116201.96,3694.89,1644876042,RAVE/ADA_1.0,0.0,0.0,0.0,902.0
3.4e-05,3165143734.83,108065.19,948.07,1644876042,ASHIB/ADA_1.0,0.0,0.0,0.0,902.0
0.0,98305076066387.0,96684.81,1718.91,1644876042,BISON/ADA_0.3,0.0,0.0,0.0,902.0
0.032824,2711884.0,89016.39,10248.38,1644876042,FIRE/ADA_0.3,-0.00024400000000000116,10047.0,-330.0200000000041,902.0
0.0,899924873793.0,74006.61,42283.74,1644876042,HOSKY/ADA_0.3,0.0,-396391279.0,32.68000000000757,902.0
0.30801,213004.07,65607.55,164283.56,1644876042,MIN/ADA_0.3,-0.009755999999999987,3300.0,-1029.3300000000017,902.0
0.006189,9012062.0,55779.36,4741.06,1644876042,FLICK/ADA_0.3,0.0,0.0,0.0,902.0
0.097363,504930.0,49161.98,17617.7,1644876042,cNETA/ADA_0.3,-4.399999999998849e-05,117.0,-10.729999999995925,902.0
0.012988,3373325.0,43815.98,4640.8,1644876042,CNFT/ADA_0.3,0.0,0.0,0.0,902.0
0.12941,337451.46,43669.88,1503.89,1644876042,MELD/ADA_1.0,0.0,0.0,0.0,902.0
0.10925,307796.26,33626.89,5514.52,1644876042,REVU/ADA_0.3,0.0,0.0,0.0,902.0
0.005472,5793588.0,31703.45,3198.57,1644876042,BDOGE/ADA_1.0,0.0,0.0,0.0,902.0
45.473946,686.0,31195.12,5792.11,1644876042,unsi…en/ADA_1.0,0.0,0.0,0.0,902.0
0.002898,9884883.01,28651.93,19320.57,1644876042,DRIP/ADA_1.0,-1.0000000000001327e-06,2000.0,-5.739999999997963,902.0
0.000839,33737052.55,28311.08,371.67,1644876042,MONET/ADA_0.3,0.0,0.0,0.0,902.0
0.014763,1797916.0,26542.93,5640.93,1644876042,QUID/ADA_0.3,0.0,0.0,0.0,902.0
0.16378,152574.0,24988.72,2814.8,1644876042,SKULL/ADA_1.0,0.002134999999999998,-999.0,164.35000000000218,902.0
0.123004,174293.46,21438.85,0.0,1644876042,MINt/ADA_0.05,0.0,0.0,0.0,902.0
0.00075,27894910.0,20934.05,308.05,1644876042,RAG/ADA_1.0,0.0,0.0,0.0,902.0
26.227726,740.0,19408.51,4999.22,1644876042,XDIA…ND/ADA_1.0,0.0,0.0,0.0,902.0
0.337089,56851.04,19163.89,5125.21,1644876042,MIN/ADA_0.05,0.0,0.0,0.0,902.0
0.016594,1127575.0,18711.63,843.27,1644876042,GOKEY/ADA_0.3,0.0,0.0,0.0,902.0
0.0,219106492457.0,17305.06,0.0,1644876042,HOSKY/ADA_0.05,0.0,0.0,0.0,902.0
0.039329,430645.0,16937.01,835.03,1644876042,cMETA/ADA_0.3,-0.00045999999999999514,2499.0,-98.56000000000131,902.0
0.42,40243.0,16902.09,3744.3,1644876042,CDX/ADA_1.0,0.0,0.0,0.0,902.0
1e-06,12842228360.0,15750.49,2442.04,1644876042,MEOW/ADA_0.3,0.0,0.0,0.0,902.0
2.188129,6546.0,14323.49,0.0,1644876042,DANA/ADA_0.3,0.0,0.0,0.0,902.0
0.300569,42105.14,12655.53,3356.64,1644876042,CARGO/ADA_0.3,0.0,0.0,0.0,902.0
0.00032,36314082.0,11639.19,3908.1,1644876042,KIDZ/ADA_0.3,3.0000000000000187e-06,-156202.0,50.0,902.0
0.768512,14365.69,11040.22,0.0,1644876042,WMT/ADA_1.0,0.0,0.0,0.0,902.0
0.110195,97361.0,10728.76,0.0,1644876042,Card…rm/ADA_0.3,0.0,0.0,0.0,902.0
0.046783,201381.23,9421.38,68.34,1644876042,cbTHC/ADA_0.3,0.0,0.0,0.0,902.0
0.003002,2912245.76,8743.34,0.0,1644876042,DRIP/ADA_0.3,0.0,0.0,0.0,902.0
0.001174,7401613.0,8690.39,80.8,1644876042,FLANO/ADA_1.0,0.0,0.0,0.0,902.0
2.3e-05,359142690.0,8402.18,9215.79,1644876042,SHIBA/ADA_1.0,0.0,-550967.0,13.0,902.0
0.721566,25371254.12,18307051.29,1840423.76,1644876942,SUNDAE/ADA_0.3,0.00036000000000002697,-2413.550000000745,7384.859999999404,900.0
101.289951,147558.99,14946243.11,1296024.49,1644876942,LQ/ADA_0.3,-8.699999999350894e-05,29.720000000001164,2997.2400000002235,900.0
0.824227,12744566.05,10504421.97,596427.47,1644876942,WMT/ADA_0.3,0.0008020000000000804,-2695.629999998957,7998.9199999999255,900.0
0.126329,10214886.07,1290446.4,472253.26,1644876942,MELD/ADA_0.3,-0.00021799999999999597,6920.2400000002235,-1341.1000000000931,900.0
0.100904,10779790.0,1087734.38,154509.95,1644876942,PAVIA/ADA_0.3,3.699999999999537e-05,-1976.0,200.0,900.0
0.16096,6524856.0,1050245.94,59044.63,1644876942,XRAY/ADA_0.3,0.0,682365.0,109834.0,900.0
0.313399,2615934.0,819833.68,115497.95,1644876942,ADAX/ADA_0.3,0.0009549999999999836,-3991.0,1252.8699999999953,900.0
1.807065,401654.21,725815.41,63966.86,1644876942,AADA/ADA_0.3,0.0,0.0,0.0,900.0
1.523965,332962.88,507424.1,123008.06,1644876942,VYFI/ADA_0.3,0.005961000000000105,-652.2199999999721,995.0,900.0
6.690089,49657.0,332209.76,180720.23,1644876942,MILK/ADA_0.3,-0.036740999999999246,136.0,-909.6199999999953,900.0
0.126999,1617123.4,205373.39,50404.43,1644876942,MINt/ADA_0.3,-7.299999999998974e-05,464.2899999998044,-58.79999999998836,900.0
0.034136,5680066.87,193899.53,19541.08,1644876942,CLAP/ADA_0.3,-5.2999999999997494e-05,4371.410000000149,-148.89000000001397,900.0
0.0,6828541503677.0,155122.27,850.61,1644876942,CHRLZ/ADA_0.3,0.0,0.0,0.0,900.0
2.055381,69296.99,142431.79,45719.31,1644876942,DANA/ADA_0.05,0.011810000000000098,-199.90999999998894,409.8999999999942,900.0
0.812849,166213.03,135106.13,0.0,1644876942,WMT/ADA_0.05,0.0,0.0,0.0,900.0
0.005432,21388759.0,116201.96,3694.89,1644876942,RAVE/ADA_1.0,0.0,0.0,0.0,900.0
3.4e-05,3165143734.83,108065.19,948.07,1644876942,ASHIB/ADA_1.0,0.0,0.0,0.0,900.0
0.0,98305076066387.0,96684.81,1718.91,1644876942,BISON/ADA_0.3,0.0,0.0,0.0,900.0
0.032824,2711884.0,89016.39,9857.21,1644876942,FIRE/ADA_0.3,0.0,0.0,0.0,900.0
0.0,909821964571.0,73204.0,41283.68,1644876942,HOSKY/ADA_0.3,0.0,9897090778.0,-802.6100000000006,900.0
0.311772,211717.14,66007.55,164684.76,1644876942,MIN/ADA_0.3,0.0037619999999999876,-1286.929999999993,400.0,900.0
0.006189,9012062.0,55779.36,4741.06,1644876942,FLICK/ADA_0.3,0.0,0.0,0.0,900.0
0.09556,509680.0,48705.35,18098.79,1644876942,cNETA/ADA_0.3,-0.001802999999999999,4750.0,-456.63000000000466,900.0
0.012988,3373325.0,43815.98,4640.8,1644876942,CNFT/ADA_0.3,0.0,0.0,0.0,900.0
0.12941,337451.46,43669.88,1503.89,1644876942,MELD/ADA_1.0,0.0,0.0,0.0,900.0
0.10925,307796.26,33626.89,5514.52,1644876942,REVU/ADA_0.3,0.0,0.0,0.0,900.0
0.005472,5793588.0,31703.45,3198.57,1644876942,BDOGE/ADA_1.0,0.0,0.0,0.0,900.0
45.473946,686.0,31195.12,5792.11,1644876942,unsi…en/ADA_1.0,0.0,0.0,0.0,900.0
0.002879,9916883.01,28560.4,19412.1,1644876942,DRIP/ADA_1.0,-1.899999999999992e-05,32000.0,-91.52999999999884,900.0
0.000839,33737052.55,28311.08,371.67,1644876942,MONET/ADA_0.3,0.0,0.0,0.0,900.0
0.014763,1797916.0,26542.93,5640.93,1644876942,QUID/ADA_0.3,0.0,0.0,0.0,900.0
0.16378,152624.0,24996.91,2814.8,1644876942,SKULL/ADA_1.0,0.0,50.0,8.18999999999869,900.0
0.123004,174293.46,21438.85,0.0,1644876942,MINt/ADA_0.05,0.0,0.0,0.0,900.0
0.00075,27894910.0,20934.05,308.05,1644876942,RAG/ADA_1.0,0.0,0.0,0.0,900.0
26.227726,740.0,19408.51,4999.22,1644876942,XDIA…ND/ADA_1.0,0.0,0.0,0.0,900.0
0.337089,56851.04,19163.89,5125.21,1644876942,MIN/ADA_0.05,0.0,0.0,0.0,900.0
0.016594,1127575.0,18711.63,843.27,1644876942,GOKEY/ADA_0.3,0.0,0.0,0.0,900.0
0.0,219106492457.0,17305.06,0.0,1644876942,HOSKY/ADA_0.05,0.0,0.0,0.0,900.0
0.039329,430645.0,16937.01,835.03,1644876942,cMETA/ADA_0.3,0.0,0.0,0.0,900.0
0.42,40243.0,16902.09,3744.3,1644876942,CDX/ADA_1.0,0.0,0.0,0.0,900.0
1e-06,12842228360.0,15750.49,2442.04,1644876942,MEOW/ADA_0.3,0.0,0.0,0.0,900.0
2.188129,6546.0,14323.49,0.0,1644876942,DANA/ADA_0.3,0.0,0.0,0.0,900.0
0.300569,42105.14,12655.53,3356.64,1644876942,CARGO/ADA_0.3,0.0,0.0,0.0,900.0
0.00032,36314082.0,11639.19,3908.1,1644876942,KIDZ/ADA_0.3,0.0,0.0,0.0,900.0
0.768512,14365.69,11040.22,0.0,1644876942,WMT/ADA_1.0,0.0,0.0,0.0,900.0
0.110195,97361.0,10728.76,0.0,1644876942,Card…rm/ADA_0.3,0.0,0.0,0.0,900.0
0.046783,201381.23,9421.38,68.34,1644876942,cbTHC/ADA_0.3,0.0,0.0,0.0,900.0
0.003002,2912245.76,8743.34,0.0,1644876942,DRIP/ADA_0.3,0.0,0.0,0.0,900.0
0.001174,7401613.0,8690.39,80.8,1644876942,FLANO/ADA_1.0,0.0,0.0,0.0,900.0
2.3e-05,359142690.0,8402.18,9215.79,1644876942,SHIBA/ADA_1.0,0.0,0.0,0.0,900.0
0.723546,25342050.34,18336151.33,1865640.18,1644877839,SUNDAE/ADA_0.3,0.0019799999999999818,-29203.780000001192,29100.039999999106,897.0
101.26806,147575.96,14944732.07,1297840.49,1644877839,LQ/ADA_0.3,-0.021890999999996552,16.970000000001164,-1511.039999999106,897.0
0.825113,12738177.44,10510436.72,602094.42,1644877839,WMT/ADA_0.3,0.0008859999999999424,-6388.610000001267,6014.75,897.0
0.126285,10231660.74,1292107.93,472895.47,1644877839,MELD/ADA_0.3,-4.399999999998849e-05,16774.669999999925,1661.530000000028,897.0
0.100477,10802732.0,1085432.36,157104.41,1644877839,PAVIA/ADA_0.3,-0.0004269999999999968,22942.0,-2302.019999999786,897.0
0.16096,6525556.0,1050358.62,59044.63,1644877839,XRAY/ADA_0.3,0.0,700.0,112.68000000016764,897.0
0.315694,2606425.0,822833.68,118506.95,1644877839,ADAX/ADA_0.3,0.0022949999999999915,-9509.0,3000.0,897.0
1.808035,401546.65,726010.41,64162.44,1644877839,AADA/ADA_0.3,0.0009700000000001374,-107.55999999999767,195.0,897.0
1.529488,332362.11,508344.08,123930.79,1644877839,VYFI/ADA_0.3,0.005522999999999945,-600.7700000000186,919.9800000000396,897.0
6.623331,49907.0,330550.59,182379.41,1644877839,MILK/ADA_0.3,-0.0667580000000001,250.0,-1659.1699999999837,897.0
0.128299,1608922.24,206423.39,52510.73,1644877839,MINt/ADA_0.3,0.0012999999999999956,-8201.159999999916,1050.0,897.0
0.034146,5679224.92,193928.36,19570.0,1644877839,CLAP/ADA_0.3,1.0000000000003062e-05,-841.9500000001863,28.829999999987194,897.0
0.0,6828541503677.0,155122.27,850.61,1644877839,CHRLZ/ADA_0.3,0.0,0.0,0.0,897.0
2.059712,69224.13,142581.79,45869.38,1644877839,DANA/ADA_0.05,0.004331000000000085,-72.86000000000058,150.0,897.0
0.812849,165813.2,134781.14,0.0,1644877839,WMT/ADA_0.05,0.0,-399.8299999999872,-324.9899999999907,897.0
0.005423,21406963.0,116104.13,3792.72,1644877839,RAVE/ADA_1.0,-9.000000000000327e-06,18204.0,-97.83000000000175,897.0
3.4e-05,3165143734.83,108065.19,948.07,1644877839,ASHIB/ADA_1.0,0.0,0.0,0.0,897.0
0.0,98305076066387.0,96684.81,1718.91,1644877839,BISON/ADA_0.3,0.0,0.0,0.0,897.0
0.032824,2711884.0,89016.39,9857.21,1644877839,FIRE/ADA_0.3,0.0,0.0,0.0,897.0
0.0,896336828704.0,74308.66,42391.65,1644877839,HOSKY/ADA_0.3,0.0,-13485135867.0,1104.6600000000035,897.0
0.311686,211746.29,65998.48,164702.89,1644877839,MIN/ADA_0.3,-8.599999999997499e-05,29.14999999999418,-9.070000000006985,897.0
0.006189,9012062.0,55779.36,4741.06,1644877839,FLICK/ADA_0.3,0.0,0.0,0.0,897.0
0.096149,508120.0,48855.35,18249.24,1644877839,cNETA/ADA_0.3,0.0005889999999999923,-1560.0,150.0,897.0
0.012988,3373325.0,43815.98,4640.8,1644877839,CNFT/ADA_0.3,0.0,0.0,0.0,897.0
0.12941,337451.46,43669.88,1503.89,1644877839,MELD/ADA_1.0,0.0,0.0,0.0,897.0
0.10925,307796.26,33626.89,5514.52,1644877839,REVU/ADA_0.3,0.0,0.0,0.0,897.0
0.005472,5793588.0,31703.45,3198.57,1644877839,BDOGE/ADA_1.0,0.0,0.0,0.0,897.0
45.473946,686.0,31195.12,5792.11,1644877839,unsi…en/ADA_1.0,0.0,0.0,0.0,897.0
0.002878,9919883.01,28551.85,19420.65,1644877839,DRIP/ADA_1.0,-1.0000000000001327e-06,3000.0,-8.55000000000291,897.0
0.000839,33737052.55,28311.08,371.67,1644877839,MONET/ADA_0.3,0.0,0.0,0.0,897.0
0.014763,1797916.0,26542.93,5640.93,1644877839,QUID/ADA_0.3,0.0,0.0,0.0,897.0
0.163845,152594.0,25001.91,2819.85,1644877839,SKULL/ADA_1.0,6.499999999998174e-05,-30.0,5.0,897.0
0.123004,174293.46,21438.85,0.0,1644877839,MINt/ADA_0.05,0.0,0.0,0.0,897.0
0.00075,27894910.0,20934.05,308.05,1644877839,RAG/ADA_1.0,0.0,0.0,0.0,897.0
26.227726,740.0,19408.51,4999.22,1644877839,XDIA…ND/ADA_1.0,0.0,0.0,0.0,897.0
0.337089,56851.04,19163.89,5125.21,1644877839,MIN/ADA_0.05,0.0,0.0,0.0,897.0
0.016594,1127575.0,18711.63,843.27,1644877839,GOKEY/ADA_0.3,0.0,0.0,0.0,897.0
0.0,219106492457.0,17305.06,0.0,1644877839,HOSKY/ADA_0.05,0.0,0.0,0.0,897.0
0.039329,430645.0,16937.01,835.03,1644877839,cMETA/ADA_0.3,0.0,0.0,0.0,897.0
0.42,40243.0,16902.09,3744.3,1644877839,CDX/ADA_1.0,0.0,0.0,0.0,897.0
1e-06,12842228360.0,15750.49,2442.04,1644877839,MEOW/ADA_0.3,0.0,0.0,0.0,897.0
2.188129,6546.0,14323.49,0.0,1644877839,DANA/ADA_0.3,0.0,0.0,0.0,897.0
0.300569,42105.14,12655.53,3356.64,1644877839,CARGO/ADA_0.3,0.0,0.0,0.0,897.0
0.000323,36134558.0,11697.19,3966.28,1644877839,KIDZ/ADA_0.3,2.9999999999999645e-06,-179524.0,58.0,897.0
0.768512,14365.69,11040.22,0.0,1644877839,WMT/ADA_1.0,0.0,0.0,0.0,897.0
0.110195,97361.0,10728.76,0.0,1644877839,Card…rm/ADA_0.3,0.0,0.0,0.0,897.0
0.046783,201381.23,9421.38,68.34,1644877839,cbTHC/ADA_0.3,0.0,0.0,0.0,897.0
0.003002,2912245.76,8743.34,0.0,1644877839,DRIP/ADA_0.3,0.0,0.0,0.0,897.0
0.001174,7401613.0,8690.39,80.8,1644877839,FLANO/ADA_1.0,0.0,0.0,0.0,897.0
2.3e-05,359142690.0,8402.18,9215.79,1644877839,SHIBA/ADA_1.0,0.0,0.0,0.0,897.0
0.725531,25307419.24,18361318.33,1890982.98,1644878756,SUNDAE/ADA_0.3,0.0019850000000000145,-34631.10000000149,25167.0,916.0
101.419757,147519.18,14961360.19,1309082.11,1644878756,LQ/ADA_0.3,0.15169699999999864,-56.779999999998836,16628.11999999918,916.0
0.827199,12722305.1,10523885.98,617086.21,1644878756,WMT/ADA_0.3,0.0020860000000000323,-15872.339999999851,13449.259999999776,916.0
0.126037,10242555.98,1290944.1,476035.66,1644878756,MELD/ADA_0.3,-0.0002479999999999982,10895.240000000224,-1163.8299999998417,916.0
0.10188,12295989.0,1252719.95,177179.25,1644878756,PAVIA/ADA_0.3,0.0014030000000000015,1493257.0,167287.58999999985,916.0
0.16096,6525556.0,1050358.62,59044.63,1644878756,XRAY/ADA_0.3,0.0,0.0,0.0,916.0
0.315694,2606425.0,822833.68,118803.84,1644878756,ADAX/ADA_0.3,0.0,0.0,0.0,916.0
1.808035,401546.65,726010.41,64162.44,1644878756,AADA/ADA_0.3,0.0,0.0,0.0,916.0
1.526874,332647.09,507910.29,124504.79,1644878756,VYFI/ADA_0.3,-0.002613999999999894,284.9800000000396,-433.79000000003725,916.0
6.621741,49913.0,330510.97,182419.03,1644878756,MILK/ADA_0.3,-0.0015900000000002024,6.0,-39.62000000005355,916.0
0.128299,1608922.24,206423.39,52592.2,1644878756,MINt/ADA_0.3,0.0,0.0,0.0,916.0
0.034146,5679224.92,193928.36,19570.0,1644878756,CLAP/ADA_0.3,0.0,0.0,0.0,916.0
0.0,6828541503677.0,155122.27,850.61,1644878756,CHRLZ/ADA_0.3,0.0,0.0,0.0,916.0
2.059712,69224.13,142581.79,45869.38,1644878756,DANA/ADA_0.05,0.0,0.0,0.0,916.0
0.812849,166055.51,134978.1,0.0,1644878756,WMT/ADA_0.05,0.0,242.30999999999767,196.95999999999185,916.0
0.005423,21406963.0,116104.13,3792.72,1644878756,RAVE/ADA_1.0,0.0,0.0,0.0,916.0
3.4e-05,3165143734.83,108065.19,948.07,1644878756,ASHIB/ADA_1.0,0.0,0.0,0.0,916.0
0.0,98305076066387.0,96684.81,1718.91,1644878756,BISON/ADA_0.3,0.0,0.0,0.0,916.0
0.032824,2711884.0,89016.39,9857.21,1644878756,FIRE/ADA_0.3,0.0,0.0,0.0,916.0
0.0,886818072493.0,75108.66,43194.05,1644878756,HOSKY/ADA_0.3,0.0,-9518756211.0,800.0,916.0
0.31737,209844.31,66598.48,165304.69,1644878756,MIN/ADA_0.3,0.005683999999999967,-1901.9800000000105,600.0,916.0
0.006189,9012062.0,55779.36,4741.06,1644878756,FLICK/ADA_0.3,0.0,0.0,0.0,916.0
0.096149,509128.0,48952.27,18249.24,1644878756,cNETA/ADA_0.3,0.0,1008.0,96.91999999999825,916.0
0.012988,3373325.0,43815.98,4640.8,1644878756,CNFT/ADA_0.3,0.0,0.0,0.0,916.0
0.12941,337451.46,43669.88,1503.89,1644878756,MELD/ADA_1.0,0.0,0.0,0.0,916.0
0.10925,307796.26,33626.89,5514.52,1644878756,REVU/ADA_0.3,0.0,0.0,0.0,916.0
0.005472,5794588.0,31708.92,3198.57,1644878756,BDOGE/ADA_1.0,0.0,1000.0,5.469999999997526,916.0
45.473946,686.0,31195.12,5792.11,1644878756,unsi…en/ADA_1.0,0.0,0.0,0.0,916.0
0.002875,9923883.01,28540.46,19432.05,1644878756,DRIP/ADA_1.0,-2.9999999999999645e-06,4000.0,-11.389999999999418,916.0
0.000839,33737052.55,28311.08,371.67,1644878756,MONET/ADA_0.3,0.0,0.0,0.0,916.0
0.014763,1797916.0,26542.93,5640.93,1644878756,QUID/ADA_0.3,0.0,0.0,0.0,916.0
0.163845,152594.0,25001.91,2819.85,1644878756,SKULL/ADA_1.0,0.0,0.0,0.0,916.0
0.123004,174293.46,21438.85,0.0,1644878756,MINt/ADA_0.05,0.0,0.0,0.0,916.0
0.00075,27894910.0,20934.05,308.05,1644878756,RAG/ADA_1.0,0.0,0.0,0.0,916.0
26.227726,740.0,19408.51,4999.22,1644878756,XDIA…ND/ADA_1.0,0.0,0.0,0.0,916.0
0.337089,56851.04,19163.89,5125.21,1644878756,MIN/ADA_0.05,0.0,0.0,0.0,916.0
0.016594,1127575.0,18711.63,843.27,1644878756,GOKEY/ADA_0.3,0.0,0.0,0.0,916.0
0.0,219106492457.0,17305.06,0.0,1644878756,HOSKY/ADA_0.05,0.0,0.0,0.0,916.0
0.039329,430645.0,16937.01,835.03,1644878756,cMETA/ADA_0.3,0.0,0.0,0.0,916.0
0.421036,40194.0,16923.12,3765.53,1644878756,CDX/ADA_1.0,0.0010360000000000369,-49.0,21.029999999998836,916.0
1e-06,12842228360.0,15750.49,2442.04,1644878756,MEOW/ADA_0.3,0.0,0.0,0.0,916.0
2.188129,6546.0,14323.49,0.0,1644878756,DANA/ADA_0.3,0.0,0.0,0.0,916.0
0.300569,42115.14,12658.54,3356.64,1644878756,CARGO/ADA_0.3,0.0,10.0,3.0100000000002183,916.0
0.000324,36094564.0,11710.19,3979.32,1644878756,KIDZ/ADA_0.3,1.0000000000000243e-06,-39994.0,13.0,916.0
0.768512,14365.69,11040.22,0.0,1644878756,WMT/ADA_1.0,0.0,0.0,0.0,916.0
0.110195,97361.0,10728.76,0.0,1644878756,Card…rm/ADA_0.3,0.0,0.0,0.0,916.0
0.046783,201381.23,9421.38,68.34,1644878756,cbTHC/ADA_0.3,0.0,0.0,0.0,916.0
0.003002,2920245.76,8767.35,0.0,1644878756,DRIP/ADA_0.3,0.0,8000.0,24.01000000000022,916.0
0.001174,7401613.0,8690.39,80.8,1644878756,FLANO/ADA_1.0,0.0,0.0,0.0,916.0
2.2e-05,369142690.0,8176.78,9441.18,1644878756,SHIBA/ADA_1.0,-1.0000000000000006e-06,10000000.0,-225.40000000000055,916.0
0.725538,25307993.79,18361934.88,1891083.28,1644879645,SUNDAE/ADA_0.3,6.999999999979245e-06,574.5500000007451,616.5500000007451,889.0
101.406135,147722.12,14979930.11,1310105.15,1644879645,LQ/ADA_0.3,-0.013621999999998025,202.94000000000233,18569.919999999925,889.0
0.827204,12728122.03,10528757.65,617116.3,1644879645,WMT/ADA_0.3,5.000000000032756e-06,5816.929999999702,4871.6699999999255,889.0
0.126045,10242211.39,1290988.42,476331.85,1644879645,MELD/ADA_0.3,7.999999999980245e-06,-344.589999999851,44.31999999983236,889.0
0.100503,10801623.0,1085604.57,177396.96,1644879645,PAVIA/ADA_0.3,-0.0013770000000000032,-1494366.0,-167115.3799999999,889.0
0.160966,6525433.0,1050378.62,59064.69,1644879645,XRAY/ADA_0.3,6.0000000000060005e-06,-123.0,20.0,889.0
0.315921,2605491.0,823129.68,118803.84,1644879645,ADAX/ADA_0.3,0.00022700000000003273,-934.0,296.0,889.0
1.808035,401546.65,726010.41,64162.44,1644879645,AADA/ADA_0.3,0.0,0.0,0.0,889.0
1.527798,332546.57,508064.29,124659.25,1644879645,VYFI/ADA_0.3,0.0009239999999999249,-100.52000000001863,154.0,889.0
6.621741,49913.0,330510.97,182419.03,1644879645,MILK/ADA_0.3,0.0,0.0,0.0,889.0
0.128197,1609559.44,206341.91,52465.08,1644879645,MINt/ADA_0.3,-0.00010199999999999099,637.1999999999534,-81.48000000001048,889.0
0.034146,5679224.92,193928.36,19570.0,1644879645,CLAP/ADA_0.3,0.0,0.0,0.0,889.0
0.0,6828541503677.0,155122.27,850.61,1644879645,CHRLZ/ADA_0.3,0.0,0.0,0.0,889.0
2.059712,69224.13,142581.79,45795.34,1644879645,DANA/ADA_0.05,0.0,0.0,0.0,889.0
0.812849,166055.51,134978.1,0.0,1644879645,WMT/ADA_0.05,0.0,0.0,0.0,889.0
0.005423,21406963.0,116104.13,3792.72,1644879645,RAVE/ADA_1.0,0.0,0.0,0.0,889.0
3.4e-05,3165143734.83,108065.19,948.07,1644879645,ASHIB/ADA_1.0,0.0,0.0,0.0,889.0
0.0,98305076066387.0,96684.81,1716.62,1644879645,BISON/ADA_0.3,0.0,0.0,0.0,889.0
0.030001,2877704.0,86335.57,9454.79,1644879645,FIRE/ADA_0.3,-0.002822999999999999,165820.0,-2680.8199999999924,889.0
0.0,886818072493.0,75108.66,42541.15,1644879645,HOSKY/ADA_0.3,0.0,0.0,0.0,889.0
0.321835,208386.06,67066.13,160565.38,1644879645,MIN/ADA_0.3,0.004464999999999997,-1458.25,467.65000000000873,889.0
0.00619,9011063.0,55785.56,3961.59,1644879645,FLICK/ADA_0.3,1.0000000000001327e-06,-999.0,6.19999999999709,889.0
0.094842,512628.0,48619.04,16764.72,1644879645,cNETA/ADA_0.3,-0.0013070000000000026,3500.0,-333.2299999999959,889.0
0.012988,3373325.0,43815.98,4640.8,1644879645,CNFT/ADA_0.3,0.0,0.0,0.0,889.0
0.12941,337718.46,43704.43,1503.89,1644879645,MELD/ADA_1.0,0.0,267.0,34.55000000000291,889.0
0.10925,307796.26,33626.89,5514.52,1644879645,REVU/ADA_0.3,0.0,0.0,0.0,889.0
0.005472,5794588.0,31708.92,2885.47,1644879645,BDOGE/ADA_1.0,0.0,0.0,0.0,889.0
45.473946,686.0,31195.12,4805.27,1644879645,unsi…en/ADA_1.0,0.0,0.0,0.0,889.0
0.002874,9926883.01,28531.92,19436.12,1644879645,DRIP/ADA_1.0,-1.0000000000001327e-06,3000.0,-8.540000000000873,889.0
0.000839,33737052.55,28311.08,308.89,1644879645,MONET/ADA_0.3,0.0,0.0,0.0,889.0
0.014763,1797916.0,26542.93,5178.35,1644879645,QUID/ADA_0.3,0.0,0.0,0.0,889.0
0.163845,152594.0,25001.91,1546.32,1644879645,SKULL/ADA_1.0,0.0,0.0,0.0,889.0
0.123004,174293.46,21438.85,0.0,1644879645,MINt/ADA_0.05,0.0,0.0,0.0,889.0
0.00075,27894910.0,20934.05,308.05,1644879645,RAG/ADA_1.0,0.0,0.0,0.0,889.0
26.227726,740.0,19408.51,4999.22,1644879645,XDIA…ND/ADA_1.0,0.0,0.0,0.0,889.0
0.337089,56851.04,19163.89,5125.21,1644879645,MIN/ADA_0.05,0.0,0.0,0.0,889.0
0.016594,1127575.0,18711.63,843.27,1644879645,GOKEY/ADA_0.3,0.0,0.0,0.0,889.0
0.0,219106492457.0,17305.06,0.0,1644879645,HOSKY/ADA_0.05,0.0,0.0,0.0,889.0
0.039329,430645.0,16937.01,835.03,1644879645,cMETA/ADA_0.3,0.0,0.0,0.0,889.0
0.421036,40194.0,16923.12,3765.53,1644879645,CDX/ADA_1.0,0.0,0.0,0.0,889.0
1e-06,12842228360.0,15750.49,1982.66,1644879645,MEOW/ADA_0.3,0.0,0.0,0.0,889.0
2.188129,6546.0,14323.49,0.0,1644879645,DANA/ADA_0.3,0.0,0.0,0.0,889.0
0.300569,42115.14,12658.54,3356.64,1644879645,CARGO/ADA_0.3,0.0,0.0,0.0,889.0
0.000324,36131552.0,11722.19,3919.14,1644879645,KIDZ/ADA_0.3,0.0,36988.0,12.0,889.0
0.768512,14365.69,11040.22,0.0,1644879645,WMT/ADA_1.0,0.0,0.0,0.0,889.0
0.110195,97361.0,10728.76,0.0,1644879645,Card…rm/ADA_0.3,0.0,0.0,0.0,889.0
0.046783,201381.23,9421.38,68.34,1644879645,cbTHC/ADA_0.3,0.0,0.0,0.0,889.0
0.003002,2920245.76,8767.35,0.0,1644879645,DRIP/ADA_0.3,0.0,0.0,0.0,889.0
0.001174,7401613.0,8690.39,80.8,1644879645,FLANO/ADA_1.0,0.0,0.0,0.0,889.0
2.2e-05,369142690.0,8176.78,9116.48,1644879645,SHIBA/ADA_1.0,0.0,0.0,0.0,889.0
0.725624,25319513.2,18372449.56,1889106.64,1644880543,SUNDAE/ADA_0.3,8.60000000000305e-05,11519.410000000149,10514.679999999702,898.0
101.406135,147731.18,14980849.07,1298460.36,1644880543,LQ/ADA_0.3,0.0,9.059999999997672,918.9600000008941,898.0
0.827974,12724022.5,10535160.8,599909.71,1644880543,WMT/ADA_0.3,0.0007699999999999374,-4099.529999999329,6403.1500000003725,898.0
0.126228,10234822.35,1291926.76,463119.27,1644880543,MELD/ADA_0.3,0.00018300000000001648,-7389.040000000969,938.3400000000838,898.0
0.100588,10797107.0,1086060.08,176731.88,1644880543,PAVIA/ADA_0.3,8.500000000000174e-05,-4516.0,455.5100000000093,898.0
0.161706,6511171.0,1052899.61,49294.41,1644880543,XRAY/ADA_0.3,0.0007399999999999907,-14262.0,2520.9899999999907,898.0
0.317455,2599195.0,825129.68,120180.68,1644880543,ADAX/ADA_0.3,0.0015339999999999798,-6296.0,2000.0,898.0
1.818853,400352.52,728182.41,64674.79,1644880543,AADA/ADA_0.3,0.010817999999999994,-1194.1300000000047,2172.0,898.0
1.527544,332574.26,508022.11,122483.39,1644880543,VYFI/ADA_0.3,-0.00025399999999997647,27.69000000000233,-42.179999999993015,898.0
6.701958,49614.0,332510.97,182742.79,1644880543,MILK/ADA_0.3,0.0802170000000002,-299.0,2000.0,898.0
0.128197,1609559.44,206341.91,52465.08,1644880543,MINt/ADA_0.3,0.0,0.0,0.0,898.0
0.034146,5679224.92,193928.36,19570.0,1644880543,CLAP/ADA_0.3,0.0,0.0,0.0,898.0
0.0,6828541503677.0,155122.27,850.61,1644880543,CHRLZ/ADA_0.3,0.0,0.0,0.0,898.0
2.081664,68858.24,143339.79,46553.72,1644880543,DANA/ADA_0.05,0.02195199999999975,-365.8899999999994,758.0,898.0
0.812849,166055.51,134978.1,0.0,1644880543,WMT/ADA_0.05,0.0,0.0,0.0,898.0
0.005423,21406963.0,116104.13,3792.72,1644880543,RAVE/ADA_1.0,0.0,0.0,0.0,898.0
3.4e-05,3136410649.11,109065.19,1958.07,1644880543,ASHIB/ADA_1.0,0.0,-28733085.71999979,1000.0,898.0
0.0,98305076066387.0,96684.81,1716.62,1644880543,BISON/ADA_0.3,0.0,0.0,0.0,898.0
0.032824,2711884.0,89016.39,9454.79,1644880543,FIRE/ADA_0.3,0.002822999999999999,-165820.0,2680.8199999999924,898.0
0.0,886818072493.0,75108.66,42541.15,1644880543,HOSKY/ADA_0.3,0.0,0.0,0.0,898.0
0.324817,207428.9,67376.53,160876.71,1644880543,MIN/ADA_0.3,0.00298200000000004,-957.1600000000035,310.3999999999942,898.0
0.00619,9011063.0,55785.56,3961.59,1644880543,FLICK/ADA_0.3,0.0,0.0,0.0,898.0
0.094455,513678.0,48519.96,16863.81,1644880543,cNETA/ADA_0.3,-0.00038699999999999846,1050.0,-99.08000000000175,898.0
0.012988,3373325.0,43815.98,4640.8,1644880543,CNFT/ADA_0.3,0.0,0.0,0.0,898.0
0.12941,337718.46,43704.43,1503.89,1644880543,MELD/ADA_1.0,0.0,0.0,0.0,898.0
0.10925,307796.26,33626.89,5514.52,1644880543,REVU/ADA_0.3,0.0,0.0,0.0,898.0
0.005472,5794588.0,31708.92,2885.47,1644880543,BDOGE/ADA_1.0,0.0,0.0,0.0,898.0
45.473946,686.0,31195.12,4805.27,1644880543,unsi…en/ADA_1.0,0.0,0.0,0.0,898.0
0.00287,9932883.01,28514.85,19453.18,1644880543,DRIP/ADA_1.0,-3.9999999999996635e-06,6000.0,-17.06999999999971,898.0
0.000839,33737052.55,28311.08,308.89,1644880543,MONET/ADA_0.3,0.0,0.0,0.0,898.0
0.014785,1796567.0,26562.93,5198.41,1644880543,QUID/ADA_0.3,2.199999999999945e-05,-1349.0,20.0,898.0
0.164001,152522.0,25013.91,1558.44,1644880543,SKULL/ADA_1.0,0.00015600000000001724,-72.0,12.0,898.0
0.123004,174293.46,21438.85,0.0,1644880543,MINt/ADA_0.05,0.0,0.0,0.0,898.0
0.00075,27894910.0,20934.05,308.05,1644880543,RAG/ADA_1.0,0.0,0.0,0.0,898.0
26.47761,737.0,19513.99,5105.76,1644880543,XDIA…ND/ADA_1.0,0.249883999999998,-3.0,105.4800000000032,898.0
0.337089,56851.04,19163.89,5125.21,1644880543,MIN/ADA_0.05,0.0,0.0,0.0,898.0
0.016594,1127575.0,18711.63,843.27,1644880543,GOKEY/ADA_0.3,0.0,0.0,0.0,898.0
0.0,219106492457.0,17305.06,0.0,1644880543,HOSKY/ADA_0.05,0.0,0.0,0.0,898.0
0.039329,430645.0,16937.01,835.03,1644880543,cMETA/ADA_0.3,0.0,0.0,0.0,898.0
0.421036,40194.0,16923.12,3765.53,1644880543,CDX/ADA_1.0,0.0,0.0,0.0,898.0
1e-06,12842228360.0,15750.49,1982.66,1644880543,MEOW/ADA_0.3,0.0,0.0,0.0,898.0
0.581036,24782.28,14399.42,0.0,1644880543,SUNDAE/ADA_0.05,,,,
2.188129,6546.0,14323.49,0.0,1644880543,DANA/ADA_0.3,0.0,0.0,0.0,898.0
0.300569,42115.14,12658.54,3356.64,1644880543,CARGO/ADA_0.3,0.0,0.0,0.0,898.0
0.000324,36100848.0,11732.19,3929.17,1644880543,KIDZ/ADA_0.3,0.0,-30704.0,10.0,898.0
0.768512,14365.69,11040.22,0.0,1644880543,WMT/ADA_1.0,0.0,0.0,0.0,898.0
0.110195,97361.0,10728.76,0.0,1644880543,Card…rm/ADA_0.3,0.0,0.0,0.0,898.0
0.046783,201381.23,9421.38,68.34,1644880543,cbTHC/ADA_0.3,0.0,0.0,0.0,898.0
0.003002,2920245.76,8767.35,0.0,1644880543,DRIP/ADA_0.3,0.0,0.0,0.0,898.0
0.001174,7401613.0,8690.39,80.8,1644880543,FLANO/ADA_1.0,0.0,0.0,0.0,898.0
0.725682,25321673.5,18375492.18,1890548.19,1644881444,SUNDAE/ADA_0.3,5.8000000000002494e-05,2160.300000000745,3042.620000001043,900.0
101.268316,147863.26,14973863.45,1311130.08,1644881444,LQ/ADA_0.3,-0.13781900000000746,132.0800000000163,-6985.620000001043,900.0
0.828023,12723946.62,10535725.02,600224.65,1644881444,WMT/ADA_0.3,4.899999999996574e-05,-75.88000000081956,564.2199999988079,900.0
0.126142,10238669.55,1291533.25,463898.09,1644881444,MELD/ADA_0.3,-8.600000000000274e-05,3847.2000000011176,-393.5100000000093,900.0
0.100606,10796001.0,1086147.28,177032.76,1644881444,PAVIA/ADA_0.3,1.8000000000004124e-05,-1106.0,87.19999999995343,900.0
0.162202,6501218.0,1054516.53,50916.19,1644881444,XRAY/ADA_0.3,0.0004960000000000242,-9953.0,1616.9199999999255,900.0
0.317455,2599195.0,825129.68,120180.68,1644881444,ADAX/ADA_0.3,0.0,0.0,0.0,900.0
1.818853,400352.52,728182.41,64674.79,1644881444,AADA/ADA_0.3,0.0,0.0,0.0,900.0
1.527107,332621.98,507949.45,122556.05,1644881444,VYFI/ADA_0.3,-0.0004370000000000207,47.71999999997206,-72.65999999997439,900.0
6.70188,49478.0,331595.64,182742.79,1644881444,MILK/ADA_0.3,-7.800000000024454e-05,-136.0,-915.3299999999581,900.0
0.128197,1609559.44,206341.91,52465.08,1644881444,MINt/ADA_0.3,0.0,0.0,0.0,900.0
0.034146,5679224.92,193928.36,19570.0,1644881444,CLAP/ADA_0.3,0.0,0.0,0.0,900.0
0.0,6828513858933.0,155122.9,851.24,1644881444,CHRLZ/ADA_0.3,0.0,-27644744.0,0.6300000000046566,900.0
2.01904,69918.24,141167.75,48725.77,1644881444,DANA/ADA_0.05,-0.06262400000000001,1060.0,-2172.040000000008,900.0
0.812849,166055.51,134978.1,0.0,1644881444,WMT/ADA_0.05,0.0,0.0,0.0,900.0
0.005423,21406963.0,116104.13,3792.72,1644881444,RAVE/ADA_1.0,0.0,0.0,0.0,900.0
3.4e-05,3136295717.73,109110.95,1983.32,1644881444,ASHIB/ADA_1.0,0.0,-114931.38000011444,45.75999999999476,900.0
0.0,98305076066387.0,96684.81,1716.62,1644881444,BISON/ADA_0.3,0.0,0.0,0.0,900.0
0.032824,2711884.0,89016.39,9454.79,1644881444,FIRE/ADA_0.3,0.0,0.0,0.0,900.0
0.0,887737708756.0,75017.51,42625.5,1644881444,HOSKY/ADA_0.3,0.0,919636263.0,-91.15000000000873,900.0
0.324817,207428.9,67376.53,160876.71,1644881444,MIN/ADA_0.3,0.0,0.0,0.0,900.0
0.00617,9026063.0,55693.13,4054.02,1644881444,FLICK/ADA_0.3,-2.0000000000000052e-05,15000.0,-92.43000000000029,900.0
0.094455,513678.0,48519.96,16863.81,1644881444,cNETA/ADA_0.3,0.0,0.0,0.0,900.0
0.012988,3373325.0,43815.98,4640.8,1644881444,CNFT/ADA_0.3,0.0,0.0,0.0,900.0
0.12941,337718.46,43704.43,1503.89,1644881444,MELD/ADA_1.0,0.0,0.0,0.0,900.0
0.10925,307796.26,33626.89,5514.52,1644881444,REVU/ADA_0.3,0.0,0.0,0.0,900.0
0.005472,5794588.0,31708.92,2885.47,1644881444,BDOGE/ADA_1.0,0.0,0.0,0.0,900.0
45.473946,686.0,31195.12,4805.27,1644881444,unsi…en/ADA_1.0,0.0,0.0,0.0,900.0
0.002869,9934883.01,28509.17,19458.86,1644881444,DRIP/ADA_1.0,-1.0000000000001327e-06,2000.0,-5.680000000000291,900.0
0.000839,33737052.55,28311.08,308.89,1644881444,MONET/ADA_0.3,0.0,0.0,0.0,900.0
0.014785,1796567.0,26562.93,5198.41,1644881444,QUID/ADA_0.3,0.0,0.0,0.0,900.0
0.1672,151064.0,25257.91,1804.88,1644881444,SKULL/ADA_1.0,0.0031989999999999796,-1458.0,244.0,900.0
0.123004,174293.46,21438.85,0.0,1644881444,MINt/ADA_0.05,0.0,0.0,0.0,900.0
0.00075,27894910.0,20934.05,308.05,1644881444,RAG/ADA_1.0,0.0,0.0,0.0,900.0
26.47761,737.0,19513.99,5105.76,1644881444,XDIA…ND/ADA_1.0,0.0,0.0,0.0,900.0
0.581036,33018.13,19184.75,0.0,1644881444,SUNDAE/ADA_0.05,0.0,8235.849999999999,4785.33,900.0
0.337089,56851.04,19163.89,5125.21,1644881444,MIN/ADA_0.05,0.0,0.0,0.0,900.0
0.016594,1127575.0,18711.63,843.27,1644881444,GOKEY/ADA_0.3,0.0,0.0,0.0,900.0
0.0,219106492457.0,17305.06,0.0,1644881444,HOSKY/ADA_0.05,0.0,0.0,0.0,900.0
0.431859,39690.0,17140.5,3985.09,1644881444,CDX/ADA_1.0,0.010822999999999972,-504.0,217.38000000000102,900.0
0.039329,430645.0,16937.01,835.03,1644881444,cMETA/ADA_0.3,0.0,0.0,0.0,900.0
1e-06,12842228360.0,15750.49,1982.66,1644881444,MEOW/ADA_0.3,0.0,0.0,0.0,900.0
2.188129,6546.0,14323.49,0.0,1644881444,DANA/ADA_0.3,0.0,0.0,0.0,900.0
0.300569,42115.14,12658.54,3356.64,1644881444,CARGO/ADA_0.3,0.0,0.0,0.0,900.0
0.000324,36100848.0,11732.19,3929.17,1644881444,KIDZ/ADA_0.3,0.0,0.0,0.0,900.0
0.768512,14365.69,11040.22,0.0,1644881444,WMT/ADA_1.0,0.0,0.0,0.0,900.0
0.110195,97361.0,10728.76,0.0,1644881444,Card…rm/ADA_0.3,0.0,0.0,0.0,900.0
0.046783,201381.23,9421.38,68.34,1644881444,cbTHC/ADA_0.3,0.0,0.0,0.0,900.0
0.003002,2920245.76,8767.35,0.0,1644881444,DRIP/ADA_0.3,0.0,0.0,0.0,900.0
0.001174,7401613.0,8690.39,80.8,1644881444,FLANO/ADA_1.0,0.0,0.0,0.0,900.0
0.72575,25321038.91,18376766.74,1891419.65,1644882341,SUNDAE/ADA_0.3,6.799999999995698e-05,-634.589999999851,1274.559999998659,897.0
101.427858,147808.2,14991869.57,1326022.02,1644882341,LQ/ADA_0.3,0.15954200000000185,-55.05999999999767,18006.120000001043,897.0
0.827156,12730886.15,10530440.45,607100.26,1644882341,WMT/ADA_0.3,-0.0008669999999999511,6939.530000001192,-5284.570000000298,897.0
0.126331,10230552.85,1292444.95,465071.4,1644882341,MELD/ADA_0.3,0.00018899999999999473,-8116.700000001118,911.6999999999534,897.0
0.100716,10792064.0,1086942.94,177631.55,1644882341,PAVIA/ADA_0.3,0.00010999999999999899,-3937.0,795.6599999999162,897.0
0.162202,6501279.0,1054526.4,50916.19,1644882341,XRAY/ADA_0.3,0.0,61.0,9.869999999878928,897.0
0.318224,2596240.0,826187.17,121183.68,1644882341,ADAX/ADA_0.3,0.0007690000000000197,-2955.0,1057.4899999999907,897.0
1.818853,400352.52,728182.41,64674.79,1644882341,AADA/ADA_0.3,0.0,0.0,0.0,897.0
1.545171,330674.84,510949.45,125565.05,1644882341,VYFI/ADA_0.3,0.01806400000000008,-1947.1399999999558,3000.0,897.0
6.673837,49582.0,330902.19,183436.24,1644882341,MILK/ADA_0.3,-0.028043000000000262,104.0,-693.4500000000116,897.0
0.128818,1605680.29,206841.91,52966.58,1644882341,MINt/ADA_0.3,0.0006209999999999827,-3879.149999999907,500.0,897.0
0.034146,5676090.17,193821.32,19570.0,1644882341,CLAP/ADA_0.3,0.0,-3134.75,-107.03999999997905,897.0
0.0,6828513858933.0,155122.9,851.24,1644882341,CHRLZ/ADA_0.3,0.0,0.0,0.0,897.0
2.088257,68750.01,143567.75,51126.97,1644882341,DANA/ADA_0.05,0.06921700000000008,-1168.2300000000105,2400.0,897.0
0.812849,167869.49,136452.59,0.0,1644882341,WMT/ADA_0.05,0.0,1813.9799999999814,1474.4899999999907,897.0
0.005424,21405244.0,116113.55,3802.23,1644882341,RAVE/ADA_1.0,1.0000000000001327e-06,-1719.0,9.419999999998254,897.0
3.4e-05,3136295717.73,109110.95,1983.32,1644882341,ASHIB/ADA_1.0,0.0,0.0,0.0,897.0
0.0,98305076066387.0,96684.81,1716.62,1644882341,BISON/ADA_0.3,0.0,0.0,0.0,897.0
0.032824,2711884.0,89016.39,9454.79,1644882341,FIRE/ADA_0.3,0.0,0.0,0.0,897.0
0.0,887737708756.0,75017.51,42625.5,1644882341,HOSKY/ADA_0.3,0.0,0.0,0.0,897.0
0.32579,207119.35,67477.53,160978.01,1644882341,MIN/ADA_0.3,0.0009730000000000016,-309.54999999998836,101.0,897.0
0.00617,9026063.0,55693.13,4054.02,1644882341,FLICK/ADA_0.3,0.0,0.0,0.0,897.0
0.093725,515678.0,48332.34,17051.42,1644882341,cNETA/ADA_0.3,-0.0007299999999999945,2000.0,-187.62000000000262,897.0
0.012988,3373325.0,43815.98,4640.8,1644882341,CNFT/ADA_0.3,0.0,0.0,0.0,897.0
0.12941,337718.46,43704.43,1503.89,1644882341,MELD/ADA_1.0,0.0,0.0,0.0,897.0
0.10925,307796.26,33626.89,5514.52,1644882341,REVU/ADA_0.3,0.0,0.0,0.0,897.0
0.005472,5794588.0,31708.92,2885.47,1644882341,BDOGE/ADA_1.0,0.0,0.0,0.0,897.0
45.473946,686.0,31195.12,4805.27,1644882341,unsi…en/ADA_1.0,0.0,0.0,0.0,897.0
0.002869,9922422.55,28467.71,19461.7,1644882341,DRIP/ADA_1.0,0.0,-12460.459999999031,-41.45999999999913,897.0
0.000839,33737052.55,28311.08,308.89,1644882341,MONET/ADA_0.3,0.0,0.0,0.0,897.0
0.014785,1796567.0,26562.93,5198.41,1644882341,QUID/ADA_0.3,0.0,0.0,0.0,897.0
0.1672,151064.0,25257.91,1804.88,1644882341,SKULL/ADA_1.0,0.0,0.0,0.0,897.0
0.123004,174293.46,21438.85,0.0,1644882341,MINt/ADA_0.05,0.0,0.0,0.0,897.0
0.00075,27894910.0,20934.05,308.05,1644882341,RAG/ADA_1.0,0.0,0.0,0.0,897.0
0.0,258351111893.0,20404.6,0.0,1644882341,HOSKY/ADA_0.05,0.0,39244619436.0,3099.5399999999972,897.0
26.47761,737.0,19513.99,5105.76,1644882341,XDIA…ND/ADA_1.0,0.0,0.0,0.0,897.0
0.581036,33379.75,19394.86,0.0,1644882341,SUNDAE/ADA_0.05,0.0,361.6200000000026,210.11000000000058,897.0
0.337089,56851.04,19163.89,5125.21,1644882341,MIN/ADA_0.05,0.0,0.0,0.0,897.0
0.016594,1127575.0,18711.63,843.27,1644882341,GOKEY/ADA_0.3,0.0,0.0,0.0,897.0
0.431859,39690.0,17140.5,3985.09,1644882341,CDX/ADA_1.0,0.0,0.0,0.0,897.0
0.039329,430645.0,16937.01,835.03,1644882341,cMETA/ADA_0.3,0.0,0.0,0.0,897.0
1e-06,12842228360.0,15750.49,1982.66,1644882341,MEOW/ADA_0.3,0.0,0.0,0.0,897.0
2.188129,6546.0,14323.49,0.0,1644882341,DANA/ADA_0.3,0.0,0.0,0.0,897.0
0.300569,42115.14,12658.54,3356.64,1644882341,CARGO/ADA_0.3,0.0,0.0,0.0,897.0
0.000325,36045076.0,11750.4,3947.43,1644882341,KIDZ/ADA_0.3,9.9999999999997e-07,-55772.0,18.209999999999127,897.0
0.768512,14365.69,11040.22,0.0,1644882341,WMT/ADA_1.0,0.0,0.0,0.0,897.0
0.110195,97361.0,10728.76,0.0,1644882341,Card…rm/ADA_0.3,0.0,0.0,0.0,897.0
0.046783,201381.23,9421.38,68.34,1644882341,cbTHC/ADA_0.3,0.0,0.0,0.0,897.0
0.003002,2923245.76,8776.36,0.0,1644882341,DRIP/ADA_0.3,0.0,3000.0,9.010000000000218,897.0
0.001174,7401613.0,8690.39,80.8,1644882341,FLANO/ADA_1.0,0.0,0.0,0.0,897.0
0.725775,25325249.62,18380454.44,0.0,1644883242,SUNDAE/ADA_0.3,2.4999999999941735e-05,4210.710000000894,3687.7000000029802,900.0
101.38539,147853.93,14990229.09,0.0,1644883242,LQ/ADA_0.3,-0.042467999999999506,45.72999999998137,-1640.480000000447,900.0
0.827372,12739592.73,10540387.12,0.0,1644883242,WMT/ADA_0.3,0.00021599999999999397,8706.580000000075,9946.669999999925,900.0
0.127108,10200318.46,1296545.69,0.0,1644883242,MELD/ADA_0.3,0.0007769999999999999,-30234.389999998733,4100.739999999991,900.0
0.100801,10787556.0,1087398.76,0.0,1644883242,PAVIA/ADA_0.3,8.500000000000174e-05,-4508.0,455.8200000000652,900.0
0.162202,6501279.0,1054526.4,0.0,1644883242,XRAY/ADA_0.3,0.0,0.0,0.0,900.0
0.318224,2596240.0,826187.17,0.0,1644883242,ADAX/ADA_0.3,0.0,0.0,0.0,900.0
1.791937,403352.52,722782.56,0.0,1644883242,AADA/ADA_0.3,-0.026916000000000162,3000.0,-5399.849999999977,900.0
1.546097,330575.98,511102.71,0.0,1644883242,VYFI/ADA_0.3,0.0009259999999999824,-98.86000000004424,153.2600000000093,900.0
6.653653,49622.0,330167.59,0.0,1644883242,MILK/ADA_0.3,-0.020183999999999536,40.0,-734.5999999999767,900.0
0.128818,1605680.29,206841.91,0.0,1644883242,MINt/ADA_0.3,0.0,0.0,0.0,900.0
0.033896,5697090.17,193109.01,0.0,1644883242,CLAP/ADA_0.3,-0.0002500000000000002,21000.0,-712.3099999999977,900.0
0.0,6828513858933.0,155122.9,0.0,1644883242,CHRLZ/ADA_0.3,0.0,0.0,0.0,900.0
2.088257,68750.01,143567.75,0.0,1644883242,DANA/ADA_0.05,0.0,0.0,0.0,900.0
0.812849,167583.6,136220.2,0.0,1644883242,WMT/ADA_0.05,0.0,-285.88999999998487,-232.38999999998487,900.0
0.005424,21405244.0,116113.55,0.0,1644883242,RAVE/ADA_1.0,0.0,0.0,0.0,900.0
3.4e-05,3136295717.73,109110.95,0.0,1644883242,ASHIB/ADA_1.0,0.0,0.0,0.0,900.0
0.0,98305076066387.0,96684.81,0.0,1644883242,BISON/ADA_0.3,0.0,0.0,0.0,900.0
0.032824,2711884.0,89016.39,0.0,1644883242,FIRE/ADA_0.3,0.0,0.0,0.0,900.0
0.0,883043369158.0,75417.51,0.0,1644883242,HOSKY/ADA_0.3,0.0,-4694339598.0,400.0,900.0
0.32579,207119.35,67477.53,0.0,1644883242,MIN/ADA_0.3,0.0,0.0,0.0,900.0
0.006163,9031063.0,55662.39,0.0,1644883242,FLICK/ADA_0.3,-7.000000000000062e-06,5000.0,-30.739999999997963,900.0
0.097895,504593.0,49397.35,0.0,1644883242,cNETA/ADA_0.3,0.004169999999999993,-11085.0,1065.010000000002,900.0
0.012988,3373325.0,43815.98,0.0,1644883242,CNFT/ADA_0.3,0.0,0.0,0.0,900.0
0.12941,337718.46,43704.43,0.0,1644883242,MELD/ADA_1.0,0.0,0.0,0.0,900.0
0.10925,307796.26,33626.89,0.0,1644883242,REVU/ADA_0.3,0.0,0.0,0.0,900.0
0.005472,5794588.0,31708.92,0.0,1644883242,BDOGE/ADA_1.0,0.0,0.0,0.0,900.0
45.473946,686.0,31195.12,0.0,1644883242,unsi…en/ADA_1.0,0.0,0.0,0.0,900.0
0.002865,9928422.55,28450.68,0.0,1644883242,DRIP/ADA_1.0,-4.000000000000097e-06,6000.0,-17.029999999998836,900.0
0.000839,33737052.55,28311.08,0.0,1644883242,MONET/ADA_0.3,0.0,0.0,0.0,900.0
0.014785,1796567.0,26562.93,0.0,1644883242,QUID/ADA_0.3,0.0,0.0,0.0,900.0
0.168122,150701.0,25336.27,0.0,1644883242,SKULL/ADA_1.0,0.0009220000000000061,-363.0,78.36000000000058,900.0
0.123004,174293.46,21438.85,0.0,1644883242,MINt/ADA_0.05,0.0,0.0,0.0,900.0
0.00075,27894910.0,20934.05,0.0,1644883242,RAG/ADA_1.0,0.0,0.0,0.0,900.0
0.0,258351111893.0,20404.6,0.0,1644883242,HOSKY/ADA_0.05,0.0,0.0,0.0,900.0
26.47761,737.0,19513.99,0.0,1644883242,XDIA…ND/ADA_1.0,0.0,0.0,0.0,900.0
0.581036,33379.75,19394.86,0.0,1644883242,SUNDAE/ADA_0.05,0.0,0.0,0.0,900.0
0.337089,56851.04,19163.89,0.0,1644883242,MIN/ADA_0.05,0.0,0.0,0.0,900.0
0.016594,1127575.0,18711.63,0.0,1644883242,GOKEY/ADA_0.3,0.0,0.0,0.0,900.0
0.431859,39690.0,17140.5,0.0,1644883242,CDX/ADA_1.0,0.0,0.0,0.0,900.0
0.039329,430645.0,16937.01,0.0,1644883242,cMETA/ADA_0.3,0.0,0.0,0.0,900.0
1e-06,12842228360.0,15750.49,0.0,1644883242,MEOW/ADA_0.3,0.0,0.0,0.0,900.0
2.188129,6546.0,14323.49,0.0,1644883242,DANA/ADA_0.3,0.0,0.0,0.0,900.0
0.300569,42115.14,12658.54,0.0,1644883242,CARGO/ADA_0.3,0.0,0.0,0.0,900.0
0.000325,36045076.0,11750.4,0.0,1644883242,KIDZ/ADA_0.3,0.0,0.0,0.0,900.0
0.768512,14365.69,11040.22,0.0,1644883242,WMT/ADA_1.0,0.0,0.0,0.0,900.0
0.110195,97361.0,10728.76,0.0,1644883242,Card…rm/ADA_0.3,0.0,0.0,0.0,900.0
0.046783,201381.23,9421.38,0.0,1644883242,cbTHC/ADA_0.3,0.0,0.0,0.0,900.0
0.003002,2923245.76,8776.36,0.0,1644883242,DRIP/ADA_0.3,0.0,0.0,0.0,900.0
0.001174,7401613.0,8690.39,0.0,1644883242,FLANO/ADA_1.0,0.0,0.0,0.0,900.0
0.725278,25334487.83,18374551.58,1910589.39,1644884140,SUNDAE/ADA_0.3,-0.0004969999999999697,9238.209999997169,-5902.860000003129,898.0
101.354311,147951.69,14995541.95,1337220.38,1644884140,LQ/ADA_0.3,-0.031079000000005408,97.76000000000931,5312.859999999404,898.0
0.826997,12744379.19,10539573.04,592097.93,1644884140,WMT/ADA_0.3,-0.0003750000000000142,4786.459999999031,-814.0800000000745,898.0
0.12729,10200954.41,1298484.46,448840.79,1644884140,MELD/ADA_0.3,0.00018199999999998773,635.9499999992549,1938.7700000000186,898.0
0.101025,10775597.0,1088609.31,181225.76,1644884140,PAVIA/ADA_0.3,0.00022400000000000198,-11959.0,1210.5500000000466,898.0
0.162202,6501279.0,1054526.4,46981.53,1644884140,XRAY/ADA_0.3,0.0,0.0,0.0,898.0
0.318251,2596131.0,826222.17,121015.15,1644884140,ADAX/ADA_0.3,2.6999999999999247e-05,-109.0,35.0,898.0
1.796395,402852.52,723682.35,70926.97,1644884140,AADA/ADA_0.3,0.004458000000000073,-500.0,899.7899999999208,898.0
1.577369,327169.82,516067.82,125409.61,1644884140,VYFI/ADA_0.3,0.031271999999999966,-3406.1599999999744,4965.109999999986,898.0
6.621663,49752.0,329441.0,182620.57,1644884140,MILK/ADA_0.3,-0.03199000000000041,130.0,-726.5900000000256,898.0
0.128818,1605680.29,206841.91,0.0,1644884140,MINt/ADA_0.3,0.0,0.0,0.0,898.0
0.033896,5697090.17,193109.01,0.0,1644884140,CLAP/ADA_0.3,0.0,0.0,0.0,898.0
0.0,6828513858933.0,155122.9,0.0,1644884140,CHRLZ/ADA_0.3,0.0,0.0,0.0,898.0
2.088257,68750.01,143567.75,0.0,1644884140,DANA/ADA_0.05,0.0,0.0,0.0,898.0
0.812849,167542.52,136186.81,0.0,1644884140,WMT/ADA_0.05,0.0,-41.0800000000163,-33.39000000001397,898.0
0.005424,21405244.0,116113.55,0.0,1644884140,RAVE/ADA_1.0,0.0,0.0,0.0,898.0
3.4e-05,3136295717.73,109110.95,0.0,1644884140,ASHIB/ADA_1.0,0.0,0.0,0.0,898.0
0.0,98305061770358.0,96684.8,1359.73,1644884140,BISON/ADA_0.3,0.0,-14296029.0,-0.00999999999476131,898.0
0.032824,2711884.0,89016.39,0.0,1644884140,FIRE/ADA_0.3,0.0,0.0,0.0,898.0
0.0,884643369158.0,75281.52,42518.5,1644884140,HOSKY/ADA_0.3,0.0,1600000000.0,-135.9899999999907,898.0
0.330629,205600.45,67977.53,150572.24,1644884140,MIN/ADA_0.3,0.004838999999999982,-1518.8999999999942,500.0,898.0
0.006602,8726276.0,57612.39,4431.23,1644884140,FLICK/ADA_0.3,0.00043900000000000015,-304787.0,1950.0,898.0
0.097458,505308.0,49246.6,15740.53,1644884140,cNETA/ADA_0.3,-0.00043699999999999295,715.0,-150.75,898.0
0.012988,3373325.0,43815.98,0.0,1644884140,CNFT/ADA_0.3,0.0,0.0,0.0,898.0
0.12941,337718.46,43704.43,0.0,1644884140,MELD/ADA_1.0,0.0,0.0,0.0,898.0
0.10925,307796.26,33626.89,0.0,1644884140,REVU/ADA_0.3,0.0,0.0,0.0,898.0
0.005472,5794588.0,31708.92,0.0,1644884140,BDOGE/ADA_1.0,0.0,0.0,0.0,898.0
45.473946,686.0,31195.12,0.0,1644884140,unsi…en/ADA_1.0,0.0,0.0,0.0,898.0
0.002864,9932735.3,28450.41,16849.08,1644884140,DRIP/ADA_1.0,-1.0000000000001327e-06,4312.75,-0.27000000000043656,898.0
0.000839,33737052.55,28311.08,0.0,1644884140,MONET/ADA_0.3,0.0,0.0,0.0,898.0
0.014785,1796567.0,26562.93,0.0,1644884140,QUID/ADA_0.3,0.0,0.0,0.0,898.0
0.168122,150701.0,25336.27,0.0,1644884140,SKULL/ADA_1.0,0.0,0.0,0.0,898.0
0.123004,174293.46,21438.85,0.0,1644884140,MINt/ADA_0.05,0.0,0.0,0.0,898.0
0.00075,27894910.0,20934.05,0.0,1644884140,RAG/ADA_1.0,0.0,0.0,0.0,898.0
0.0,258351111893.0,20404.6,0.0,1644884140,HOSKY/ADA_0.05,0.0,0.0,0.0,898.0
26.47761,737.0,19513.99,0.0,1644884140,XDIA…ND/ADA_1.0,0.0,0.0,0.0,898.0
0.337089,56851.04,19163.89,0.0,1644884140,MIN/ADA_0.05,0.0,0.0,0.0,898.0
0.016594,1127575.0,18711.63,0.0,1644884140,GOKEY/ADA_0.3,0.0,0.0,0.0,898.0
0.431859,39690.0,17140.5,0.0,1644884140,CDX/ADA_1.0,0.0,0.0,0.0,898.0
0.039329,430645.0,16937.01,0.0,1644884140,cMETA/ADA_0.3,0.0,0.0,0.0,898.0
1e-06,12842228360.0,15750.49,0.0,1644884140,MEOW/ADA_0.3,0.0,0.0,0.0,898.0
0.581036,25168.27,14623.69,0.0,1644884140,SUNDAE/ADA_0.05,0.0,-8211.48,-4771.17,898.0
2.188129,6546.0,14323.49,0.0,1644884140,DANA/ADA_0.3,0.0,0.0,0.0,898.0
0.300569,42115.14,12658.54,0.0,1644884140,CARGO/ADA_0.3,0.0,0.0,0.0,898.0
0.000328,35923156.0,11790.4,3939.52,1644884140,KIDZ/ADA_0.3,3.0000000000000187e-06,-121920.0,40.0,898.0
0.768512,14365.69,11040.22,0.0,1644884140,WMT/ADA_1.0,0.0,0.0,0.0,898.0
0.110195,97361.0,10728.76,0.0,1644884140,Card…rm/ADA_0.3,0.0,0.0,0.0,898.0
0.046783,201381.23,9421.38,0.0,1644884140,cbTHC/ADA_0.3,0.0,0.0,0.0,898.0
0.003002,2923245.76,8776.36,0.0,1644884140,DRIP/ADA_0.3,0.0,0.0,0.0,898.0
0.001174,7401613.0,8690.39,0.0,1644884140,FLANO/ADA_1.0,0.0,0.0,0.0,898.0
0.725296,25524778.41,18513019.79,1910816.07,1644885042,SUNDAE/ADA_0.3,1.8000000000073513e-05,190290.58000000194,138468.2100000009,902.0
101.28325,148005.81,14990510.41,1351793.75,1644885042,LQ/ADA_0.3,-0.07106100000000026,54.11999999999534,-5031.539999999106,902.0
0.82695,12745486.68,10539886.6,592599.2,1644885042,WMT/ADA_0.3,-4.700000000001925e-05,1107.4900000002235,313.56000000052154,902.0
0.127311,10200627.36,1298653.51,448946.6,1644885042,MELD/ADA_0.3,2.1000000000021002e-05,-327.05000000074506,169.05000000004657,902.0
0.100685,10793645.0,1086762.62,182628.44,1644885042,PAVIA/ADA_0.3,-0.00034000000000000696,18048.0,-1846.6899999999441,902.0
0.162239,6500482.0,1054636.53,47101.89,1644885042,XRAY/ADA_0.3,3.699999999998149e-05,-797.0,110.13000000012107,902.0
0.318331,2595804.0,826327.17,121120.47,1644885042,ADAX/ADA_0.3,7.999999999996898e-05,-327.0,105.0,902.0
2.052747,376895.84,773672.11,121087.21,1644885042,AADA/ADA_0.3,0.25635200000000014,-25956.679999999993,49989.76000000001,902.0
1.577369,327047.26,515874.5,125409.61,1644885042,VYFI/ADA_0.3,0.0,-122.55999999999767,-193.32000000000698,902.0
6.625667,49737.0,329540.84,182720.71,1644885042,MILK/ADA_0.3,0.004004000000000119,-15.0,99.84000000002561,902.0
0.128818,1605680.29,206841.91,0.0,1644885042,MINt/ADA_0.3,0.0,0.0,0.0,902.0
0.033872,5699087.64,193041.53,19772.28,1644885042,CLAP/ADA_0.3,-2.4000000000003185e-05,1997.4699999997392,-67.48000000001048,902.0
0.0,6828513858933.0,155122.9,0.0,1644885042,CHRLZ/ADA_0.3,0.0,0.0,0.0,902.0
2.088257,68750.01,143567.75,0.0,1644885042,DANA/ADA_0.05,0.0,0.0,0.0,902.0
0.812849,167661.93,136283.87,0.0,1644885042,WMT/ADA_0.05,0.0,119.41000000000349,97.05999999999767,902.0
0.005424,21405244.0,116113.55,0.0,1644885042,RAVE/ADA_1.0,0.0,0.0,0.0,902.0
3.4e-05,3136295717.73,109110.95,0.0,1644885042,ASHIB/ADA_1.0,0.0,0.0,0.0,902.0
0.0,98305061770358.0,96684.8,1359.73,1644885042,BISON/ADA_0.3,0.0,0.0,0.0,902.0
0.032824,2711884.0,89016.39,0.0,1644885042,FIRE/ADA_0.3,0.0,0.0,0.0,902.0
0.0,894451655133.0,74459.07,43551.26,1644885042,HOSKY/ADA_0.3,0.0,9808285975.0,-822.4499999999971,902.0
0.320232,208916.27,66901.81,151647.96,1644885042,MIN/ADA_0.3,-0.01039699999999999,3315.819999999978,-1075.7200000000012,902.0
0.006602,8726276.0,57612.39,4431.23,1644885042,FLICK/ADA_0.3,0.0,0.0,0.0,902.0
0.097458,505308.0,49246.6,15740.53,1644885042,cNETA/ADA_0.3,0.0,0.0,0.0,902.0
0.012988,3373325.0,43815.98,0.0,1644885042,CNFT/ADA_0.3,0.0,0.0,0.0,902.0
0.12941,337718.46,43704.43,0.0,1644885042,MELD/ADA_1.0,0.0,0.0,0.0,902.0
0.10925,307796.26,33626.89,0.0,1644885042,REVU/ADA_0.3,0.0,0.0,0.0,902.0
0.005472,5794588.0,31708.92,0.0,1644885042,BDOGE/ADA_1.0,0.0,0.0,0.0,902.0
0.003493,8997951.66,31436.24,19893.25,1644885042,DRIP/ADA_1.0,0.0006290000000000002,-934783.6400000006,2985.8300000000017,902.0
45.473946,686.0,31195.12,0.0,1644885042,unsi…en/ADA_1.0,0.0,0.0,0.0,902.0
0.000839,33737052.55,28311.08,0.0,1644885042,MONET/ADA_0.3,0.0,0.0,0.0,902.0
0.014785,1796567.0,26562.93,0.0,1644885042,QUID/ADA_0.3,0.0,0.0,0.0,902.0
0.168122,150701.0,25336.27,0.0,1644885042,SKULL/ADA_1.0,0.0,0.0,0.0,902.0
0.123004,174293.46,21438.85,0.0,1644885042,MINt/ADA_0.05,0.0,0.0,0.0,902.0
0.00075,27894910.0,20934.05,0.0,1644885042,RAG/ADA_1.0,0.0,0.0,0.0,902.0
0.0,258351111893.0,20404.6,0.0,1644885042,HOSKY/ADA_0.05,0.0,0.0,0.0,902.0
26.47761,737.0,19513.99,0.0,1644885042,XDIA…ND/ADA_1.0,0.0,0.0,0.0,902.0
0.337089,56851.04,19163.89,0.0,1644885042,MIN/ADA_0.05,0.0,0.0,0.0,902.0
0.016594,1127575.0,18711.63,0.0,1644885042,GOKEY/ADA_0.3,0.0,0.0,0.0,902.0
0.431859,39690.0,17140.5,0.0,1644885042,CDX/ADA_1.0,0.0,0.0,0.0,902.0
0.039329,430645.0,16937.01,0.0,1644885042,cMETA/ADA_0.3,0.0,0.0,0.0,902.0
1e-06,12842228360.0,15750.49,0.0,1644885042,MEOW/ADA_0.3,0.0,0.0,0.0,902.0
0.581036,25421.56,14770.86,0.0,1644885042,SUNDAE/ADA_0.05,0.0,253.29000000000087,147.17000000000007,902.0
2.188129,6292.08,13767.9,0.0,1644885042,DANA/ADA_0.3,0.0,-253.92000000000007,-555.5900000000001,902.0
0.300569,42115.14,12658.54,0.0,1644885042,CARGO/ADA_0.3,0.0,0.0,0.0,902.0
0.000328,35923156.0,11790.4,3939.52,1644885042,KIDZ/ADA_0.3,0.0,0.0,0.0,902.0
0.768512,14365.69,11040.22,0.0,1644885042,WMT/ADA_1.0,0.0,0.0,0.0,902.0
0.110195,97361.0,10728.76,0.0,1644885042,Card…rm/ADA_0.3,0.0,0.0,0.0,902.0
0.046783,201381.23,9421.38,0.0,1644885042,cbTHC/ADA_0.3,0.0,0.0,0.0,902.0
0.003002,2923245.76,8776.36,0.0,1644885042,DRIP/ADA_0.3,0.0,0.0,0.0,902.0
0.001174,7401613.0,8690.39,0.0,1644885042,FLANO/ADA_1.0,0.0,0.0,0.0,902.0
0.725378,25529712.94,18518705.63,1911874.24,1644885943,SUNDAE/ADA_0.3,8.199999999991547e-05,4934.530000001192,5685.839999999851,901.0
101.257252,148108.06,14997015.67,1354136.64,1644885943,LQ/ADA_0.3,-0.025998000000001298,102.25,6505.2599999997765,901.0
0.827689,12741096.31,10545668.97,598760.63,1644885943,WMT/ADA_0.3,0.0007390000000000452,-4390.36999999918,5782.370000001043,901.0
0.12709,10242900.81,1301771.31,450072.7,1644885943,MELD/ADA_0.3,-0.00022099999999999898,42273.45000000112,3117.8000000000466,901.0
0.100687,10812441.0,1088675.0,182638.51,1644885943,PAVIA/ADA_0.3,2.000000000002e-06,18796.0,1912.3799999998882,901.0
0.161986,6505574.0,1053813.53,47924.89,1644885943,XRAY/ADA_0.3,-0.0002530000000000032,5092.0,-823.0,901.0
0.318484,2595181.0,826526.17,122323.06,1644885943,ADAX/ADA_0.3,0.00015300000000001424,-623.0,199.0,901.0
2.050175,377132.57,773187.93,121571.39,1644885943,AADA/ADA_0.3,-0.0025720000000002408,236.72999999998137,-484.1799999999348,901.0
1.574316,333709.59,525364.36,131308.49,1644885943,VYFI/ADA_0.3,-0.0030529999999999724,6662.330000000016,9489.859999999986,901.0
6.625585,49717.0,329404.21,182720.71,1644885943,MILK/ADA_0.3,-8.199999999991547e-05,-20.0,-136.63000000000466,901.0
0.128818,1605680.29,206841.91,0.0,1644885943,MINt/ADA_0.3,0.0,0.0,0.0,901.0
0.033833,5702387.64,192930.15,19883.66,1644885943,CLAP/ADA_0.3,-3.899999999999737e-05,3300.0,-111.38000000000466,901.0
0.0,6828513858933.0,155122.9,0.0,1644885943,CHRLZ/ADA_0.3,0.0,0.0,0.0,901.0
2.074818,68972.36,143105.14,49715.01,1644885943,DANA/ADA_0.05,-0.013438999999999979,222.35000000000582,-462.60999999998603,901.0
0.812849,165847.95,134809.38,0.0,1644885943,WMT/ADA_0.05,0.0,-1813.9799999999814,-1474.4899999999907,901.0
0.005424,21405244.0,116113.55,0.0,1644885943,RAVE/ADA_1.0,0.0,0.0,0.0,901.0
3.4e-05,3142226108.73,109317.27,1983.32,1644885943,ASHIB/ADA_1.0,0.0,5930391.0,206.32000000000698,901.0
0.0,98305061770358.0,96684.8,1359.73,1644885943,BISON/ADA_0.3,0.0,0.0,0.0,901.0
0.032824,2711884.0,89016.39,0.0,1644885943,FIRE/ADA_0.3,0.0,0.0,0.0,901.0
0.0,909451655133.0,73234.61,44775.72,1644885943,HOSKY/ADA_0.3,0.0,15000000000.0,-1224.4600000000064,901.0
0.318358,209531.26,66706.03,151843.73,1644885943,MIN/ADA_0.3,-0.0018740000000000423,614.9900000000198,-195.77999999999884,901.0
0.006602,8726276.0,57612.39,4431.23,1644885943,FLICK/ADA_0.3,0.0,0.0,0.0,901.0
0.097298,505724.0,49206.21,15780.92,1644885943,cNETA/ADA_0.3,-0.00016000000000000736,416.0,-40.38999999999942,901.0
0.013006,3371024.0,43845.98,4520.44,1644885943,CNFT/ADA_0.3,1.8000000000000654e-05,-2301.0,30.0,901.0
0.12941,337718.46,43704.43,0.0,1644885943,MELD/ADA_1.0,0.0,0.0,0.0,901.0
0.10925,307796.26,33626.89,0.0,1644885943,REVU/ADA_0.3,0.0,0.0,0.0,901.0
0.005472,5794588.0,31708.92,0.0,1644885943,BDOGE/ADA_1.0,0.0,0.0,0.0,901.0
0.003458,9044051.66,31277.6,20051.9,1644885943,DRIP/ADA_1.0,-3.4999999999999875e-05,46100.0,-158.64000000000306,901.0
39.532145,736.0,29095.65,6904.74,1644885943,unsi…en/ADA_1.0,-5.941800999999998,50.0,-2099.4699999999975,901.0
0.000839,33737052.55,28311.08,0.0,1644885943,MONET/ADA_0.3,0.0,0.0,0.0,901.0
0.014785,1796567.0,26562.93,0.0,1644885943,QUID/ADA_0.3,0.0,0.0,0.0,901.0
0.168122,150701.0,25336.27,0.0,1644885943,SKULL/ADA_1.0,0.0,0.0,0.0,901.0
0.123004,174293.46,21438.85,0.0,1644885943,MINt/ADA_0.05,0.0,0.0,0.0,901.0
0.00075,27894910.0,20934.05,0.0,1644885943,RAG/ADA_1.0,0.0,0.0,0.0,901.0
0.0,258351111893.0,20404.6,0.0,1644885943,HOSKY/ADA_0.05,0.0,0.0,0.0,901.0
26.47761,737.0,19513.99,0.0,1644885943,XDIA…ND/ADA_1.0,0.0,0.0,0.0,901.0
0.337089,56851.04,19163.89,0.0,1644885943,MIN/ADA_0.05,0.0,0.0,0.0,901.0
0.016594,1127575.0,18711.63,0.0,1644885943,GOKEY/ADA_0.3,0.0,0.0,0.0,901.0
0.431859,39690.0,17140.5,0.0,1644885943,CDX/ADA_1.0,0.0,0.0,0.0,901.0
0.039329,430645.0,16937.01,0.0,1644885943,cMETA/ADA_0.3,0.0,0.0,0.0,901.0
1e-06,12721439044.0,15900.49,2061.47,1644885943,MEOW/ADA_0.3,0.0,-120789316.0,150.0,901.0
0.581036,27021.23,15700.33,0.0,1644885943,SUNDAE/ADA_0.05,0.0,1599.6699999999983,929.4699999999993,901.0
2.188129,6532.08,14293.05,0.0,1644885943,DANA/ADA_0.3,0.0,240.0,525.1499999999996,901.0
0.300569,42115.14,12658.54,0.0,1644885943,CARGO/ADA_0.3,0.0,0.0,0.0,901.0
0.000336,35473213.0,11940.4,4089.97,1644885943,KIDZ/ADA_0.3,7.999999999999978e-06,-449943.0,150.0,901.0
0.768512,14365.69,11040.22,0.0,1644885943,WMT/ADA_1.0,0.0,0.0,0.0,901.0
0.110195,97361.0,10728.76,0.0,1644885943,Card…rm/ADA_0.3,0.0,0.0,0.0,901.0
0.046783,201381.23,9421.38,0.0,1644885943,cbTHC/ADA_0.3,0.0,0.0,0.0,901.0
0.003002,2931204.54,8800.26,0.0,1644885943,DRIP/ADA_0.3,0.0,7958.780000000261,23.899999999999636,901.0
0.001174,7401613.0,8690.39,0.0,1644885943,FLANO/ADA_1.0,0.0,0.0,0.0,901.0
0.725482,25527973.39,18520110.14,1872959.64,1644886840,SUNDAE/ADA_0.3,0.00010399999999999299,-1739.550000000745,1404.5100000016391,896.0
101.170591,148216.63,14995164.56,1352835.1,1644886840,LQ/ADA_0.3,-0.08666099999999233,108.57000000000698,-1851.109999999404,896.0
0.829756,12724333.37,10558097.33,596950.59,1644886840,WMT/ADA_0.3,0.002067000000000041,-16762.94000000134,12428.359999999404,896.0
0.127431,10232005.94,1303878.46,421183.28,1644886840,MELD/ADA_0.3,0.0003409999999999802,-10894.870000001043,2107.149999999907,896.0
0.10065,10814433.0,1088475.07,180487.63,1644886840,PAVIA/ADA_0.3,-3.699999999999537e-05,1992.0,-199.9299999999348,896.0
0.162295,6499382.0,1054820.53,45903.85,1644886840,XRAY/ADA_0.3,0.0003090000000000037,-6192.0,1007.0,896.0
0.321523,2582908.0,830465.91,124220.98,1644886840,ADAX/ADA_0.3,0.003039000000000014,-12273.0,3939.7399999999907,896.0
2.050175,377132.57,773187.93,121058.58,1644886840,AADA/ADA_0.3,0.0,0.0,0.0,896.0
1.592468,331804.99,528389.09,131812.28,1644886840,VYFI/ADA_0.3,0.018151999999999946,-1904.600000000035,3024.7299999999814,896.0
6.626133,49715.0,329418.21,170668.78,1644886840,MILK/ADA_0.3,0.000548000000000215,-2.0,14.0,896.0
0.128818,1605680.29,206841.91,0.0,1644886840,MINt/ADA_0.3,0.0,0.0,0.0,896.0
0.03362,5720421.3,192323.76,20490.05,1644886840,CLAP/ADA_0.3,-0.00021300000000000485,18033.66000000015,-606.3899999999849,896.0
0.0,6828513858933.0,155122.9,0.0,1644886840,CHRLZ/ADA_0.3,0.0,0.0,0.0,896.0
2.074818,68972.36,143105.14,49715.01,1644886840,DANA/ADA_0.05,0.0,0.0,0.0,896.0
0.812849,165847.95,134809.38,0.0,1644886840,WMT/ADA_0.05,0.0,0.0,0.0,896.0
0.005437,21379360.0,116255.55,2690.88,1644886840,RAVE/ADA_1.0,1.299999999999999e-05,-25884.0,142.0,896.0
3.4e-05,3142937688.18,109342.02,1983.32,1644886840,ASHIB/ADA_1.0,0.0,711579.4499998093,24.75,896.0
0.0,98305061770358.0,96684.8,1359.73,1644886840,BISON/ADA_0.3,0.0,0.0,0.0,896.0
0.032824,2711884.0,89016.39,0.0,1644886840,FIRE/ADA_0.3,0.0,0.0,0.0,896.0
0.0,895682993064.0,74363.9,45949.88,1644886840,HOSKY/ADA_0.3,0.0,-13768662069.0,1129.2899999999936,896.0
0.315105,210611.66,66364.86,152184.9,1644886840,MIN/ADA_0.3,-0.0032529999999999504,1080.3999999999942,-341.16999999999825,896.0
0.006602,8726276.0,57612.39,4431.23,1644886840,FLICK/ADA_0.3,0.0,0.0,0.0,896.0
0.097279,505774.0,49201.36,15785.77,1644886840,cNETA/ADA_0.3,-1.8999999999991246e-05,50.0,-4.849999999998545,896.0
0.013006,3371024.0,43845.98,4520.44,1644886840,CNFT/ADA_0.3,0.0,0.0,0.0,896.0
0.12941,337718.46,43704.43,0.0,1644886840,MELD/ADA_1.0,0.0,0.0,0.0,896.0
0.10925,307796.26,33626.89,0.0,1644886840,REVU/ADA_0.3,0.0,0.0,0.0,896.0
0.005472,5794588.0,31708.92,0.0,1644886840,BDOGE/ADA_1.0,0.0,0.0,0.0,896.0
0.00343,9082765.41,31157.33,20178.07,1644886840,DRIP/ADA_1.0,-2.8000000000000247e-05,38713.75,-120.2699999999968,896.0
39.647952,735.0,29141.24,6950.78,1644886840,unsi…en/ADA_1.0,0.11580699999999666,-1.0,45.590000000000146,896.0
0.000839,33737052.55,28311.08,0.0,1644886840,MONET/ADA_0.3,0.0,0.0,0.0,896.0
0.014785,1796567.0,26562.93,0.0,1644886840,QUID/ADA_0.3,0.0,0.0,0.0,896.0
0.168122,150701.0,25336.27,0.0,1644886840,SKULL/ADA_1.0,0.0,0.0,0.0,896.0
0.123004,174293.46,21438.85,0.0,1644886840,MINt/ADA_0.05,0.0,0.0,0.0,896.0
0.00075,27894910.0,20934.05,0.0,1644886840,RAG/ADA_1.0,0.0,0.0,0.0,896.0
0.0,258351111893.0,20404.6,0.0,1644886840,HOSKY/ADA_0.05,0.0,0.0,0.0,896.0
26.47761,737.0,19513.99,0.0,1644886840,XDIA…ND/ADA_1.0,0.0,0.0,0.0,896.0
0.337089,56851.04,19163.89,0.0,1644886840,MIN/ADA_0.05,0.0,0.0,0.0,896.0
0.016594,1127575.0,18711.63,0.0,1644886840,GOKEY/ADA_0.3,0.0,0.0,0.0,896.0
0.429702,39790.0,17097.85,4007.46,1644886840,CDX/ADA_1.0,-0.00215700000000002,100.0,-42.650000000001455,896.0
0.039329,430645.0,16937.01,0.0,1644886840,cMETA/ADA_0.3,0.0,0.0,0.0,896.0
1e-06,12721439044.0,15900.49,2061.47,1644886840,MEOW/ADA_0.3,0.0,0.0,0.0,896.0
0.581036,27021.23,15700.33,0.0,1644886840,SUNDAE/ADA_0.05,0.0,0.0,0.0,896.0
2.188129,6532.08,14293.05,0.0,1644886840,DANA/ADA_0.3,0.0,0.0,0.0,896.0
0.300569,42115.14,12658.54,0.0,1644886840,CARGO/ADA_0.3,0.0,0.0,0.0,896.0
0.000336,35473213.0,11940.4,4089.97,1644886840,KIDZ/ADA_0.3,0.0,0.0,0.0,896.0
0.768512,14365.69,11040.22,0.0,1644886840,WMT/ADA_1.0,0.0,0.0,0.0,896.0
0.110195,97361.0,10728.76,0.0,1644886840,Card…rm/ADA_0.3,0.0,0.0,0.0,896.0
0.046783,201381.23,9421.38,0.0,1644886840,cbTHC/ADA_0.3,0.0,0.0,0.0,896.0
0.003002,2931204.54,8800.26,0.0,1644886840,DRIP/ADA_0.3,0.0,0.0,0.0,896.0
0.001174,7401613.0,8690.39,0.0,1644886840,FLANO/ADA_1.0,0.0,0.0,0.0,896.0
0.725518,25529276.38,18521952.64,1873310.97,1644887739,SUNDAE/ADA_0.3,3.6000000000036e-05,1302.9899999983609,1842.5,899.0
101.297322,148125.36,15004703.33,1362266.31,1644887739,LQ/ADA_0.3,0.12673099999999238,-91.27000000001863,9538.769999999553,899.0
0.829613,12762561.24,10587989.57,599860.32,1644887739,WMT/ADA_0.3,-0.00014300000000000423,38227.87000000104,29892.240000000224,899.0
0.127478,10230504.72,1304171.5,422281.45,1644887739,MELD/ADA_0.3,4.700000000001925e-05,-1501.219999998808,293.04000000003725,899.0
0.100455,10820136.0,1086942.53,181598.75,1644887739,PAVIA/ADA_0.3,-0.00019500000000000073,5703.0,-1532.5400000000373,899.0
0.162295,6545123.0,1062244.03,45903.85,1644887739,XRAY/ADA_0.3,0.0,45741.0,7423.5,899.0
0.322297,2579811.0,831465.91,125223.98,1644887739,ADAX/ADA_0.3,0.0007739999999999969,-3097.0,1000.0,899.0
2.03937,378131.78,771150.99,123129.57,1644887739,AADA/ADA_0.3,-0.010804999999999954,999.210000000021,-2036.9400000000605,899.0
1.592468,331804.99,528389.09,131812.28,1644887739,VYFI/ADA_0.3,0.0,0.0,0.0,899.0
6.626133,49715.0,329418.21,170668.78,1644887739,MILK/ADA_0.3,0.0,0.0,0.0,899.0
0.128818,1605680.29,206841.91,0.0,1644887739,MINt/ADA_0.3,0.0,0.0,0.0,899.0
0.03362,5720421.3,192323.76,20246.51,1644887739,CLAP/ADA_0.3,0.0,0.0,0.0,899.0
0.0,6828513858933.0,155122.9,0.0,1644887739,CHRLZ/ADA_0.3,0.0,0.0,0.0,899.0
2.147926,67788.71,145605.14,51705.25,1644887739,DANA/ADA_0.05,0.07310799999999995,-1183.6499999999942,2500.0,899.0
0.812849,165847.95,134809.38,0.0,1644887739,WMT/ADA_0.05,0.0,0.0,0.0,899.0
0.005625,21021337.0,118255.55,4710.88,1644887739,RAVE/ADA_1.0,0.0001879999999999998,-358023.0,2000.0,899.0
3.4e-05,3142937688.18,109342.02,1713.94,1644887739,ASHIB/ADA_1.0,0.0,0.0,0.0,899.0
0.0,98254402494634.0,96734.8,1406.87,1644887739,BISON/ADA_0.3,0.0,-50659275724.0,50.0,899.0
0.032824,2711884.0,89016.39,0.0,1644887739,FIRE/ADA_0.3,0.0,0.0,0.0,899.0
0.0,906391404116.0,73487.94,46687.03,1644887739,HOSKY/ADA_0.3,0.0,10708411052.0,-875.9599999999919,899.0
0.315105,210611.66,66364.86,133541.25,1644887739,MIN/ADA_0.3,0.0,0.0,0.0,899.0
0.006453,8826276.0,56961.59,5082.03,1644887739,FLICK/ADA_0.3,-0.00014899999999999983,100000.0,-650.8000000000029,899.0
0.097279,505774.0,49201.36,12079.46,1644887739,cNETA/ADA_0.3,0.0,0.0,0.0,899.0
0.013006,3371024.0,43845.98,3423.92,1644887739,CNFT/ADA_0.3,0.0,0.0,0.0,899.0
0.12941,337718.46,43704.43,0.0,1644887739,MELD/ADA_1.0,0.0,0.0,0.0,899.0
0.10925,307796.26,33626.89,0.0,1644887739,REVU/ADA_0.3,0.0,0.0,0.0,899.0
0.005472,5794588.0,31708.92,0.0,1644887739,BDOGE/ADA_1.0,0.0,0.0,0.0,899.0
0.003392,9133180.41,30987.05,18593.27,1644887739,DRIP/ADA_1.0,-3.799999999999984e-05,50415.0,-170.28000000000247,899.0
39.647952,735.0,29141.24,6857.46,1644887739,unsi…en/ADA_1.0,0.0,0.0,0.0,899.0
0.000839,33737052.55,28311.08,0.0,1644887739,MONET/ADA_0.3,0.0,0.0,0.0,899.0
0.014785,1796567.0,26562.93,0.0,1644887739,QUID/ADA_0.3,0.0,0.0,0.0,899.0
0.168122,150701.0,25336.27,0.0,1644887739,SKULL/ADA_1.0,0.0,0.0,0.0,899.0
0.0,272369873962.0,21511.81,0.0,1644887739,HOSKY/ADA_0.05,0.0,14018762069.0,1107.2100000000028,899.0
0.123004,174293.46,21438.85,0.0,1644887739,MINt/ADA_0.05,0.0,0.0,0.0,899.0
0.00075,27894910.0,20934.05,0.0,1644887739,RAG/ADA_1.0,0.0,0.0,0.0,899.0
26.47761,737.0,19513.99,0.0,1644887739,XDIA…ND/ADA_1.0,0.0,0.0,0.0,899.0
0.337089,56851.04,19163.89,0.0,1644887739,MIN/ADA_0.05,0.0,0.0,0.0,899.0
0.016594,1127575.0,18711.63,0.0,1644887739,GOKEY/ADA_0.3,0.0,0.0,0.0,899.0
0.429702,39790.0,17097.85,4007.46,1644887739,CDX/ADA_1.0,0.0,0.0,0.0,899.0
0.039329,430645.0,16937.01,0.0,1644887739,cMETA/ADA_0.3,0.0,0.0,0.0,899.0
1e-06,12842228360.0,15751.38,2205.57,1644887739,MEOW/ADA_0.3,0.0,120789316.0,-149.11000000000058,899.0
0.581036,27048.05,15715.91,0.0,1644887739,SUNDAE/ADA_0.05,0.0,26.81999999999971,15.579999999999927,899.0
2.188129,6532.08,14293.05,0.0,1644887739,DANA/ADA_0.3,0.0,0.0,0.0,899.0
0.300569,42115.14,12658.54,0.0,1644887739,CARGO/ADA_0.3,0.0,0.0,0.0,899.0
0.000336,35473213.0,11940.4,4089.97,1644887739,KIDZ/ADA_0.3,0.0,0.0,0.0,899.0
0.110195,97361.0,10728.76,0.0,1644887739,Card…rm/ADA_0.3,0.0,0.0,0.0,899.0
0.768512,13645.0,10486.36,0.0,1644887739,WMT/ADA_1.0,0.0,-720.6900000000005,-553.8599999999988,899.0
0.046783,201381.23,9421.38,0.0,1644887739,cbTHC/ADA_0.3,0.0,0.0,0.0,899.0
0.003002,2931204.54,8800.26,0.0,1644887739,DRIP/ADA_0.3,0.0,0.0,0.0,899.0
0.001174,7401613.0,8690.39,0.0,1644887739,FLANO/ADA_1.0,0.0,0.0,0.0,899.0
0.72558,25531750.3,18525345.21,1874159.5,1644888639,SUNDAE/ADA_0.3,6.20000000000065e-05,2473.920000001788,3392.570000000298,899.0
101.080946,148195.13,14979704.08,1381460.99,1644888639,LQ/ADA_0.3,-0.2163759999999968,69.77000000001863,-24999.25,899.0
0.830011,12791050.71,10616720.1,603175.73,1644888639,WMT/ADA_0.3,0.00039800000000000946,28489.47000000067,28730.52999999933,899.0
0.127496,10237721.58,1305270.25,423143.69,1644888639,MELD/ADA_0.3,1.7999999999990246e-05,7216.859999999404,1098.75,899.0
0.100438,10821049.0,1086851.1,181690.19,1644888639,PAVIA/ADA_0.3,-1.7000000000003124e-05,913.0,-91.42999999993481,899.0
0.162295,6551440.0,1063269.26,45903.85,1644888639,XRAY/ADA_0.3,0.0,6317.0,1025.2299999999814,899.0
0.322297,2579811.0,831465.91,125223.98,1644888639,ADAX/ADA_0.3,0.0,0.0,0.0,899.0
2.03937,378131.78,771150.99,123129.57,1644888639,AADA/ADA_0.3,0.0,0.0,0.0,899.0
1.632174,327750.28,534945.64,138388.5,1644888639,VYFI/ADA_0.3,0.03970600000000002,-4054.7099999999627,6556.550000000047,899.0
6.632001,49694.0,329570.67,170821.69,1644888639,MILK/ADA_0.3,0.00586799999999954,-21.0,152.45999999996275,899.0
0.128818,1605680.29,206841.91,0.0,1644888639,MINt/ADA_0.3,0.0,0.0,0.0,899.0
0.03362,5720421.3,192323.76,20246.51,1644888639,CLAP/ADA_0.3,0.0,0.0,0.0,899.0
0.0,6828513858933.0,155122.9,0.0,1644888639,CHRLZ/ADA_0.3,0.0,0.0,0.0,899.0
2.147926,67788.71,145605.14,51705.25,1644888639,DANA/ADA_0.05,0.0,0.0,0.0,899.0
0.812849,165847.95,134809.38,0.0,1644888639,WMT/ADA_0.05,0.0,0.0,0.0,899.0
0.005625,21021337.0,118255.55,4710.88,1644888639,RAVE/ADA_1.0,0.0,0.0,0.0,899.0
3.4e-05,3143444688.18,109324.56,1731.4,1644888639,ASHIB/ADA_1.0,0.0,507000.0,-17.460000000006403,899.0
0.0,98254402494634.0,96734.8,1406.87,1644888639,BISON/ADA_0.3,0.0,0.0,0.0,899.0
0.032824,2711884.0,89016.39,0.0,1644888639,FIRE/ADA_0.3,0.0,0.0,0.0,899.0
0.0,926235727204.0,71913.94,48278.94,1644888639,HOSKY/ADA_0.3,0.0,19844323088.0,-1574.0,899.0
0.312129,211614.66,66051.25,133854.87,1644888639,MIN/ADA_0.3,-0.002976000000000034,1003.0,-313.6100000000006,899.0
0.006453,8826276.0,56961.59,5082.03,1644888639,FLICK/ADA_0.3,0.0,0.0,0.0,899.0
0.097279,506824.0,49303.51,12181.08,1644888639,cNETA/ADA_0.3,0.0,1050.0,102.15000000000146,899.0
0.013006,3371024.0,43845.98,3423.92,1644888639,CNFT/ADA_0.3,0.0,0.0,0.0,899.0
0.12941,337718.46,43704.43,0.0,1644888639,MELD/ADA_1.0,0.0,0.0,0.0,899.0
0.10925,307796.26,33626.89,0.0,1644888639,REVU/ADA_0.3,0.0,0.0,0.0,899.0
0.005472,5794588.0,31708.92,0.0,1644888639,BDOGE/ADA_1.0,0.0,0.0,0.0,899.0
0.003386,9142180.41,30956.85,18610.04,1644888639,DRIP/ADA_1.0,-5.999999999999929e-06,9000.0,-30.200000000000728,899.0
39.647952,735.0,29141.24,6857.46,1644888639,unsi…en/ADA_1.0,0.0,0.0,0.0,899.0
0.000839,33737052.55,28311.08,0.0,1644888639,MONET/ADA_0.3,0.0,0.0,0.0,899.0
0.014785,1796567.0,26562.93,0.0,1644888639,QUID/ADA_0.3,0.0,0.0,0.0,899.0
0.168122,150701.0,25336.27,0.0,1644888639,SKULL/ADA_1.0,0.0,0.0,0.0,899.0
0.0,272369873962.0,21511.81,0.0,1644888639,HOSKY/ADA_0.05,0.0,0.0,0.0,899.0
0.123004,174293.46,21438.85,0.0,1644888639,MINt/ADA_0.05,0.0,0.0,0.0,899.0
0.00075,27894910.0,20934.05,0.0,1644888639,RAG/ADA_1.0,0.0,0.0,0.0,899.0
26.47761,737.0,19513.99,0.0,1644888639,XDIA…ND/ADA_1.0,0.0,0.0,0.0,899.0
0.337089,56851.04,19163.89,0.0,1644888639,MIN/ADA_0.05,0.0,0.0,0.0,899.0
0.016594,1127575.0,18711.63,0.0,1644888639,GOKEY/ADA_0.3,0.0,0.0,0.0,899.0
0.429702,39790.0,17097.85,4007.46,1644888639,CDX/ADA_1.0,0.0,0.0,0.0,899.0
0.039329,430645.0,16937.01,0.0,1644888639,cMETA/ADA_0.3,0.0,0.0,0.0,899.0
0.657312,25430.7,16715.91,1000.5,1644888639,SUNDAE/ADA_0.05,0.07627600000000001,-1617.3499999999985,1000.0,899.0
1e-06,12842228360.0,15751.38,2205.57,1644888639,MEOW/ADA_0.3,0.0,0.0,0.0,899.0
2.188129,6532.08,14293.05,0.0,1644888639,DANA/ADA_0.3,0.0,0.0,0.0,899.0
0.300569,42115.14,12658.54,0.0,1644888639,CARGO/ADA_0.3,0.0,0.0,0.0,899.0
0.000336,35473213.0,11940.4,4089.97,1644888639,KIDZ/ADA_0.3,0.0,0.0,0.0,899.0
0.110195,97361.0,10728.76,0.0,1644888639,Card…rm/ADA_0.3,0.0,0.0,0.0,899.0
0.768512,13645.0,10486.36,0.0,1644888639,WMT/ADA_1.0,0.0,0.0,0.0,899.0
0.046783,201381.23,9421.38,0.0,1644888639,cbTHC/ADA_0.3,0.0,0.0,0.0,899.0
0.003002,2931204.54,8800.26,0.0,1644888639,DRIP/ADA_0.3,0.0,0.0,0.0,899.0
0.001174,7401613.0,8690.39,0.0,1644888639,FLANO/ADA_1.0,0.0,0.0,0.0,899.0
0.719989,25631309.94,18454262.29,1946830.07,1644889538,SUNDAE/ADA_0.3,-0.005591000000000013,99559.6400000006,-71082.92000000179,899.0
101.078222,148230.41,14982866.59,1381662.54,1644889538,LQ/ADA_0.3,-0.002724000000000615,35.279999999998836,3162.5099999997765,899.0
0.830784,12786826.6,10623097.76,609198.61,1644889538,WMT/ADA_0.3,0.0007729999999999126,-4224.110000001267,6377.660000000149,899.0
0.127514,10236990.89,1305363.7,423237.42,1644889538,MELD/ADA_0.3,1.7999999999990246e-05,-730.6899999994785,93.44999999995343,899.0
0.100438,10821049.0,1086851.1,181690.19,1644889538,PAVIA/ADA_0.3,0.0,0.0,0.0,899.0
0.162318,6550979.0,1063344.42,45979.24,1644889538,XRAY/ADA_0.3,2.2999999999995246e-05,-461.0,75.15999999991618,899.0
0.323847,2573639.0,833465.91,127229.98,1644889538,ADAX/ADA_0.3,0.0015499999999999958,-6172.0,2000.0,899.0
2.029117,379087.55,769213.09,125247.74,1644889538,AADA/ADA_0.3,-0.010253000000000068,955.7699999999604,-1937.9000000000233,899.0
1.632174,327750.28,534945.64,138388.5,1644889538,VYFI/ADA_0.3,0.0,0.0,0.0,899.0
6.632001,49694.0,329570.67,170821.69,1644889538,MILK/ADA_0.3,0.0,0.0,0.0,899.0
0.128021,1610680.29,206201.74,52042.07,1644889538,MINt/ADA_0.3,-0.0007969999999999922,5000.0,-640.1700000000128,899.0
0.033518,5729176.75,192030.72,20539.54,1644889538,CLAP/ADA_0.3,-0.00010199999999999793,8755.450000000186,-293.04000000000815,899.0
0.0,6828513858933.0,155122.9,0.0,1644889538,CHRLZ/ADA_0.3,0.0,0.0,0.0,899.0
2.147926,67788.71,145605.14,51705.25,1644889538,DANA/ADA_0.05,0.0,0.0,0.0,899.0
0.812849,165847.95,134809.38,0.0,1644889538,WMT/ADA_0.05,0.0,0.0,0.0,899.0
0.005625,21021337.0,118255.55,4710.88,1644889538,RAVE/ADA_1.0,0.0,0.0,0.0,899.0
3.4e-05,3143444688.18,109324.56,1731.4,1644889538,ASHIB/ADA_1.0,0.0,0.0,0.0,899.0
0.0,98254402494634.0,96734.8,1406.87,1644889538,BISON/ADA_0.3,0.0,0.0,0.0,899.0
0.032824,2711884.0,89016.39,0.0,1644889538,FIRE/ADA_0.3,0.0,0.0,0.0,899.0
0.0,926240727204.0,71914.33,48278.94,1644889538,HOSKY/ADA_0.3,0.0,5000000.0,0.3899999999994179,899.0
0.314544,210801.99,66306.65,134111.04,1644889538,MIN/ADA_0.3,0.0024150000000000005,-812.6700000000128,255.39999999999418,899.0
0.006453,8826276.0,56961.59,5082.03,1644889538,FLICK/ADA_0.3,0.0,0.0,0.0,899.0
0.096878,507874.0,49201.88,12181.08,1644889538,cNETA/ADA_0.3,-0.0004009999999999986,1050.0,-101.63000000000466,899.0
0.013006,3371024.0,43845.98,3423.92,1644889538,CNFT/ADA_0.3,0.0,0.0,0.0,899.0
0.12941,337718.46,43704.43,0.0,1644889538,MELD/ADA_1.0,0.0,0.0,0.0,899.0
0.10925,307796.26,33626.89,0.0,1644889538,REVU/ADA_0.3,0.0,0.0,0.0,899.0
0.005472,5794588.0,31708.92,0.0,1644889538,BDOGE/ADA_1.0,0.0,0.0,0.0,899.0
0.003385,9143180.41,30953.5,18613.39,1644889538,DRIP/ADA_1.0,-1.0000000000001327e-06,1000.0,-3.349999999998545,899.0
39.647952,735.0,29141.24,6857.46,1644889538,unsi…en/ADA_1.0,0.0,0.0,0.0,899.0
0.000839,33737052.55,28311.08,0.0,1644889538,MONET/ADA_0.3,0.0,0.0,0.0,899.0
0.014785,1796567.0,26562.93,0.0,1644889538,QUID/ADA_0.3,0.0,0.0,0.0,899.0
0.168122,150701.0,25336.27,0.0,1644889538,SKULL/ADA_1.0,0.0,0.0,0.0,899.0
0.0,272369873962.0,21511.81,0.0,1644889538,HOSKY/ADA_0.05,0.0,0.0,0.0,899.0
0.123004,174293.46,21438.85,0.0,1644889538,MINt/ADA_0.05,0.0,0.0,0.0,899.0
0.00075,27894910.0,20934.05,0.0,1644889538,RAG/ADA_1.0,0.0,0.0,0.0,899.0
26.47761,737.0,19513.99,0.0,1644889538,XDIA…ND/ADA_1.0,0.0,0.0,0.0,899.0
0.337089,56851.04,19163.89,0.0,1644889538,MIN/ADA_0.05,0.0,0.0,0.0,899.0
0.01663,1126375.0,18731.63,853.3,1644889538,GOKEY/ADA_0.3,3.599999999999784e-05,-1200.0,20.0,899.0
0.657312,27034.55,17770.14,1000.5,1644889538,SUNDAE/ADA_0.05,0.0,1603.8499999999985,1054.2299999999996,899.0
0.429702,39790.0,17097.85,4007.46,1644889538,CDX/ADA_1.0,0.0,0.0,0.0,899.0
0.039329,430645.0,16937.01,0.0,1644889538,cMETA/ADA_0.3,0.0,0.0,0.0,899.0
1e-06,12820318528.0,15778.38,2232.65,1644889538,MEOW/ADA_0.3,0.0,-21909832.0,27.0,899.0
2.188129,6532.08,14293.05,0.0,1644889538,DANA/ADA_0.3,0.0,0.0,0.0,899.0
0.300569,42115.14,12658.54,0.0,1644889538,CARGO/ADA_0.3,0.0,0.0,0.0,899.0
0.000337,35449534.0,11948.4,4097.99,1644889538,KIDZ/ADA_0.3,1.0000000000000243e-06,-23679.0,8.0,899.0
0.110195,97361.0,10728.76,0.0,1644889538,Card…rm/ADA_0.3,0.0,0.0,0.0,899.0
0.768512,13645.0,10486.36,0.0,1644889538,WMT/ADA_1.0,0.0,0.0,0.0,899.0
0.046783,201381.23,9421.38,0.0,1644889538,cbTHC/ADA_0.3,0.0,0.0,0.0,899.0
0.003002,2931204.54,8800.26,0.0,1644889538,DRIP/ADA_0.3,0.0,0.0,0.0,899.0
0.001174,7401613.0,8690.39,0.0,1644889538,FLANO/ADA_1.0,0.0,0.0,0.0,899.0
0.719164,25650125.13,18446664.43,1957801.87,1644890440,SUNDAE/ADA_0.3,-0.0008249999999999647,18815.189999997616,-7597.859999999404,901.0
101.110019,148207.13,14985226.59,1384029.62,1644890440,LQ/ADA_0.3,0.03179699999999741,-23.279999999998836,2360.0,901.0
0.826194,12823034.77,10594326.81,646849.35,1644890440,WMT/ADA_0.3,-0.004589999999999983,36208.169999999925,-28770.949999999255,901.0
0.127533,10237832.19,1305670.67,423337.72,1644890440,MELD/ADA_0.3,1.9000000000019e-05,841.2999999988824,306.96999999997206,901.0
0.100569,10814046.0,1087557.94,182616.47,1644890440,PAVIA/ADA_0.3,0.0001310000000000061,-7003.0,706.839999999851,901.0
0.162318,6550979.0,1063344.42,45979.24,1644890440,XRAY/ADA_0.3,0.0,0.0,0.0,901.0
0.323847,2573639.0,833465.91,127229.98,1644890440,ADAX/ADA_0.3,0.0,0.0,0.0,901.0
2.032345,378786.83,769825.61,125862.1,1644890440,AADA/ADA_0.3,0.0032280000000000086,-300.71999999997206,612.5200000000186,901.0
1.637173,327250.28,535765.44,139210.76,1644890440,VYFI/ADA_0.3,0.004998999999999976,-500.0,819.7999999999302,901.0
6.565871,49944.0,327925.89,172466.47,1644890440,MILK/ADA_0.3,-0.06613000000000024,250.0,-1644.7799999999697,901.0
0.128021,1610680.29,206201.74,40469.09,1644890440,MINt/ADA_0.3,0.0,0.0,0.0,901.0
0.033518,5729176.75,192030.72,20539.54,1644890440,CLAP/ADA_0.3,0.0,0.0,0.0,901.0
0.0,6828513858933.0,155122.9,0.0,1644890440,CHRLZ/ADA_0.3,0.0,0.0,0.0,901.0
2.147926,67788.71,145605.14,51378.6,1644890440,DANA/ADA_0.05,0.0,0.0,0.0,901.0
0.812849,166575.9,135401.1,0.0,1644890440,WMT/ADA_0.05,0.0,727.9499999999825,591.7200000000012,901.0
0.005625,21021337.0,118255.55,4710.88,1644890440,RAVE/ADA_1.0,0.0,0.0,0.0,901.0
3.4e-05,3143444688.18,109324.56,1731.4,1644890440,ASHIB/ADA_1.0,0.0,0.0,0.0,901.0
0.0,98254402494634.0,96734.8,1111.9,1644890440,BISON/ADA_0.3,0.0,0.0,0.0,901.0
0.032824,2711884.0,89016.39,0.0,1644890440,FIRE/ADA_0.3,0.0,0.0,0.0,901.0
0.0,922493263838.0,72207.63,48608.75,1644890440,HOSKY/ADA_0.3,0.0,-3747463366.0,293.3000000000029,901.0
0.314544,210801.99,66306.65,116171.14,1644890440,MIN/ADA_0.3,0.0,0.0,0.0,901.0
0.006453,8826276.0,56961.59,5082.03,1644890440,FLICK/ADA_0.3,0.0,0.0,0.0,901.0
0.095372,511874.0,48818.54,12136.9,1644890440,cNETA/ADA_0.3,-0.0015060000000000073,4000.0,-383.3399999999965,901.0
0.013006,3371024.0,43845.98,3423.92,1644890440,CNFT/ADA_0.3,0.0,0.0,0.0,901.0
0.12941,337718.46,43704.43,0.0,1644890440,MELD/ADA_1.0,0.0,0.0,0.0,901.0
0.10925,307796.26,33626.89,0.0,1644890440,REVU/ADA_0.3,0.0,0.0,0.0,901.0
0.005472,5794588.0,31708.92,0.0,1644890440,BDOGE/ADA_1.0,0.0,0.0,0.0,901.0
0.003378,9162180.41,30957.22,18547.5,1644890440,DRIP/ADA_1.0,-7.000000000000062e-06,19000.0,3.720000000001164,901.0
39.647952,735.0,29141.24,6857.46,1644890440,unsi…en/ADA_1.0,0.0,0.0,0.0,901.0
0.000839,33737052.55,28311.08,0.0,1644890440,MONET/ADA_0.3,0.0,0.0,0.0,901.0
0.014785,1796567.0,26562.93,0.0,1644890440,QUID/ADA_0.3,0.0,0.0,0.0,901.0
0.168346,150602.0,25353.26,1796.79,1644890440,SKULL/ADA_1.0,0.00022400000000000198,-99.0,16.989999999997963,901.0
0.0,272369873962.0,21511.81,0.0,1644890440,HOSKY/ADA_0.05,0.0,0.0,0.0,901.0
0.123004,174293.46,21438.85,0.0,1644890440,MINt/ADA_0.05,0.0,0.0,0.0,901.0
0.00075,27894910.0,20934.05,0.0,1644890440,RAG/ADA_1.0,0.0,0.0,0.0,901.0
26.47761,737.0,19513.99,0.0,1644890440,XDIA…ND/ADA_1.0,0.0,0.0,0.0,901.0
0.337089,56851.04,19163.89,0.0,1644890440,MIN/ADA_0.05,0.0,0.0,0.0,901.0
0.01663,1126375.0,18731.63,853.3,1644890440,GOKEY/ADA_0.3,0.0,0.0,0.0,901.0
0.657312,27051.35,17781.18,1000.5,1644890440,SUNDAE/ADA_0.05,0.0,16.799999999999272,11.040000000000873,901.0
0.429702,39790.0,17097.85,4007.46,1644890440,CDX/ADA_1.0,0.0,0.0,0.0,901.0
0.039329,430645.0,16937.01,0.0,1644890440,cMETA/ADA_0.3,0.0,0.0,0.0,901.0
1e-06,12788922998.0,15817.23,2271.62,1644890440,MEOW/ADA_0.3,0.0,-31395530.0,38.850000000000364,901.0
2.188129,6532.08,14293.05,0.0,1644890440,DANA/ADA_0.3,0.0,0.0,0.0,901.0
0.300569,42115.14,12658.54,0.0,1644890440,CARGO/ADA_0.3,0.0,0.0,0.0,901.0
0.000337,35449534.0,11948.4,4097.99,1644890440,KIDZ/ADA_0.3,0.0,0.0,0.0,901.0
0.110195,97361.0,10728.76,0.0,1644890440,Card…rm/ADA_0.3,0.0,0.0,0.0,901.0
0.768512,13645.0,10486.36,0.0,1644890440,WMT/ADA_1.0,0.0,0.0,0.0,901.0
0.046783,201381.23,9421.38,0.0,1644890440,cbTHC/ADA_0.3,0.0,0.0,0.0,901.0
0.003002,2933204.54,8806.26,0.0,1644890440,DRIP/ADA_0.3,0.0,2000.0,6.0,901.0
0.001174,7401613.0,8690.39,0.0,1644890440,FLANO/ADA_1.0,0.0,0.0,0.0,901.0
0.719193,25650587.25,18447745.65,1897965.98,1644891339,SUNDAE/ADA_0.3,2.8999999999945736e-05,462.1200000010431,1081.219999998808,899.0
101.08516,148226.15,14983464.39,1358474.6,1644891339,LQ/ADA_0.3,-0.024858999999992193,19.019999999989523,-1762.199999999255,899.0
0.838509,12730027.16,10674243.13,718889.98,1644891339,WMT/ADA_0.3,0.012314999999999965,-93007.6099999994,79916.3200000003,899.0
0.12754,10237581.94,1305703.33,391042.98,1644891339,MELD/ADA_0.3,6.999999999979245e-06,-250.25,32.66000000014901,899.0
0.100479,10928800.0,1098115.47,178595.31,1644891339,PAVIA/ADA_0.3,-9.000000000000674e-05,114754.0,10557.530000000028,899.0
0.162318,6550979.0,1063344.42,45967.21,1644891339,XRAY/ADA_0.3,0.0,0.0,0.0,899.0
0.323094,2576639.0,832498.41,123989.62,1644891339,ADAX/ADA_0.3,-0.0007530000000000037,3000.0,-967.5,899.0
2.007358,381140.59,765085.68,130011.67,1644891339,AADA/ADA_0.3,-0.02498699999999987,2353.7600000000093,-4739.929999999935,899.0
1.637173,327250.28,535765.44,138791.61,1644891339,VYFI/ADA_0.3,0.0,0.0,0.0,899.0
6.565871,49944.0,327925.89,168375.69,1644891339,MILK/ADA_0.3,0.0,0.0,0.0,899.0
0.128021,1610789.18,206215.68,40469.09,1644891339,MINt/ADA_0.3,0.0,108.88999999989755,13.940000000002328,899.0
0.033518,5729176.75,192030.72,20539.54,1644891339,CLAP/ADA_0.3,0.0,0.0,0.0,899.0
0.0,6828513858933.0,155122.9,0.0,1644891339,CHRLZ/ADA_0.3,0.0,0.0,0.0,899.0
2.147926,67788.71,145605.14,51378.6,1644891339,DANA/ADA_0.05,0.0,0.0,0.0,899.0
0.812849,166575.9,135401.1,0.0,1644891339,WMT/ADA_0.05,0.0,0.0,0.0,899.0
0.005625,21021337.0,118255.55,4710.88,1644891339,RAVE/ADA_1.0,0.0,0.0,0.0,899.0
3.4e-05,3143450688.18,109324.77,1731.4,1644891339,ASHIB/ADA_1.0,0.0,6000.0,0.21000000000640284,899.0
0.0,98254402494634.0,96734.8,1111.9,1644891339,BISON/ADA_0.3,0.0,0.0,0.0,899.0
0.032906,2708517.0,89127.39,9315.38,1644891339,FIRE/ADA_0.3,8.199999999999874e-05,-3367.0,111.0,899.0
0.0,921005411486.0,72324.63,48726.1,1644891339,HOSKY/ADA_0.3,0.0,-1487852352.0,117.0,899.0
0.314544,210801.99,66306.65,116171.14,1644891339,MIN/ADA_0.3,0.0,0.0,0.0,899.0
0.00631,8926276.0,56325.35,5718.27,1644891339,FLICK/ADA_0.3,-0.00014300000000000077,100000.0,-636.239999999998,899.0
0.09584,510623.0,48938.54,12257.26,1644891339,cNETA/ADA_0.3,0.0004679999999999962,-1251.0,120.0,899.0
0.013006,3371024.0,43845.98,3423.92,1644891339,CNFT/ADA_0.3,0.0,0.0,0.0,899.0
0.12941,337718.46,43704.43,0.0,1644891339,MELD/ADA_1.0,0.0,0.0,0.0,899.0
0.10925,307796.26,33626.89,0.0,1644891339,REVU/ADA_0.3,0.0,0.0,0.0,899.0
0.005472,5794588.0,31708.92,0.0,1644891339,BDOGE/ADA_1.0,0.0,0.0,0.0,899.0
0.003365,9180180.41,30897.13,18614.26,1644891339,DRIP/ADA_1.0,-1.299999999999999e-05,18000.0,-60.090000000000146,899.0
39.647952,735.0,29141.24,6857.46,1644891339,unsi…en/ADA_1.0,0.0,0.0,0.0,899.0
0.000839,33737052.55,28311.08,0.0,1644891339,MONET/ADA_0.3,0.0,0.0,0.0,899.0
0.014785,1796567.0,26562.93,0.0,1644891339,QUID/ADA_0.3,0.0,0.0,0.0,899.0
0.169139,150797.0,25505.72,1857.39,1644891339,SKULL/ADA_1.0,0.0007930000000000159,195.0,152.46000000000276,899.0
0.0,272369873962.0,21511.81,0.0,1644891339,HOSKY/ADA_0.05,0.0,0.0,0.0,899.0
0.123004,174293.46,21438.85,0.0,1644891339,MINt/ADA_0.05,0.0,0.0,0.0,899.0
0.00075,27894910.0,20934.05,0.0,1644891339,RAG/ADA_1.0,0.0,0.0,0.0,899.0
26.47761,737.0,19513.99,0.0,1644891339,XDIA…ND/ADA_1.0,0.0,0.0,0.0,899.0
0.337089,56851.04,19163.89,0.0,1644891339,MIN/ADA_0.05,0.0,0.0,0.0,899.0
0.01663,1126375.0,18731.63,853.3,1644891339,GOKEY/ADA_0.3,0.0,0.0,0.0,899.0
0.657312,26631.75,17505.37,1000.5,1644891339,SUNDAE/ADA_0.05,0.0,-419.59999999999854,-275.8100000000013,899.0
0.429702,39790.0,17097.85,4007.46,1644891339,CDX/ADA_1.0,0.0,0.0,0.0,899.0
0.039329,430645.0,16937.01,0.0,1644891339,cMETA/ADA_0.3,0.0,0.0,0.0,899.0
2.188129,6532.08,14293.05,0.0,1644891339,DANA/ADA_0.3,0.0,0.0,0.0,899.0
0.0,15788922998.0,12819.16,5269.69,1644891339,MEOW/ADA_0.3,-1e-06,3000000000.0,-2998.0699999999997,899.0
0.300569,42115.14,12658.54,0.0,1644891339,CARGO/ADA_0.3,0.0,0.0,0.0,899.0
0.000337,35449534.0,11948.4,4097.99,1644891339,KIDZ/ADA_0.3,0.0,0.0,0.0,899.0
0.110195,97361.0,10728.76,0.0,1644891339,Card…rm/ADA_0.3,0.0,0.0,0.0,899.0
0.768512,13645.0,10486.36,0.0,1644891339,WMT/ADA_1.0,0.0,0.0,0.0,899.0
0.046783,201381.23,9421.38,0.0,1644891339,cbTHC/ADA_0.3,0.0,0.0,0.0,899.0
0.003002,2933204.54,8806.26,0.0,1644891339,DRIP/ADA_0.3,0.0,0.0,0.0,899.0
0.001174,7401613.0,8690.39,0.0,1644891339,FLANO/ADA_1.0,0.0,0.0,0.0,899.0
0.719272,25650197.84,18449475.93,1898780.99,1644892239,SUNDAE/ADA_0.3,7.900000000005125e-05,-389.410000000149,1730.280000001192,899.0
101.068076,148242.39,14982574.09,1380558.43,1644892239,LQ/ADA_0.3,-0.01708399999999699,16.24000000001979,-890.3000000007451,899.0
0.836678,12758908.14,10675103.95,745043.88,1644892239,WMT/ADA_0.3,-0.001830999999999916,28880.980000000447,860.8199999984354,899.0
0.128242,10207552.72,1309045.24,394650.71,1644892239,MELD/ADA_0.3,0.0007020000000000082,-30029.219999998808,3341.909999999916,899.0
0.100479,10928800.0,1098115.47,178595.31,1644892239,PAVIA/ADA_0.3,0.0,0.0,0.0,899.0
0.162318,6551360.0,1063406.26,45967.21,1644892239,XRAY/ADA_0.3,0.0,381.0,61.84000000008382,899.0
0.323133,2576485.0,832548.41,124039.77,1644892239,ADAX/ADA_0.3,3.900000000001125e-05,-154.0,50.0,899.0
2.002156,381636.15,764095.18,131002.16,1644892239,AADA/ADA_0.3,-0.005202000000000151,495.5599999999977,-990.5,899.0
1.637173,327250.28,535765.44,138791.61,1644892239,VYFI/ADA_0.3,0.0,0.0,0.0,899.0
6.565871,49944.0,327925.89,168375.69,1644892239,MILK/ADA_0.3,0.0,0.0,0.0,899.0
0.127984,1611022.76,206185.87,40498.9,1644892239,MINt/ADA_0.3,-3.700000000000925e-05,233.5800000000745,-29.80999999999767,899.0
0.033518,5729176.75,192030.72,20539.54,1644892239,CLAP/ADA_0.3,0.0,0.0,0.0,899.0
0.0,6828513858933.0,155122.9,0.0,1644892239,CHRLZ/ADA_0.3,0.0,0.0,0.0,899.0
2.113876,68332.68,144446.89,53422.13,1644892239,DANA/ADA_0.05,-0.034050000000000136,543.9699999999866,-1158.25,899.0
0.812849,167231.18,135933.74,0.0,1644892239,WMT/ADA_0.05,0.0,655.2799999999988,532.6399999999849,899.0
0.005625,21021337.0,118255.55,4710.88,1644892239,RAVE/ADA_1.0,0.0,0.0,0.0,899.0
3.4e-05,3172183773.9,110324.07,1731.4,1644892239,ASHIB/ADA_1.0,0.0,28733085.720000267,999.3000000000029,899.0
0.0,98254402494634.0,96734.8,1111.9,1644892239,BISON/ADA_0.3,0.0,0.0,0.0,899.0
0.032906,2708517.0,89127.39,9315.38,1644892239,FIRE/ADA_0.3,0.0,0.0,0.0,899.0
0.0,927758240159.0,71809.84,49245.97,1644892239,HOSKY/ADA_0.3,0.0,6752828673.0,-514.7900000000081,899.0
0.319299,209228.99,66806.65,116672.64,1644892239,MIN/ADA_0.3,0.004755000000000009,-1573.0,500.0,899.0
0.006314,8923118.0,56345.35,5738.33,1644892239,FLICK/ADA_0.3,4.000000000000531e-06,-3158.0,20.0,899.0
0.09584,510623.0,48938.54,12257.26,1644892239,cNETA/ADA_0.3,0.0,0.0,0.0,899.0
0.013006,3371024.0,43845.98,3423.92,1644892239,CNFT/ADA_0.3,0.0,0.0,0.0,899.0
0.12941,337718.46,43704.43,0.0,1644892239,MELD/ADA_1.0,0.0,0.0,0.0,899.0
0.10925,307796.26,33626.89,0.0,1644892239,REVU/ADA_0.3,0.0,0.0,0.0,899.0
0.005472,5794588.0,31708.92,0.0,1644892239,BDOGE/ADA_1.0,0.0,0.0,0.0,899.0
0.00336,9187180.41,30873.82,18630.9,1644892239,DRIP/ADA_1.0,-4.999999999999796e-06,7000.0,-23.31000000000131,899.0
39.647952,738.0,29260.18,6857.46,1644892239,unsi…en/ADA_1.0,0.0,3.0,118.93999999999869,899.0
0.000839,33737052.55,28311.08,0.0,1644892239,MONET/ADA_0.3,0.0,0.0,0.0,899.0
0.014785,1796567.0,26562.93,0.0,1644892239,QUID/ADA_0.3,0.0,0.0,0.0,899.0
0.169535,150622.0,25535.72,1917.99,1644892239,SKULL/ADA_1.0,0.0003959999999999797,-175.0,30.0,899.0
0.0,272067294012.0,21487.91,0.0,1644892239,HOSKY/ADA_0.05,0.0,-302579950.0,-23.900000000001455,899.0
0.123004,174293.46,21438.85,0.0,1644892239,MINt/ADA_0.05,0.0,0.0,0.0,899.0
0.00075,27894910.0,20934.05,0.0,1644892239,RAG/ADA_1.0,0.0,0.0,0.0,899.0
26.47761,737.0,19513.99,0.0,1644892239,XDIA…ND/ADA_1.0,0.0,0.0,0.0,899.0
0.337089,56851.04,19163.89,0.0,1644892239,MIN/ADA_0.05,0.0,0.0,0.0,899.0
0.016843,1119227.0,18851.63,973.66,1644892239,GOKEY/ADA_0.3,0.00021300000000000138,-7148.0,120.0,899.0
0.657312,26831.27,17636.52,1000.5,1644892239,SUNDAE/ADA_0.05,0.0,199.52000000000044,131.15000000000146,899.0
0.429702,39790.0,17097.85,4007.46,1644892239,CDX/ADA_1.0,0.0,0.0,0.0,899.0
0.039329,430645.0,16937.01,0.0,1644892239,cMETA/ADA_0.3,0.0,0.0,0.0,899.0
2.188129,6532.08,14293.05,0.0,1644892239,DANA/ADA_0.3,0.0,0.0,0.0,899.0
0.0,15788922998.0,12819.16,5269.69,1644892239,MEOW/ADA_0.3,0.0,0.0,0.0,899.0
0.302442,41984.73,12697.97,3027.24,1644892239,CARGO/ADA_0.3,0.0018730000000000135,-130.40999999999622,39.42999999999847,899.0
0.000337,35449534.0,11948.4,4097.99,1644892239,KIDZ/ADA_0.3,0.0,0.0,0.0,899.0
0.110195,97361.0,10728.76,0.0,1644892239,Card…rm/ADA_0.3,0.0,0.0,0.0,899.0
0.768512,13645.0,10486.36,0.0,1644892239,WMT/ADA_1.0,0.0,0.0,0.0,899.0
0.046783,201381.23,9421.38,0.0,1644892239,cbTHC/ADA_0.3,0.0,0.0,0.0,899.0
0.003002,2933204.54,8806.26,0.0,1644892239,DRIP/ADA_0.3,0.0,0.0,0.0,899.0
0.001174,7401613.0,8690.39,0.0,1644892239,FLANO/ADA_1.0,0.0,0.0,0.0,899.0
0.719534,25657084.32,18461150.46,1902260.79,1644894042,SUNDAE/ADA_0.3,0.00026199999999998447,6886.480000000447,11674.530000001192,1803.0
100.989767,148264.44,14973191.69,1390102.08,1644894042,LQ/ADA_0.3,-0.0783090000000044,22.04999999998836,-9382.400000000373,1803.0
0.839288,12836537.23,10773558.33,883733.8,1644894042,WMT/ADA_0.3,0.002610000000000001,77629.08999999985,98454.38000000082,1803.0
0.128579,10202824.93,1311869.52,408780.63,1644894042,MELD/ADA_0.3,0.00033700000000000396,-4727.790000000969,2824.280000000028,1803.0
0.100573,10993553.0,1105657.84,179115.01,1644894042,PAVIA/ADA_0.3,9.399999999999686e-05,64753.0,7542.370000000112,1803.0
0.162649,6544692.0,1064493.53,47213.32,1644894042,XRAY/ADA_0.3,0.00033099999999999796,-6668.0,1087.2700000000186,1803.0
0.322899,2577208.0,832178.41,125246.69,1644894042,ADAX/ADA_0.3,-0.00023400000000001198,723.0,-370.0,1803.0
2.001744,381685.39,764036.83,133754.51,1644894042,AADA/ADA_0.3,-0.0004119999999998569,49.23999999999069,-58.35000000009313,1803.0
1.637173,327250.28,535765.44,138791.61,1644894042,VYFI/ADA_0.3,0.0,0.0,0.0,1803.0
6.565871,49944.0,327925.89,168375.69,1644894042,MILK/ADA_0.3,0.0,0.0,0.0,1803.0
0.127984,1611022.76,206185.87,38246.58,1644894042,MINt/ADA_0.3,0.0,0.0,0.0,1803.0
0.033424,5737176.75,191763.76,20806.51,1644894042,CLAP/ADA_0.3,-9.399999999999686e-05,8000.0,-266.95999999999185,1803.0
0.0,6828513858933.0,155122.9,0.0,1644894042,CHRLZ/ADA_0.3,0.0,0.0,0.0,1803.0
2.05687,69273.39,142486.42,55508.43,1644894042,DANA/ADA_0.05,-0.05700599999999989,940.7100000000064,-1960.4700000000012,1803.0
0.829088,171528.85,142212.63,1400.7,1644894042,WMT/ADA_0.05,0.016239000000000003,4297.670000000013,6278.890000000014,1803.0
0.005639,20995500.0,118402.55,4859.35,1644894042,RAVE/ADA_1.0,1.4000000000000123e-05,-25837.0,147.0,1803.0
3.4e-05,3169342750.66,110424.17,1726.03,1644894042,ASHIB/ADA_1.0,0.0,-2841023.240000248,100.09999999999127,1803.0
0.0,98254402494634.0,96734.8,1104.09,1644894042,BISON/ADA_0.3,0.0,0.0,0.0,1803.0
0.032906,2708517.0,89127.39,6503.82,1644894042,FIRE/ADA_0.3,0.0,0.0,0.0,1803.0
0.0,946953303705.0,70358.83,50632.1,1644894042,HOSKY/ADA_0.3,0.0,19195063546.0,-1451.0099999999948,1803.0
0.324089,208772.77,67661.03,109550.49,1644894042,MIN/ADA_0.3,0.0047900000000000165,-456.22000000000116,854.3800000000047,1803.0
0.005864,9260979.0,54310.45,12378.0,1644894042,FLICK/ADA_0.3,-0.0004499999999999999,337861.0,-2034.9000000000015,1803.0
0.09584,510623.0,48938.54,10676.78,1644894042,cNETA/ADA_0.3,0.0,0.0,0.0,1803.0
0.013006,3371024.0,43845.98,3247.81,1644894042,CNFT/ADA_0.3,0.0,0.0,0.0,1803.0
0.12941,337718.46,43704.43,0.0,1644894042,MELD/ADA_1.0,0.0,0.0,0.0,1803.0
0.657312,56491.1,37132.29,1000.5,1644894042,SUNDAE/ADA_0.05,0.0,29659.829999999998,19495.77,1803.0
0.003347,10186555.97,34098.12,17852.63,1644894042,DRIP/ADA_1.0,-1.299999999999999e-05,999375.5600000005,3224.300000000003,1803.0
0.10925,307796.26,33626.89,0.0,1644894042,REVU/ADA_0.3,0.0,0.0,0.0,1803.0
0.005472,5794588.0,31708.92,0.0,1644894042,BDOGE/ADA_1.0,0.0,0.0,0.0,1803.0
39.647952,738.0,29260.18,6857.46,1644894042,unsi…en/ADA_1.0,0.0,0.0,0.0,1803.0
0.000839,33737052.55,28311.08,0.0,1644894042,MONET/ADA_0.3,0.0,0.0,0.0,1803.0
0.014785,1796567.0,26562.93,0.0,1644894042,QUID/ADA_0.3,0.0,0.0,0.0,1803.0
0.169535,150622.0,25535.72,1917.99,1644894042,SKULL/ADA_1.0,0.0,0.0,0.0,1803.0
0.0,272066239367.0,21487.82,0.0,1644894042,HOSKY/ADA_0.05,0.0,-1054645.0,-0.09000000000014552,1803.0
0.123004,174293.46,21438.85,0.0,1644894042,MINt/ADA_0.05,0.0,0.0,0.0,1803.0
0.00075,27894910.0,20934.05,0.0,1644894042,RAG/ADA_1.0,0.0,0.0,0.0,1803.0
26.47761,737.0,19513.99,0.0,1644894042,XDIA…ND/ADA_1.0,0.0,0.0,0.0,1803.0
0.337089,56851.04,19163.89,0.0,1644894042,MIN/ADA_0.05,0.0,0.0,0.0,1803.0
0.016843,1119227.0,18851.63,973.66,1644894042,GOKEY/ADA_0.3,0.0,0.0,0.0,1803.0
0.452283,38789.0,17543.61,4907.89,1644894042,CDX/ADA_1.0,0.022581000000000018,-1001.0,445.76000000000204,1803.0
0.039887,427625.0,17057.01,565.68,1644894042,cMETA/ADA_0.3,0.000557999999999996,-3020.0,120.0,1803.0
2.188129,6532.08,14293.05,0.0,1644894042,DANA/ADA_0.3,0.0,0.0,0.0,1803.0
0.0,15788922998.0,12819.16,5269.69,1644894042,MEOW/ADA_0.3,0.0,0.0,0.0,1803.0
0.302442,41984.73,12697.97,3027.24,1644894042,CARGO/ADA_0.3,0.0,0.0,0.0,1803.0
0.000337,35449534.0,11948.4,4097.99,1644894042,KIDZ/ADA_0.3,0.0,0.0,0.0,1803.0
0.110195,97361.0,10728.76,0.0,1644894042,Card…rm/ADA_0.3,0.0,0.0,0.0,1803.0
0.768512,13645.0,10486.36,0.0,1644894042,WMT/ADA_1.0,0.0,0.0,0.0,1803.0
0.046783,201381.63,9421.39,0.14,1644894042,cbTHC/ADA_0.3,0.0,0.39999999999417923,0.010000000000218279,1803.0
0.003002,2934204.54,8809.26,0.0,1644894042,DRIP/ADA_0.3,0.0,1000.0,3.0,1803.0
0.001174,7401613.0,8690.39,0.0,1644894042,FLANO/ADA_1.0,0.0,0.0,0.0,1803.0
0.722764,25601147.49,18503605.36,1733520.38,1644894939,SUNDAE/ADA_0.3,0.003229999999999955,-55936.83000000194,42454.89999999851,896.0
101.122594,148212.23,14987606.19,1385856.83,1644894939,LQ/ADA_0.3,0.13282700000000602,-52.20999999999185,14414.5,896.0
0.837342,12858896.71,10767304.43,855269.87,1644894939,WMT/ADA_0.3,-0.0019460000000000033,22359.480000000447,-6253.9000000003725,896.0
0.126052,10309141.79,1299497.97,416177.21,1644894939,MELD/ADA_0.3,-0.0025270000000000015,106316.8599999994,-12371.550000000047,896.0
0.100536,10986757.0,1104572.84,173228.85,1644894939,PAVIA/ADA_0.3,-3.699999999999537e-05,-6796.0,-1085.0,896.0
0.162604,6548666.0,1064844.86,43023.02,1644894939,XRAY/ADA_0.3,-4.499999999998949e-05,3974.0,351.3300000000745,896.0
0.324137,2572287.0,833775.29,118244.34,1644894939,ADAX/ADA_0.3,0.0012380000000000169,-4921.0,1596.8800000000047,896.0
2.001744,381685.39,764036.83,124619.62,1644894939,AADA/ADA_0.3,0.0,0.0,0.0,896.0
1.640225,326946.07,536265.44,137949.58,1644894939,VYFI/ADA_0.3,0.0030520000000000547,-304.21000000002095,500.0,896.0
6.567793,49937.0,327975.89,168241.42,1644894939,MILK/ADA_0.3,0.0019220000000004234,-7.0,50.0,896.0
0.125791,1625022.76,204414.81,40017.64,1644894939,MINt/ADA_0.3,-0.0021930000000000005,14000.0,-1771.0599999999977,896.0
0.033424,5737176.75,191763.76,20806.51,1644894939,CLAP/ADA_0.3,0.0,0.0,0.0,896.0
0.0,6828513858933.0,155122.9,0.0,1644894939,CHRLZ/ADA_0.3,0.0,0.0,0.0,896.0
2.062823,69173.39,142692.51,55714.62,1644894939,DANA/ADA_0.05,0.005952999999999875,-100.0,206.0899999999965,896.0
0.829088,171528.85,142212.63,1400.7,1644894939,WMT/ADA_0.05,0.0,0.0,0.0,896.0
0.005639,20995500.0,118402.55,4859.35,1644894939,RAVE/ADA_1.0,0.0,0.0,0.0,896.0
3.4e-05,3171377056.07,110594.63,1776.53,1644894939,ASHIB/ADA_1.0,0.0,2034305.4100003242,170.4600000000064,896.0
0.0,98254402494634.0,96734.8,1104.09,1644894939,BISON/ADA_0.3,0.0,0.0,0.0,896.0
0.032906,2708517.0,89127.39,6503.82,1644894939,FIRE/ADA_0.3,0.0,0.0,0.0,896.0
0.0,946931144990.0,70360.48,50633.76,1644894939,HOSKY/ADA_0.3,0.0,-22158715.0,1.6499999999941792,896.0
0.324089,208772.77,67661.03,109550.49,1644894939,MIN/ADA_0.3,0.0,0.0,0.0,896.0
0.005868,9258100.0,54327.39,12685.95,1644894939,FLICK/ADA_0.3,3.9999999999996635e-06,-2879.0,16.94000000000233,896.0
0.09584,510623.0,48938.54,10676.78,1644894939,cNETA/ADA_0.3,0.0,0.0,0.0,896.0
0.013006,3371024.0,43845.98,3247.81,1644894939,CNFT/ADA_0.3,0.0,0.0,0.0,896.0
0.12941,337718.46,43704.43,0.0,1644894939,MELD/ADA_1.0,0.0,0.0,0.0,896.0
0.657312,64547.52,42427.86,1000.5,1644894939,SUNDAE/ADA_0.05,0.0,8056.419999999998,5295.57,896.0
0.003338,10204644.52,34072.12,17895.66,1644894939,DRIP/ADA_1.0,-9.000000000000327e-06,18088.549999998882,-26.0,896.0
0.10925,307796.26,33626.89,0.0,1644894939,REVU/ADA_0.3,0.0,0.0,0.0,896.0
0.005472,5794588.0,31708.92,0.0,1644894939,BDOGE/ADA_1.0,0.0,0.0,0.0,896.0
39.647952,738.0,29260.18,6857.46,1644894939,unsi…en/ADA_1.0,0.0,0.0,0.0,896.0
0.000839,33737052.55,28311.08,0.0,1644894939,MONET/ADA_0.3,0.0,0.0,0.0,896.0
0.014785,1796579.0,26563.11,4847.99,1644894939,QUID/ADA_0.3,0.0,12.0,0.18000000000029104,896.0
0.169535,150622.0,25535.72,1752.78,1644894939,SKULL/ADA_1.0,0.0,0.0,0.0,896.0
0.0,272066239367.0,21487.82,0.0,1644894939,HOSKY/ADA_0.05,0.0,0.0,0.0,896.0
0.123004,174293.46,21438.85,0.0,1644894939,MINt/ADA_0.05,0.0,0.0,0.0,896.0
0.00075,27894910.0,20934.05,0.0,1644894939,RAG/ADA_1.0,0.0,0.0,0.0,896.0
26.585731,736.0,19567.09,4601.19,1644894939,XDIA…ND/ADA_1.0,0.10812100000000058,-1.0,53.099999999998545,896.0
0.337089,56851.04,19163.89,0.0,1644894939,MIN/ADA_0.05,0.0,0.0,0.0,896.0
0.016843,1119227.0,18851.63,973.66,1644894939,GOKEY/ADA_0.3,0.0,0.0,0.0,896.0
0.441929,39243.0,17342.65,5108.84,1644894939,CDX/ADA_1.0,-0.010353999999999974,454.0,-200.95999999999913,896.0
0.039887,427625.0,17057.01,565.68,1644894939,cMETA/ADA_0.3,0.0,0.0,0.0,896.0
2.188129,6532.08,14293.05,0.0,1644894939,DANA/ADA_0.3,0.0,0.0,0.0,896.0
0.0,15788922998.0,12819.16,4015.94,1644894939,MEOW/ADA_0.3,0.0,0.0,0.0,896.0
0.302442,41984.73,12697.97,3178.34,1644894939,CARGO/ADA_0.3,0.0,0.0,0.0,896.0
0.000337,35449534.0,11948.4,4097.99,1644894939,KIDZ/ADA_0.3,0.0,0.0,0.0,896.0
0.110195,97361.0,10728.76,0.0,1644894939,Card…rm/ADA_0.3,0.0,0.0,0.0,896.0
0.768512,13645.0,10486.36,0.0,1644894939,WMT/ADA_1.0,0.0,0.0,0.0,896.0
0.046783,201381.63,9421.39,0.14,1644894939,cbTHC/ADA_0.3,0.0,0.0,0.0,896.0
0.003002,2934204.54,8809.26,0.0,1644894939,DRIP/ADA_0.3,0.0,0.0,0.0,896.0
0.001174,7401613.0,8690.39,0.0,1644894939,FLANO/ADA_1.0,0.0,0.0,0.0,896.0
0.72302,25612780.42,18518554.69,1737335.55,1644895839,SUNDAE/ADA_0.3,0.000256000000000034,11632.930000003427,14949.330000001937,900.0
101.124874,148220.43,14988772.47,1385911.19,1644895839,LQ/ADA_0.3,0.0022799999999989495,8.199999999982538,1166.280000001192,900.0
0.834822,12971707.24,10829068.89,873781.12,1644895839,WMT/ADA_0.3,-0.0025200000000000777,112810.52999999933,61764.460000000894,900.0
0.128133,10225253.63,1310196.91,428822.2,1644895839,MELD/ADA_0.3,0.0020809999999999995,-83888.15999999829,10698.939999999944,900.0
0.100597,10983456.0,1104905.84,173562.85,1644895839,PAVIA/ADA_0.3,6.1000000000005494e-05,-3301.0,333.0,900.0
0.162604,6548666.0,1064844.86,43023.02,1644895839,XRAY/ADA_0.3,0.0,0.0,0.0,900.0
0.325972,2565052.0,836135.16,120816.46,1644895839,ADAX/ADA_0.3,0.0018349999999999755,-7235.0,2359.8699999999953,900.0
1.998594,382236.5,763935.93,125719.34,1644895839,AADA/ADA_0.3,-0.003149999999999986,551.109999999986,-100.89999999990687,900.0
1.64047,327225.97,536804.4,137989.7,1644895839,VYFI/ADA_0.3,0.00024500000000005073,279.8999999999651,538.9600000000792,900.0
6.567793,49937.0,327975.89,168241.42,1644895839,MILK/ADA_0.3,0.0,0.0,0.0,900.0
0.125791,1625022.76,204414.81,40017.64,1644895839,MINt/ADA_0.3,0.0,0.0,0.0,900.0
0.033424,5737176.75,191763.76,20806.51,1644895839,CLAP/ADA_0.3,0.0,0.0,0.0,900.0
0.0,6828513858933.0,155122.9,0.0,1644895839,CHRLZ/ADA_0.3,0.0,0.0,0.0,900.0
2.052603,69345.44,142338.72,56168.43,1644895839,DANA/ADA_0.05,-0.010219999999999896,172.0500000000029,-353.79000000000815,900.0
0.829088,171528.85,142212.63,1400.7,1644895839,WMT/ADA_0.05,0.0,0.0,0.0,900.0
0.005583,21100011.0,117821.92,5439.98,1644895839,RAVE/ADA_1.0,-5.5999999999999626e-05,104511.0,-580.6300000000047,900.0
3.4e-05,3171377056.07,110594.63,1776.53,1644895839,ASHIB/ADA_1.0,0.0,0.0,0.0,900.0
0.0,98254402494634.0,96734.8,1104.09,1644895839,BISON/ADA_0.3,0.0,0.0,0.0,900.0
0.033201,2696452.0,89527.39,6905.02,1644895839,FIRE/ADA_0.3,0.0002950000000000036,-12065.0,400.0,900.0
0.0,944255147607.0,70560.48,50834.36,1644895839,HOSKY/ADA_0.3,0.0,-2675997383.0,200.0,900.0
0.325312,208380.65,67788.73,109678.58,1644895839,MIN/ADA_0.3,0.001222999999999974,-392.11999999999534,127.69999999999709,900.0
0.005831,9287537.0,54156.44,12806.31,1644895839,FLICK/ADA_0.3,-3.699999999999971e-05,29437.0,-170.9499999999971,900.0
0.09584,510623.0,48938.54,10676.78,1644895839,cNETA/ADA_0.3,0.0,0.0,0.0,900.0
0.013006,3371024.0,43845.98,3247.81,1644895839,CNFT/ADA_0.3,0.0,0.0,0.0,900.0
0.12941,337718.46,43704.43,0.0,1644895839,MELD/ADA_1.0,0.0,0.0,0.0,900.0
0.657312,64602.0,42463.68,1000.5,1644895839,SUNDAE/ADA_0.05,0.0,54.4800000000032,35.81999999999971,900.0
0.003328,10220144.52,34020.96,17946.82,1644895839,DRIP/ADA_1.0,-1.0000000000000026e-05,15500.0,-51.16000000000349,900.0
0.10925,307796.26,33626.89,0.0,1644895839,REVU/ADA_0.3,0.0,0.0,0.0,900.0
0.005472,5794588.0,31708.92,0.0,1644895839,BDOGE/ADA_1.0,0.0,0.0,0.0,900.0
39.647952,738.0,29260.18,6857.46,1644895839,unsi…en/ADA_1.0,0.0,0.0,0.0,900.0
0.000839,33737052.55,28311.08,0.0,1644895839,MONET/ADA_0.3,0.0,0.0,0.0,900.0
0.014785,1796579.0,26563.11,4847.99,1644895839,QUID/ADA_0.3,0.0,0.0,0.0,900.0
0.169535,150622.0,25535.72,1752.78,1644895839,SKULL/ADA_1.0,0.0,0.0,0.0,900.0
0.0,272066239367.0,21487.82,0.0,1644895839,HOSKY/ADA_0.05,0.0,0.0,0.0,900.0
0.123004,174293.46,21438.85,0.0,1644895839,MINt/ADA_0.05,0.0,0.0,0.0,900.0
0.00075,27894910.0,20934.05,0.0,1644895839,RAG/ADA_1.0,0.0,0.0,0.0,900.0
26.585731,736.0,19567.09,4601.19,1644895839,XDIA…ND/ADA_1.0,0.0,0.0,0.0,900.0
0.337089,56851.04,19163.89,0.0,1644895839,MIN/ADA_0.05,0.0,0.0,0.0,900.0
0.016843,1119227.0,18851.63,973.66,1644895839,GOKEY/ADA_0.3,0.0,0.0,0.0,900.0
0.441929,39243.0,17342.65,5108.84,1644895839,CDX/ADA_1.0,0.0,0.0,0.0,900.0
0.039887,427625.0,17057.01,565.68,1644895839,cMETA/ADA_0.3,0.0,0.0,0.0,900.0
2.188129,6532.08,14293.05,0.0,1644895839,DANA/ADA_0.3,0.0,0.0,0.0,900.0
0.0,15762433023.0,12840.76,4037.61,1644895839,MEOW/ADA_0.3,0.0,-26489975.0,21.600000000000364,900.0
0.298159,42285.97,12607.97,3178.34,1644895839,CARGO/ADA_0.3,-0.004282999999999981,301.23999999999796,-90.0,900.0
0.000337,35449534.0,11948.4,4097.99,1644895839,KIDZ/ADA_0.3,0.0,0.0,0.0,900.0
0.109176,97815.0,10679.11,50.65,1644895839,Card…rm/ADA_0.3,-0.001019000000000006,454.0,-49.649999999999636,900.0
0.768512,13645.0,10486.36,0.0,1644895839,WMT/ADA_1.0,0.0,0.0,0.0,900.0
0.046783,201381.63,9421.39,0.14,1644895839,cbTHC/ADA_0.3,0.0,0.0,0.0,900.0
0.003002,2934204.54,8809.26,0.0,1644895839,DRIP/ADA_0.3,0.0,0.0,0.0,900.0
0.001174,7401613.0,8690.39,0.0,1644895839,FLANO/ADA_1.0,0.0,0.0,0.0,900.0
0.723565,25605980.02,18527593.1,1750202.76,1644896740,SUNDAE/ADA_0.3,0.0005450000000000177,-6800.400000002235,9038.410000000149,900.0
101.136696,148212.18,14989690.35,1386791.25,1644896740,LQ/ADA_0.3,0.011821999999995114,-8.25,917.8799999989569,900.0
0.827917,13026381.33,10784763.0,938628.31,1644896740,WMT/ADA_0.3,-0.006904999999999939,54674.08999999985,-44305.890000000596,900.0
0.127563,10247841.1,1307255.51,436409.63,1644896740,MELD/ADA_0.3,-0.0005699999999999872,22587.469999998808,-2941.399999999907,900.0
0.10117,10952325.0,1108055.93,177228.91,1644896740,PAVIA/ADA_0.3,0.0005729999999999902,-31131.0,3150.089999999851,900.0
0.162772,6545296.0,1065394.86,43574.67,1644896740,XRAY/ADA_0.3,0.00016800000000000148,-3370.0,550.0,900.0
0.32764,2558524.0,838275.66,122963.38,1644896740,ADAX/ADA_0.3,0.0016680000000000028,-6528.0,2140.5,900.0
1.998594,382236.5,763935.93,125719.34,1644896740,AADA/ADA_0.3,0.0,0.0,0.0,900.0
1.64047,327225.97,536804.4,137989.7,1644896740,VYFI/ADA_0.3,0.0,0.0,0.0,900.0
6.599697,50043.0,330268.67,169440.74,1644896740,MILK/ADA_0.3,0.03190399999999993,106.0,2292.7799999999697,900.0
0.125791,1625022.76,204414.81,40017.64,1644896740,MINt/ADA_0.3,0.0,0.0,0.0,900.0
0.033424,5737176.75,191763.76,20806.51,1644896740,CLAP/ADA_0.3,0.0,0.0,0.0,900.0
0.0,6828513858933.0,155122.9,0.0,1644896740,CHRLZ/ADA_0.3,0.0,0.0,0.0,900.0
0.829088,172300.74,142852.6,1400.7,1644896740,WMT/ADA_0.05,0.0,771.8899999999849,639.9700000000012,900.0
2.053382,69332.29,142365.72,56195.44,1644896740,DANA/ADA_0.05,0.0007790000000000852,-13.150000000008731,27.0,900.0
0.005583,21100011.0,117821.92,5439.98,1644896740,RAVE/ADA_1.0,0.0,0.0,0.0,900.0
3.4e-05,3171377056.07,110594.63,1776.53,1644896740,ASHIB/ADA_1.0,0.0,0.0,0.0,900.0
0.0,98254402494634.0,96734.8,1304.69,1644896740,BISON/ADA_0.3,0.0,0.0,0.0,900.0
0.033201,2696452.0,89527.39,6905.02,1644896740,FIRE/ADA_0.3,0.0,0.0,0.0,900.0
0.0,944255147607.0,70560.48,50834.36,1644896740,HOSKY/ADA_0.3,0.0,0.0,0.0,900.0
0.330121,206859.47,68288.73,110180.08,1644896740,MIN/ADA_0.3,0.004809000000000008,-1521.179999999993,500.0,900.0
0.005831,9287537.0,54156.44,12806.31,1644896740,FLICK/ADA_0.3,0.0,0.0,0.0,900.0
0.093184,517861.0,48256.56,11358.75,1644896740,cNETA/ADA_0.3,-0.0026559999999999917,7238.0,-681.9800000000032,900.0
0.013006,3371024.0,43845.98,3247.81,1644896740,CNFT/ADA_0.3,0.0,0.0,0.0,900.0
0.12941,337718.46,43704.43,0.0,1644896740,MELD/ADA_1.0,0.0,0.0,0.0,900.0
0.657312,64251.08,42233.01,1000.5,1644896740,SUNDAE/ADA_0.05,0.0,-350.91999999999825,-230.66999999999825,900.0
0.003325,10229239.98,34018.11,17963.29,1644896740,DRIP/ADA_1.0,-2.9999999999999645e-06,9095.460000000894,-2.849999999998545,900.0
0.10925,307796.26,33626.89,0.0,1644896740,REVU/ADA_0.3,0.0,0.0,0.0,900.0
0.005472,5794588.0,31708.92,0.0,1644896740,BDOGE/ADA_1.0,0.0,0.0,0.0,900.0
39.647952,738.0,29260.18,6857.46,1644896740,unsi…en/ADA_1.0,0.0,0.0,0.0,900.0
0.000839,33737052.55,28311.08,0.0,1644896740,MONET/ADA_0.3,0.0,0.0,0.0,900.0
0.014785,1796579.0,26563.11,4847.99,1644896740,QUID/ADA_0.3,0.0,0.0,0.0,900.0
0.169535,150622.0,25535.72,1752.78,1644896740,SKULL/ADA_1.0,0.0,0.0,0.0,900.0
0.0,272066239367.0,21487.82,0.0,1644896740,HOSKY/ADA_0.05,0.0,0.0,0.0,900.0
0.123004,174293.46,21438.85,0.0,1644896740,MINt/ADA_0.05,0.0,0.0,0.0,900.0
0.00075,27894910.0,20934.05,0.0,1644896740,RAG/ADA_1.0,0.0,0.0,0.0,900.0
26.585731,736.0,19567.09,4601.19,1644896740,XDIA…ND/ADA_1.0,0.0,0.0,0.0,900.0
0.337089,56851.04,19163.89,0.0,1644896740,MIN/ADA_0.05,0.0,0.0,0.0,900.0
0.016843,1119227.0,18851.63,973.66,1644896740,GOKEY/ADA_0.3,0.0,0.0,0.0,900.0
0.439697,39343.0,17299.01,5152.48,1644896740,CDX/ADA_1.0,-0.0022320000000000118,100.0,-43.640000000003056,900.0
0.039887,427625.0,17057.01,565.68,1644896740,cMETA/ADA_0.3,0.0,0.0,0.0,900.0
2.188129,6532.08,14293.05,0.0,1644896740,DANA/ADA_0.3,0.0,0.0,0.0,900.0
0.0,15580969298.0,12990.76,4188.06,1644896740,MEOW/ADA_0.3,0.0,-181463725.0,150.0,900.0
0.298159,42285.97,12607.97,3178.34,1644896740,CARGO/ADA_0.3,0.0,0.0,0.0,900.0
0.000337,35449534.0,11948.4,4097.99,1644896740,KIDZ/ADA_0.3,0.0,0.0,0.0,900.0
0.109176,97815.0,10679.11,50.65,1644896740,Card…rm/ADA_0.3,0.0,0.0,0.0,900.0
0.768512,13645.0,10486.36,0.0,1644896740,WMT/ADA_1.0,0.0,0.0,0.0,900.0
0.046783,201381.63,9421.39,0.14,1644896740,cbTHC/ADA_0.3,0.0,0.0,0.0,900.0
0.003002,2935204.54,8812.26,0.0,1644896740,DRIP/ADA_0.3,0.0,1000.0,3.0,900.0
0.001174,7401613.0,8690.39,0.0,1644896740,FLANO/ADA_1.0,0.0,0.0,0.0,900.0
0.724032,25608403.42,18541307.48,1750351.15,1644897640,SUNDAE/ADA_0.3,0.0004669999999999952,2423.400000002235,13714.379999998957,900.0
101.546053,147922.68,15020965.17,1417233.74,1644897640,LQ/ADA_0.3,0.40935699999999997,-289.5,31274.820000000298,900.0
0.82356,13060841.83,10756397.23,953769.59,1644897640,WMT/ADA_0.3,-0.004357000000000055,34460.5,-28365.769999999553,900.0
0.127582,10247105.53,1307349.64,436453.88,1644897640,MELD/ADA_0.3,1.8999999999991246e-05,-735.570000000298,94.12999999988824,900.0
0.101417,10939001.0,1109410.94,178478.29,1644897640,PAVIA/ADA_0.3,0.0002469999999999972,-13324.0,1355.0100000000093,900.0
0.162772,6545296.0,1065394.86,43574.67,1644897640,XRAY/ADA_0.3,0.0,0.0,0.0,900.0
0.32742,2560382.0,838322.36,123243.88,1644897640,ADAX/ADA_0.3,-0.00021999999999999797,1858.0,46.699999999953434,900.0
1.998594,382236.5,763935.93,125719.34,1644897640,AADA/ADA_0.3,0.0,0.0,0.0,900.0
1.64047,327325.97,536968.45,137989.7,1644897640,VYFI/ADA_0.3,0.0,100.0,164.04999999993015,900.0
6.599697,50043.0,330268.67,169440.74,1644897640,MILK/ADA_0.3,0.0,0.0,0.0,900.0
0.125791,1625022.76,204414.81,39231.27,1644897640,MINt/ADA_0.3,0.0,0.0,0.0,900.0
0.033424,5737176.75,191763.76,20458.73,1644897640,CLAP/ADA_0.3,0.0,0.0,0.0,900.0
0.0,6828513858933.0,155122.9,0.0,1644897640,CHRLZ/ADA_0.3,0.0,0.0,0.0,900.0
2.059335,69232.04,142571.97,55998.21,1644897640,DANA/ADA_0.05,0.005952999999999875,-100.25,206.25,900.0
0.829088,171642.94,142307.22,1400.7,1644897640,WMT/ADA_0.05,0.0,-657.7999999999884,-545.3800000000047,900.0
0.005583,21094764.0,117792.62,5256.4,1644897640,RAVE/ADA_1.0,0.0,-5247.0,-29.30000000000291,900.0
3.4e-05,3171377056.07,110594.63,1776.53,1644897640,ASHIB/ADA_1.0,0.0,0.0,0.0,900.0
0.0,98052286752547.0,96934.8,1304.69,1644897640,BISON/ADA_0.3,0.0,-202115742087.0,200.0,900.0
0.033201,2696452.0,89527.39,6905.02,1644897640,FIRE/ADA_0.3,0.0,0.0,0.0,900.0
0.0,944332039369.0,70566.23,50494.61,1644897640,HOSKY/ADA_0.3,0.0,76891762.0,5.75,900.0
0.326957,207859.47,67961.17,108223.13,1644897640,MIN/ADA_0.3,-0.003164,1000.0,-327.5599999999977,900.0
0.005831,9287537.0,54156.44,12415.99,1644897640,FLICK/ADA_0.3,0.0,0.0,0.0,900.0
0.093261,517648.0,48276.56,11102.62,1644897640,cNETA/ADA_0.3,7.699999999999374e-05,-213.0,20.0,900.0
0.013006,3371024.0,43845.98,3247.81,1644897640,CNFT/ADA_0.3,0.0,0.0,0.0,900.0
0.12941,337718.46,43704.43,0.0,1644897640,MELD/ADA_1.0,0.0,0.0,0.0,900.0
0.657312,63073.93,41459.26,1000.5,1644897640,SUNDAE/ADA_0.05,0.0,-1177.1500000000015,-773.75,900.0
0.003481,9998965.73,34813.54,18467.36,1644897640,DRIP/ADA_1.0,0.00015600000000000032,-230274.25,795.4300000000003,900.0
0.10925,307796.26,33626.89,0.0,1644897640,REVU/ADA_0.3,0.0,0.0,0.0,900.0
0.005472,5794588.0,31708.92,0.0,1644897640,BDOGE/ADA_1.0,0.0,0.0,0.0,900.0
39.647952,738.0,29260.18,6857.46,1644897640,unsi…en/ADA_1.0,0.0,0.0,0.0,900.0
0.000839,33737052.55,28311.08,0.0,1644897640,MONET/ADA_0.3,0.0,0.0,0.0,900.0
0.014785,1796579.0,26563.11,4847.99,1644897640,QUID/ADA_0.3,0.0,0.0,0.0,900.0
0.169535,150622.0,25535.72,1752.78,1644897640,SKULL/ADA_1.0,0.0,0.0,0.0,900.0
0.0,272066239367.0,21487.82,0.0,1644897640,HOSKY/ADA_0.05,0.0,0.0,0.0,900.0
0.123004,174293.46,21438.85,0.0,1644897640,MINt/ADA_0.05,0.0,0.0,0.0,900.0
0.00075,27894910.0,20934.05,0.0,1644897640,RAG/ADA_1.0,0.0,0.0,0.0,900.0
26.585731,736.0,19567.09,4601.19,1644897640,XDIA…ND/ADA_1.0,0.0,0.0,0.0,900.0
0.337089,56851.04,19163.89,0.0,1644897640,MIN/ADA_0.05,0.0,0.0,0.0,900.0
0.016843,1119227.0,18851.63,973.66,1644897640,GOKEY/ADA_0.3,0.0,0.0,0.0,900.0
0.439697,39343.0,17299.01,5152.48,1644897640,CDX/ADA_1.0,0.0,0.0,0.0,900.0
0.039887,427625.0,17057.01,565.68,1644897640,cMETA/ADA_0.3,0.0,0.0,0.0,900.0
2.188129,6532.08,14293.05,0.0,1644897640,DANA/ADA_0.3,0.0,0.0,0.0,900.0
0.0,15580969298.0,12990.76,4188.06,1644897640,MEOW/ADA_0.3,0.0,0.0,0.0,900.0
0.298159,42285.97,12607.97,3178.34,1644897640,CARGO/ADA_0.3,0.0,0.0,0.0,900.0
0.000337,35449534.0,11948.4,4097.99,1644897640,KIDZ/ADA_0.3,0.0,0.0,0.0,900.0
0.109176,97815.0,10679.11,50.65,1644897640,Card…rm/ADA_0.3,0.0,0.0,0.0,900.0
0.768512,13645.0,10486.36,0.0,1644897640,WMT/ADA_1.0,0.0,0.0,0.0,900.0
0.046783,201381.63,9421.39,0.14,1644897640,cbTHC/ADA_0.3,0.0,0.0,0.0,900.0
0.003002,2935204.54,8812.26,0.0,1644897640,DRIP/ADA_0.3,0.0,0.0,0.0,900.0
0.001174,7401613.0,8690.39,0.0,1644897640,FLANO/ADA_1.0,0.0,0.0,0.0,900.0
0.723164,25625866.43,18531720.12,1697046.2,1644898539,SUNDAE/ADA_0.3,-0.0008679999999999799,17463.009999997914,-9587.359999999404,899.0
101.553189,148145.11,15044609.46,1406241.22,1644898539,LQ/ADA_0.3,0.007136000000002696,222.42999999999302,23644.29000000097,899.0
0.822227,13073606.58,10749474.32,951392.0,1644898539,WMT/ADA_0.3,-0.0013329999999999176,12764.75,-6922.910000000149,899.0
0.127804,10237872.66,1308447.11,378975.58,1644898539,MELD/ADA_0.3,0.00022199999999999998,-9232.86999999918,1097.470000000205,899.0
0.101415,10939109.0,1109400.02,171347.67,1644898539,PAVIA/ADA_0.3,-1.9999999999881224e-06,108.0,-10.919999999925494,899.0
0.162432,6555530.0,1064830.65,44687.42,1644898539,XRAY/ADA_0.3,-0.00034000000000000696,10234.0,-564.2100000001956,899.0
0.32742,2560382.0,838322.36,121672.3,1644898539,ADAX/ADA_0.3,0.0,0.0,0.0,899.0
1.999645,382136.26,764136.93,117407.16,1644898539,AADA/ADA_0.3,0.0010509999999999131,-100.23999999999069,201.0,899.0
1.64047,327577.18,537380.55,127605.68,1644898539,VYFI/ADA_0.3,0.0,251.21000000002095,412.10000000009313,899.0
6.604516,50025.0,330390.95,168349.2,1644898539,MILK/ADA_0.3,0.004819000000000351,-18.0,122.28000000002794,899.0
0.11152,1726022.76,192487.06,51159.02,1644898539,MINt/ADA_0.3,-0.014270999999999992,101000.0,-11927.75,899.0
0.033424,5737176.75,191763.76,20458.73,1644898539,CLAP/ADA_0.3,0.0,0.0,0.0,899.0
0.0,6819747534918.0,155322.9,1051.84,1644898539,CHRLZ/ADA_0.3,0.0,-8766324015.0,200.0,899.0
2.12031,68229.54,144667.84,58103.39,1644898539,DANA/ADA_0.05,0.060975,-1002.5,2095.8699999999953,899.0
0.829088,171642.94,142307.22,1400.7,1644898539,WMT/ADA_0.05,0.0,0.0,0.0,899.0
0.005583,21094764.0,117792.62,5256.4,1644898539,RAVE/ADA_1.0,0.0,0.0,0.0,899.0
3.4e-05,3171392056.07,110595.16,1776.53,1644898539,ASHIB/ADA_1.0,0.0,15000.0,0.5299999999988358,899.0
0.0,98052286752547.0,96934.8,1304.69,1644898539,BISON/ADA_0.3,0.0,0.0,0.0,899.0
0.033201,2696452.0,89527.39,6905.02,1644898539,FIRE/ADA_0.3,0.0,0.0,0.0,899.0
0.0,964414867249.0,69101.11,51959.73,1644898539,HOSKY/ADA_0.3,0.0,20082827880.0,-1465.1199999999953,899.0
0.320764,209859.47,67315.42,108868.89,1644898539,MIN/ADA_0.3,-0.006193000000000004,2000.0,-645.75,899.0
0.005831,9287537.0,54156.44,12415.99,1644898539,FLICK/ADA_0.3,0.0,0.0,0.0,899.0
0.093261,517648.0,48276.56,11102.62,1644898539,cNETA/ADA_0.3,0.0,0.0,0.0,899.0
0.013006,3371024.0,43845.98,3247.81,1644898539,CNFT/ADA_0.3,0.0,0.0,0.0,899.0
0.12941,337718.46,43704.43,0.0,1644898539,MELD/ADA_1.0,0.0,0.0,0.0,899.0
0.657312,63088.98,41469.15,1000.5,1644898539,SUNDAE/ADA_0.05,0.0,15.05000000000291,9.889999999999418,899.0
0.003481,10289819.65,35826.21,18467.36,1644898539,DRIP/ADA_1.0,0.0,290853.9199999999,1012.6699999999983,899.0
0.10925,307796.26,33626.89,0.0,1644898539,REVU/ADA_0.3,0.0,0.0,0.0,899.0
0.005472,5794588.0,31708.92,0.0,1644898539,BDOGE/ADA_1.0,0.0,0.0,0.0,899.0
39.647952,738.0,29260.18,6857.46,1644898539,unsi…en/ADA_1.0,0.0,0.0,0.0,899.0
0.000839,33737052.55,28311.08,0.0,1644898539,MONET/ADA_0.3,0.0,0.0,0.0,899.0
0.014785,1796579.0,26563.11,4847.99,1644898539,QUID/ADA_0.3,0.0,0.0,0.0,899.0
0.169535,150622.0,25535.72,1752.78,1644898539,SKULL/ADA_1.0,0.0,0.0,0.0,899.0
0.0,272066239367.0,21487.82,0.0,1644898539,HOSKY/ADA_0.05,0.0,0.0,0.0,899.0
0.123004,174293.46,21438.85,0.0,1644898539,MINt/ADA_0.05,0.0,0.0,0.0,899.0
0.00075,27894910.0,20934.05,0.0,1644898539,RAG/ADA_1.0,0.0,0.0,0.0,899.0
26.585731,736.0,19567.09,4601.19,1644898539,XDIA…ND/ADA_1.0,0.0,0.0,0.0,899.0
0.337089,56851.04,19163.89,0.0,1644898539,MIN/ADA_0.05,0.0,0.0,0.0,899.0
0.016843,1119227.0,18851.63,973.66,1644898539,GOKEY/ADA_0.3,0.0,0.0,0.0,899.0
0.439697,39343.0,17299.01,5152.48,1644898539,CDX/ADA_1.0,0.0,0.0,0.0,899.0
0.039887,427625.0,17057.01,565.68,1644898539,cMETA/ADA_0.3,0.0,0.0,0.0,899.0
2.188129,6532.08,14293.05,0.0,1644898539,DANA/ADA_0.3,0.0,0.0,0.0,899.0
0.0,15427052305.0,13120.76,4240.22,1644898539,MEOW/ADA_0.3,0.0,-153916993.0,130.0,899.0
0.298159,42285.97,12607.97,3178.34,1644898539,CARGO/ADA_0.3,0.0,0.0,0.0,899.0
0.000337,35449534.0,11948.4,4097.99,1644898539,KIDZ/ADA_0.3,0.0,0.0,0.0,899.0
0.109176,97815.0,10679.11,50.65,1644898539,Card…rm/ADA_0.3,0.0,0.0,0.0,899.0
0.768512,13645.0,10486.36,0.0,1644898539,WMT/ADA_1.0,0.0,0.0,0.0,899.0
0.046783,201383.13,9421.46,0.0,1644898539,cbTHC/ADA_0.3,0.0,1.5,0.06999999999970896,899.0
0.003002,2935204.54,8812.26,0.0,1644898539,DRIP/ADA_0.3,0.0,0.0,0.0,899.0
0.001174,7401613.0,8690.39,0.0,1644898539,FLANO/ADA_1.0,0.0,0.0,0.0,899.0
0.723175,25626672.99,18532576.99,1697183.61,1644899439,SUNDAE/ADA_0.3,1.0999999999983245e-05,806.5599999986589,856.8699999973178,899.0
101.609325,148266.61,15065270.46,1412453.08,1644899439,LQ/ADA_0.3,0.05613599999999508,121.5,20661.0,899.0
0.819302,13098035.42,10731253.28,974146.35,1644899439,WMT/ADA_0.3,-0.0029250000000000664,24428.83999999985,-18221.04000000097,899.0
0.137747,9864414.01,1358797.01,429156.17,1644899439,MELD/ADA_0.3,0.009943000000000007,-373458.6500000004,50349.89999999991,899.0
0.101822,10917391.0,1111633.03,173638.73,1644899439,PAVIA/ADA_0.3,0.0004069999999999907,-21718.0,2233.0100000000093,899.0
0.162432,6555530.0,1064830.65,44687.42,1644899439,XRAY/ADA_0.3,0.0,0.0,0.0,899.0
0.327162,2561395.0,837991.81,122002.85,1644899439,ADAX/ADA_0.3,-0.00025799999999998047,1013.0,-330.54999999993015,899.0
2.000221,382081.27,764247.22,117517.78,1644899439,AADA/ADA_0.3,0.0005759999999999099,-54.98999999999069,110.28999999992084,899.0
1.635359,328089.35,536544.17,128442.06,1644899439,VYFI/ADA_0.3,-0.005111000000000088,512.1699999999837,-836.3800000000047,899.0
6.632237,49921.0,331087.95,169048.29,1644899439,MILK/ADA_0.3,0.027720999999999663,-104.0,697.0,899.0
0.11152,1726022.76,192487.06,51159.02,1644899439,MINt/ADA_0.3,0.0,0.0,0.0,899.0
0.033415,5737937.57,191738.41,20484.08,1644899439,CLAP/ADA_0.3,-9.000000000002062e-06,760.820000000298,-25.35000000000582,899.0
0.0,6819747534918.0,155322.9,1051.84,1644899439,CHRLZ/ADA_0.3,0.0,0.0,0.0,899.0
2.12031,68229.54,144667.84,58103.39,1644899439,DANA/ADA_0.05,0.0,0.0,0.0,899.0
0.829088,171682.94,142340.38,1400.7,1644899439,WMT/ADA_0.05,0.0,40.0,33.16000000000349,899.0
0.005583,21094764.0,117792.62,5256.4,1644899439,RAVE/ADA_1.0,0.0,0.0,0.0,899.0
3.4e-05,3171392306.07,110595.17,1776.53,1644899439,ASHIB/ADA_1.0,0.0,250.0,0.00999999999476131,899.0
0.0,98052286752547.0,96934.8,1304.69,1644899439,BISON/ADA_0.3,0.0,0.0,0.0,899.0
0.033201,2696452.0,89527.39,6905.02,1644899439,FIRE/ADA_0.3,0.0,0.0,0.0,899.0
0.0,964430038647.0,69102.19,51959.73,1644899439,HOSKY/ADA_0.3,0.0,15171398.0,1.0800000000017462,899.0
0.316982,211109.47,66918.02,109266.29,1644899439,MIN/ADA_0.3,-0.0037820000000000076,1250.0,-397.3999999999942,899.0
0.005831,9287537.0,54156.44,12415.99,1644899439,FLICK/ADA_0.3,0.0,0.0,0.0,899.0
0.092848,518798.0,48169.87,11209.31,1644899439,cNETA/ADA_0.3,-0.0004129999999999967,1150.0,-106.68999999999505,899.0
0.013006,3371024.0,43845.98,3247.81,1644899439,CNFT/ADA_0.3,0.0,0.0,0.0,899.0
0.12941,337718.46,43704.43,0.0,1644899439,MELD/ADA_1.0,0.0,0.0,0.0,899.0
0.657312,63413.75,41682.63,1000.5,1644899439,SUNDAE/ADA_0.05,0.0,324.7699999999968,213.47999999999593,899.0
0.003477,10296607.1,35802.83,18519.98,1644899439,DRIP/ADA_1.0,-4.000000000000097e-06,6787.449999999255,-23.37999999999738,899.0
0.10925,307796.26,33626.89,0.0,1644899439,REVU/ADA_0.3,0.0,0.0,0.0,899.0
0.005485,5787361.0,31748.92,2790.43,1644899439,BDOGE/ADA_1.0,1.299999999999999e-05,-7227.0,40.0,899.0
39.647952,738.0,29260.18,6857.46,1644899439,unsi…en/ADA_1.0,0.0,0.0,0.0,899.0
0.000839,33737052.55,28311.08,0.0,1644899439,MONET/ADA_0.3,0.0,0.0,0.0,899.0
0.014785,1796579.0,26563.11,4847.99,1644899439,QUID/ADA_0.3,0.0,0.0,0.0,899.0
0.169535,150622.0,25535.72,1752.78,1644899439,SKULL/ADA_1.0,0.0,0.0,0.0,899.0
0.0,272066239367.0,21487.82,0.0,1644899439,HOSKY/ADA_0.05,0.0,0.0,0.0,899.0
0.123004,174293.46,21438.85,0.0,1644899439,MINt/ADA_0.05,0.0,0.0,0.0,899.0
0.00075,27894910.0,20934.05,0.0,1644899439,RAG/ADA_1.0,0.0,0.0,0.0,899.0
26.585731,736.0,19567.09,4601.19,1644899439,XDIA…ND/ADA_1.0,0.0,0.0,0.0,899.0
0.337089,56851.04,19163.89,0.0,1644899439,MIN/ADA_0.05,0.0,0.0,0.0,899.0
0.016843,1119227.0,18851.63,973.66,1644899439,GOKEY/ADA_0.3,0.0,0.0,0.0,899.0
0.439697,39343.0,17299.01,5152.48,1644899439,CDX/ADA_1.0,0.0,0.0,0.0,899.0
0.039887,427625.0,17057.01,565.68,1644899439,cMETA/ADA_0.3,0.0,0.0,0.0,899.0
2.188129,6532.08,14293.05,0.0,1644899439,DANA/ADA_0.3,0.0,0.0,0.0,899.0
0.0,15475171840.0,13161.69,4250.25,1644899439,MEOW/ADA_0.3,0.0,48119535.0,40.93000000000029,899.0
0.298159,42285.97,12607.97,3178.34,1644899439,CARGO/ADA_0.3,0.0,0.0,0.0,899.0
0.000337,35449534.0,11948.4,4097.99,1644899439,KIDZ/ADA_0.3,0.0,0.0,0.0,899.0
0.109176,97815.0,10679.11,50.65,1644899439,Card…rm/ADA_0.3,0.0,0.0,0.0,899.0
0.768512,13645.0,10486.36,0.0,1644899439,WMT/ADA_1.0,0.0,0.0,0.0,899.0
0.046783,201383.13,9421.46,0.0,1644899439,cbTHC/ADA_0.3,0.0,0.0,0.0,899.0
0.003002,2938204.54,8821.27,0.0,1644899439,DRIP/ADA_0.3,0.0,3000.0,9.010000000000218,899.0
0.001174,7401613.0,8690.39,0.0,1644899439,FLANO/ADA_1.0,0.0,0.0,0.0,899.0
0.72331,25625489.81,18535195.52,1698928.52,1644900339,SUNDAE/ADA_0.3,0.00013499999999999623,-1183.179999999702,2618.530000001192,900.0
101.588954,148306.03,15066255.18,1415051.0,1644900339,LQ/ADA_0.3,-0.020370999999997252,39.420000000012806,984.7199999988079,900.0
0.811506,13164144.55,10682782.53,1026857.92,1644900339,WMT/ADA_0.3,-0.007796000000000025,66109.13000000082,-48470.75,900.0
0.139747,9797686.76,1369206.39,439394.48,1644900339,MELD/ADA_0.3,0.0020000000000000018,-66727.25,10409.379999999888,900.0
0.100716,10981972.0,1106060.8,187187.29,1644900339,PAVIA/ADA_0.3,-0.0011059999999999959,64581.0,-5572.229999999981,900.0
0.162432,6555530.0,1064830.65,44687.42,1644900339,XRAY/ADA_0.3,0.0,0.0,0.0,900.0
0.326525,2563895.0,837177.15,122817.51,1644900339,ADAX/ADA_0.3,-0.0006369999999999987,2500.0,-814.6600000000326,900.0
2.000221,382081.27,764247.22,117517.78,1644900339,AADA/ADA_0.3,0.0,0.0,0.0,900.0
1.635359,328089.35,536544.17,128442.06,1644900339,VYFI/ADA_0.3,0.0,0.0,0.0,900.0
6.713622,49618.0,333116.5,171082.93,1644900339,MILK/ADA_0.3,0.08138500000000004,-303.0,2028.5499999999884,900.0
0.112031,1722090.2,192928.06,63257.94,1644900339,MINt/ADA_0.3,0.0005110000000000114,-3932.560000000056,441.0,900.0
0.033415,5737937.57,191738.41,20484.08,1644900339,CLAP/ADA_0.3,0.0,0.0,0.0,900.0
0.0,6819747534918.0,155322.9,1051.84,1644900339,CHRLZ/ADA_0.3,0.0,0.0,0.0,900.0
2.11141,68423.18,144469.43,58619.56,1644900339,DANA/ADA_0.05,-0.00890000000000013,193.63999999999942,-198.4100000000035,900.0
0.829088,171682.94,142340.38,1400.7,1644900339,WMT/ADA_0.05,0.0,0.0,0.0,900.0
0.00555,21158946.0,117439.46,5667.85,1644900339,RAVE/ADA_1.0,-3.300000000000004e-05,64182.0,-353.15999999998894,900.0
3.4e-05,3171392306.07,110595.17,1776.53,1644900339,ASHIB/ADA_1.0,0.0,0.0,0.0,900.0
0.0,98052286752547.0,96934.8,1304.69,1644900339,BISON/ADA_0.3,0.0,0.0,0.0,900.0
0.033201,2696452.0,89527.39,6905.02,1644900339,FIRE/ADA_0.3,0.0,0.0,0.0,900.0
0.0,964342027251.0,69095.89,51959.73,1644900339,HOSKY/ADA_0.3,0.0,-88011396.0,-6.30000000000291,900.0
0.314117,212071.47,66615.38,109568.93,1644900339,MIN/ADA_0.3,-0.0028650000000000064,962.0,-302.6399999999994,900.0
0.005831,9287537.0,54156.44,12415.99,1644900339,FLICK/ADA_0.3,0.0,0.0,0.0,900.0
0.092848,518798.0,48169.87,11209.31,1644900339,cNETA/ADA_0.3,0.0,0.0,0.0,900.0
0.013006,3371024.0,43845.98,3247.81,1644900339,CNFT/ADA_0.3,0.0,0.0,0.0,900.0
0.12941,337718.46,43704.43,0.0,1644900339,MELD/ADA_1.0,0.0,0.0,0.0,900.0
0.657312,63911.12,42009.55,1000.5,1644900339,SUNDAE/ADA_0.05,0.0,497.3700000000026,326.92000000000553,900.0
0.003466,10313107.1,35753.02,18550.89,1644900339,DRIP/ADA_1.0,-1.1000000000000159e-05,16500.0,-49.81000000000495,900.0
0.10925,307796.26,33626.89,0.0,1644900339,REVU/ADA_0.3,0.0,0.0,0.0,900.0
0.005485,5787361.0,31748.92,2790.43,1644900339,BDOGE/ADA_1.0,0.0,0.0,0.0,900.0
39.647952,738.0,29260.18,6857.46,1644900339,unsi…en/ADA_1.0,0.0,0.0,0.0,900.0
0.000839,33737052.55,28311.08,0.0,1644900339,MONET/ADA_0.3,0.0,0.0,0.0,900.0
0.014785,1796579.0,26563.11,4847.99,1644900339,QUID/ADA_0.3,0.0,0.0,0.0,900.0
0.169535,150622.0,25535.72,1752.78,1644900339,SKULL/ADA_1.0,0.0,0.0,0.0,900.0
0.0,272066239367.0,21487.82,0.0,1644900339,HOSKY/ADA_0.05,0.0,0.0,0.0,900.0
0.123004,174293.46,21438.85,0.0,1644900339,MINt/ADA_0.05,0.0,0.0,0.0,900.0
0.00075,27894910.0,20934.05,0.0,1644900339,RAG/ADA_1.0,0.0,0.0,0.0,900.0
26.585731,736.0,19567.09,4601.19,1644900339,XDIA…ND/ADA_1.0,0.0,0.0,0.0,900.0
0.337089,56851.04,19163.89,0.0,1644900339,MIN/ADA_0.05,0.0,0.0,0.0,900.0
0.016843,1119227.0,18851.63,973.66,1644900339,GOKEY/ADA_0.3,0.0,0.0,0.0,900.0
0.43638,39493.0,17233.96,5217.53,1644900339,CDX/ADA_1.0,-0.0033170000000000144,150.0,-65.04999999999927,900.0
0.039887,427625.0,17057.01,565.68,1644900339,cMETA/ADA_0.3,0.0,0.0,0.0,900.0
2.188129,6532.08,14293.05,0.0,1644900339,DANA/ADA_0.3,0.0,0.0,0.0,900.0
0.0,15463458253.0,13171.69,4250.25,1644900339,MEOW/ADA_0.3,0.0,-11713587.0,10.0,900.0
0.298159,42285.97,12607.97,3178.34,1644900339,CARGO/ADA_0.3,0.0,0.0,0.0,900.0
0.000337,35449534.0,11948.4,4097.99,1644900339,KIDZ/ADA_0.3,0.0,0.0,0.0,900.0
0.109176,97815.0,10679.11,50.65,1644900339,Card…rm/ADA_0.3,0.0,0.0,0.0,900.0
0.768512,13645.0,10486.36,0.0,1644900339,WMT/ADA_1.0,0.0,0.0,0.0,900.0
0.046783,201383.13,9421.46,0.0,1644900339,cbTHC/ADA_0.3,0.0,0.0,0.0,900.0
0.003002,2938204.54,8821.27,0.0,1644900339,DRIP/ADA_0.3,0.0,0.0,0.0,900.0
0.001174,7401613.0,8690.39,0.0,1644900339,FLANO/ADA_1.0,0.0,0.0,0.0,900.0
0.723379,25661733.02,18563169.16,1619591.49,1644901240,SUNDAE/ADA_0.3,6.899999999998574e-05,36243.210000000894,27973.640000000596,900.0
101.611535,148312.24,15070235.25,1306515.63,1644901240,LQ/ADA_0.3,0.022581000000002405,6.209999999991851,3980.070000000298,900.0
0.816797,13495793.7,11023325.13,1091917.34,1644901240,WMT/ADA_0.3,0.005291000000000046,331649.1499999985,340542.6000000015,900.0
0.13876,9809400.76,1361154.91,394215.91,1644901240,MELD/ADA_0.3,-0.0009870000000000156,11714.0,-8051.479999999981,900.0
0.100718,10981824.0,1106075.8,179065.77,1644901240,PAVIA/ADA_0.3,2.000000000002e-06,-148.0,15.0,900.0
0.162432,6555530.0,1064830.65,44687.42,1644901240,XRAY/ADA_0.3,0.0,0.0,0.0,900.0
0.326824,2562725.0,837560.88,123234.99,1644901240,ADAX/ADA_0.3,0.0002989999999999937,-1170.0,383.7299999999814,900.0
2.003021,381815.04,764783.83,117865.93,1644901240,AADA/ADA_0.3,0.0028000000000001357,-266.2300000000396,536.609999999986,900.0
1.635359,328089.35,536544.17,126682.06,1644901240,VYFI/ADA_0.3,0.0,0.0,0.0,900.0
6.711731,49625.0,333069.65,171013.43,1644901240,MILK/ADA_0.3,-0.001890999999999643,7.0,-46.84999999997672,900.0
0.033474,5732929.48,191906.41,20652.58,1644901240,CLAP/ADA_0.3,5.8999999999996555e-05,-5008.089999999851,168.0,900.0
0.100172,1821340.85,182447.93,61604.68,1644901240,MINt/ADA_0.3,-0.011859000000000008,99250.65000000014,-10480.130000000005,900.0
0.0,6819747534918.0,155322.9,1008.27,1644901240,CHRLZ/ADA_0.3,0.0,0.0,0.0,900.0
2.099613,68615.18,144065.38,59003.61,1644901240,DANA/ADA_0.05,-0.011796999999999613,192.0,-404.04999999998836,900.0
0.812871,173387.48,140941.76,2799.33,1644901240,WMT/ADA_0.05,-0.016217000000000037,1704.5400000000081,-1398.6199999999953,900.0
0.00555,21158946.0,117439.46,5646.46,1644901240,RAVE/ADA_1.0,0.0,0.0,0.0,900.0
3.4e-05,3171392306.07,110595.17,1675.49,1644901240,ASHIB/ADA_1.0,0.0,0.0,0.0,900.0
0.0,98052286752547.0,96934.8,1266.58,1644901240,BISON/ADA_0.3,0.0,0.0,0.0,900.0
0.033201,2696452.0,89527.39,6905.02,1644901240,FIRE/ADA_0.3,0.0,0.0,0.0,900.0
0.0,964462822536.0,69230.96,51856.82,1644901240,HOSKY/ADA_0.3,0.0,120795285.0,135.07000000000698,900.0
0.311347,213014.04,66321.49,109427.16,1644901240,MIN/ADA_0.3,-0.0027699999999999947,942.570000000007,-293.8899999999994,900.0
0.005855,9267916.0,54271.44,12531.33,1644901240,FLICK/ADA_0.3,2.3999999999999716e-05,-19621.0,115.0,900.0
0.092848,518798.0,48169.87,10253.4,1644901240,cNETA/ADA_0.3,0.0,0.0,0.0,900.0
0.013024,3368726.0,43875.98,3277.9,1644901240,CNFT/ADA_0.3,1.8000000000000654e-05,-2298.0,30.0,900.0
0.12941,337718.46,43704.43,0.0,1644901240,MELD/ADA_1.0,0.0,0.0,0.0,900.0
0.657312,63772.12,41918.18,1000.5,1644901240,SUNDAE/ADA_0.05,0.0,-139.0,-91.37000000000262,900.0
0.003413,10396107.1,35484.03,18315.52,1644901240,DRIP/ADA_1.0,-5.3000000000000096e-05,83000.0,-268.98999999999796,900.0
0.10925,307796.26,33626.89,0.0,1644901240,REVU/ADA_0.3,0.0,0.0,0.0,900.0
0.005485,5787361.0,31748.92,2790.43,1644901240,BDOGE/ADA_1.0,0.0,0.0,0.0,900.0
39.647952,738.0,29260.18,6857.46,1644901240,unsi…en/ADA_1.0,0.0,0.0,0.0,900.0
0.000839,33737052.55,28311.08,0.0,1644901240,MONET/ADA_0.3,0.0,0.0,0.0,900.0
0.014785,1800379.0,26619.29,4847.87,1644901240,QUID/ADA_0.3,0.0,3800.0,56.18000000000029,900.0
0.169535,150622.0,25535.72,1602.32,1644901240,SKULL/ADA_1.0,0.0,0.0,0.0,900.0
0.0,272066239367.0,21487.82,0.0,1644901240,HOSKY/ADA_0.05,0.0,0.0,0.0,900.0
0.123004,174293.46,21438.85,0.0,1644901240,MINt/ADA_0.05,0.0,0.0,0.0,900.0
0.00075,27894910.0,20934.05,0.0,1644901240,RAG/ADA_1.0,0.0,0.0,0.0,900.0
26.585731,736.0,19567.09,4601.19,1644901240,XDIA…ND/ADA_1.0,0.0,0.0,0.0,900.0
0.337089,56851.04,19163.89,0.0,1644901240,MIN/ADA_0.05,0.0,0.0,0.0,900.0
0.016843,1119227.0,18851.63,973.66,1644901240,GOKEY/ADA_0.3,0.0,0.0,0.0,900.0
0.43638,39493.0,17233.96,5217.53,1644901240,CDX/ADA_1.0,0.0,0.0,0.0,900.0
0.039887,427625.0,17057.01,565.68,1644901240,cMETA/ADA_0.3,0.0,0.0,0.0,900.0
2.188129,6532.08,14293.05,0.0,1644901240,DANA/ADA_0.3,0.0,0.0,0.0,900.0
0.0,15463458253.0,13171.69,3788.87,1644901240,MEOW/ADA_0.3,0.0,0.0,0.0,900.0
0.298159,42295.97,12610.95,3178.34,1644901240,CARGO/ADA_0.3,0.0,10.0,2.9800000000013824,900.0
0.000337,35449534.0,11948.4,4097.99,1644901240,KIDZ/ADA_0.3,0.0,0.0,0.0,900.0
0.109176,97815.0,10679.11,50.65,1644901240,Card…rm/ADA_0.3,0.0,0.0,0.0,900.0
0.768512,13645.0,10486.36,0.0,1644901240,WMT/ADA_1.0,0.0,0.0,0.0,900.0
0.046783,201383.13,9421.46,0.0,1644901240,cbTHC/ADA_0.3,0.0,0.0,0.0,900.0
0.003002,2938204.54,8821.27,0.0,1644901240,DRIP/ADA_0.3,0.0,0.0,0.0,900.0
0.001174,7401613.0,8690.39,0.0,1644901240,FLANO/ADA_1.0,0.0,0.0,0.0,900.0
0.723403,25661777.57,18563832.35,1620187.11,1644902139,SUNDAE/ADA_0.3,2.4000000000024002e-05,44.55000000074506,663.1900000013411,899.0
101.619208,148352.0,15075412.95,1307087.34,1644902139,LQ/ADA_0.3,0.007672999999996932,39.76000000000931,5177.699999999255,899.0
0.817055,13493799.24,11025188.22,1093732.72,1644902139,WMT/ADA_0.3,0.00025799999999998047,-1994.4599999990314,1863.089999999851,899.0
0.138778,9808970.31,1361274.91,394561.22,1644902139,MELD/ADA_0.3,1.8000000000018e-05,-430.44999999925494,120.0,899.0
0.106468,10681617.0,1137255.77,210339.27,1644902139,PAVIA/ADA_0.3,0.005749999999999991,-300207.0,31179.969999999972,899.0
0.162432,6555530.0,1064830.65,44687.42,1644902139,XRAY/ADA_0.3,0.0,0.0,0.0,899.0
0.326824,2562740.0,837565.78,123234.99,1644902139,ADAX/ADA_0.3,0.0,15.0,4.900000000023283,899.0
2.003021,381815.04,764783.83,117865.93,1644902139,AADA/ADA_0.3,0.0,0.0,0.0,899.0
1.635359,328089.35,536544.17,126682.06,1644902139,VYFI/ADA_0.3,0.0,0.0,0.0,899.0
6.834132,49183.0,336123.15,188775.73,1644902139,MILK/ADA_0.3,0.12240099999999998,-442.0,3053.5,899.0
0.033474,5732929.48,191906.41,20652.58,1644902139,CLAP/ADA_0.3,0.0,0.0,0.0,899.0
0.102891,1797152.77,184910.93,64075.07,1644902139,MINt/ADA_0.3,0.002718999999999999,-24188.080000000075,2463.0,899.0
0.0,6819747534918.0,155322.9,1008.27,1644902139,CHRLZ/ADA_0.3,0.0,0.0,0.0,899.0
2.099613,68615.18,144065.38,59003.61,1644902139,DANA/ADA_0.05,0.0,0.0,0.0,899.0
0.812871,173387.48,140941.76,2799.33,1644902139,WMT/ADA_0.05,0.0,0.0,0.0,899.0
0.00555,21158946.0,117439.46,5646.46,1644902139,RAVE/ADA_1.0,0.0,0.0,0.0,899.0
3.4e-05,3171392306.07,110595.17,1711.85,1644902139,ASHIB/ADA_1.0,0.0,0.0,0.0,899.0
0.0,98052286752547.0,96934.8,1266.58,1644902139,BISON/ADA_0.3,0.0,0.0,0.0,899.0
0.033201,2696452.0,89527.39,6905.02,1644902139,FIRE/ADA_0.3,0.0,0.0,0.0,899.0
0.0,961910675856.0,69415.24,52054.12,1644902139,HOSKY/ADA_0.3,0.0,-2552146680.0,184.27999999999884,899.0
0.311347,213014.04,66321.49,109427.16,1644902139,MIN/ADA_0.3,0.0,0.0,0.0,899.0
0.005855,9267916.0,54271.44,12531.33,1644902139,FLICK/ADA_0.3,0.0,0.0,0.0,899.0
0.096738,508278.0,49169.87,10253.4,1644902139,cNETA/ADA_0.3,0.0038900000000000046,-10520.0,1000.0,899.0
0.013024,3368726.0,43875.98,3277.9,1644902139,CNFT/ADA_0.3,0.0,0.0,0.0,899.0
0.12941,337718.46,43704.43,0.0,1644902139,MELD/ADA_1.0,0.0,0.0,0.0,899.0
0.657312,63772.12,41918.18,1000.5,1644902139,SUNDAE/ADA_0.05,0.0,0.0,0.0,899.0
0.00346,10326030.84,35732.4,19062.01,1644902139,DRIP/ADA_1.0,4.700000000000017e-05,-70076.25999999978,248.37000000000262,899.0
0.10925,307796.26,33626.89,0.0,1644902139,REVU/ADA_0.3,0.0,0.0,0.0,899.0
0.005296,5890578.0,31198.07,3341.28,1644902139,BDOGE/ADA_1.0,-0.00018899999999999993,103217.0,-550.8499999999985,899.0
39.647952,738.0,29260.18,6857.46,1644902139,unsi…en/ADA_1.0,0.0,0.0,0.0,899.0
0.000839,33737052.55,28311.08,0.0,1644902139,MONET/ADA_0.3,0.0,0.0,0.0,899.0
0.014785,1800382.0,26619.34,4847.87,1644902139,QUID/ADA_0.3,0.0,3.0,0.049999999999272404,899.0
0.169535,150622.0,25535.72,1602.32,1644902139,SKULL/ADA_1.0,0.0,0.0,0.0,899.0
0.0,272066239367.0,21487.82,0.0,1644902139,HOSKY/ADA_0.05,0.0,0.0,0.0,899.0
0.00075,27894910.0,20934.05,0.0,1644902139,RAG/ADA_1.0,0.0,0.0,0.0,899.0
0.1049,188738.99,19798.74,1640.11,1644902139,MINt/ADA_0.05,-0.01810400000000001,14445.529999999999,-1640.109999999997,899.0
26.585731,736.0,19567.09,4601.19,1644902139,XDIA…ND/ADA_1.0,0.0,0.0,0.0,899.0
0.337089,56851.04,19163.89,0.0,1644902139,MIN/ADA_0.05,0.0,0.0,0.0,899.0
0.016843,1119227.0,18851.63,973.66,1644902139,GOKEY/ADA_0.3,0.0,0.0,0.0,899.0
0.43638,39493.0,17233.96,5217.53,1644902139,CDX/ADA_1.0,0.0,0.0,0.0,899.0
0.039887,427625.0,17057.01,565.68,1644902139,cMETA/ADA_0.3,0.0,0.0,0.0,899.0
2.188129,6532.08,14293.05,0.0,1644902139,DANA/ADA_0.3,0.0,0.0,0.0,899.0
0.0,15463458253.0,13171.69,3788.87,1644902139,MEOW/ADA_0.3,0.0,0.0,0.0,899.0
0.298159,42295.97,12610.95,3178.34,1644902139,CARGO/ADA_0.3,0.0,0.0,0.0,899.0
0.000337,35449534.0,11948.4,4097.99,1644902139,KIDZ/ADA_0.3,0.0,0.0,0.0,899.0
0.109176,97815.0,10679.11,50.65,1644902139,Card…rm/ADA_0.3,0.0,0.0,0.0,899.0
0.768512,13645.0,10486.36,0.0,1644902139,WMT/ADA_1.0,0.0,0.0,0.0,899.0
0.046783,201383.13,9421.46,0.0,1644902139,cbTHC/ADA_0.3,0.0,0.0,0.0,899.0
0.003002,2938204.54,8821.27,0.0,1644902139,DRIP/ADA_0.3,0.0,0.0,0.0,899.0
0.001174,7401613.0,8690.39,0.0,1644902139,FLANO/ADA_1.0,0.0,0.0,0.0,899.0
0.722792,25676805.34,18558999.39,1632643.87,1644903039,SUNDAE/ADA_0.3,-0.0006110000000000282,15027.769999999553,-4832.960000000894,899.0
101.698103,148306.52,15082492.34,1312964.92,1644903039,LQ/ADA_0.3,0.07889500000000282,-45.48000000001048,7079.390000000596,899.0
0.817016,13560908.0,11079488.66,1095293.41,1644903039,WMT/ADA_0.3,-3.900000000001125e-05,67108.75999999978,54300.43999999948,899.0
0.138318,9825349.69,1359024.96,400894.12,1644903039,MELD/ADA_0.3,-0.00046000000000001595,16379.379999998957,-2249.9499999999534,899.0
0.106065,10701929.0,1135103.75,212670.28,1644903039,PAVIA/ADA_0.3,-0.0004029999999999867,20312.0,-2152.0200000000186,899.0
0.16249,6554364.0,1065020.65,45178.89,1644903039,XRAY/ADA_0.3,5.8000000000002494e-05,-1166.0,190.0,899.0
0.326824,2564026.0,837986.07,123234.99,1644903039,ADAX/ADA_0.3,0.0,1286.0,420.28999999992084,899.0
2.030383,379238.6,769999.89,130685.86,1644903039,AADA/ADA_0.3,0.02736200000000011,-2576.4400000000023,5216.060000000056,899.0
1.635359,328089.35,536544.17,126762.3,1644903039,VYFI/ADA_0.3,0.0,0.0,0.0,899.0
6.73882,49512.0,333652.5,191165.47,1644903039,MILK/ADA_0.3,-0.09531200000000073,329.0,-2470.6500000000233,899.0
0.033474,5732929.48,191906.41,20652.58,1644903039,CLAP/ADA_0.3,0.0,0.0,0.0,899.0
0.104005,1787514.87,185910.93,65078.07,1644903039,MINt/ADA_0.3,0.0011140000000000039,-9637.899999999907,1000.0,899.0
0.0,6833412810774.0,155013.22,1317.95,1644903039,CHRLZ/ADA_0.3,0.0,13665275856.0,-309.679999999993,899.0
2.099613,68615.18,144065.38,59003.61,1644903039,DANA/ADA_0.05,0.0,0.0,0.0,899.0
0.812871,173387.48,140941.76,2799.33,1644903039,WMT/ADA_0.05,0.0,0.0,0.0,899.0
0.00555,21158946.0,117439.46,5646.46,1644903039,RAVE/ADA_1.0,0.0,0.0,0.0,899.0
3.4e-05,3170370633.9,110631.17,1711.85,1644903039,ASHIB/ADA_1.0,0.0,-1021672.1700000763,36.0,899.0
0.0,97381220415955.0,97604.8,1938.59,1644903039,BISON/ADA_0.3,0.0,-671066336592.0,670.0,899.0
0.033201,2696452.0,89527.39,6905.02,1644903039,FIRE/ADA_0.3,0.0,0.0,0.0,899.0
0.0,951659316683.0,70165.24,52906.67,1644903039,HOSKY/ADA_0.3,0.0,-10251359173.0,750.0,899.0
0.311347,213014.04,66321.49,109613.51,1644903039,MIN/ADA_0.3,0.0,0.0,0.0,899.0
0.005851,9271062.0,54253.08,12549.69,1644903039,FLICK/ADA_0.3,-3.9999999999996635e-06,3146.0,-18.360000000000582,899.0
0.657312,78765.78,51773.7,1000.5,1644903039,SUNDAE/ADA_0.05,0.0,14993.659999999996,9855.519999999997,899.0
0.096738,508278.0,49169.87,10253.4,1644903039,cNETA/ADA_0.3,0.0,0.0,0.0,899.0
0.013024,3368726.0,43875.98,3277.9,1644903039,CNFT/ADA_0.3,0.0,0.0,0.0,899.0
0.12941,337718.46,43704.43,0.0,1644903039,MELD/ADA_1.0,0.0,0.0,0.0,899.0
0.003386,10439030.84,35349.44,19444.97,1644903039,DRIP/ADA_1.0,-7.399999999999985e-05,113000.0,-382.9599999999991,899.0
0.10925,307796.26,33626.89,0.0,1644903039,REVU/ADA_0.3,0.0,0.0,0.0,899.0
0.005296,5890578.0,31198.07,3341.28,1644903039,BDOGE/ADA_1.0,0.0,0.0,0.0,899.0
39.647952,738.0,29260.18,6857.46,1644903039,unsi…en/ADA_1.0,0.0,0.0,0.0,899.0
0.000839,33737052.55,28311.08,0.0,1644903039,MONET/ADA_0.3,0.0,0.0,0.0,899.0
0.014785,1800382.0,26619.34,4847.87,1644903039,QUID/ADA_0.3,0.0,0.0,0.0,899.0
0.169535,150622.0,25535.72,1602.32,1644903039,SKULL/ADA_1.0,0.0,0.0,0.0,899.0
0.0,272074803145.0,21488.5,0.0,1644903039,HOSKY/ADA_0.05,0.0,8563778.0,0.680000000000291,899.0
0.00075,27864987.0,20911.59,60.6,1644903039,RAG/ADA_1.0,0.0,-29923.0,-22.459999999999127,899.0
0.1049,188738.99,19798.74,1640.11,1644903039,MINt/ADA_0.05,0.0,0.0,0.0,899.0
26.585731,736.0,19567.09,4601.19,1644903039,XDIA…ND/ADA_1.0,0.0,0.0,0.0,899.0
0.337089,56851.04,19163.89,0.0,1644903039,MIN/ADA_0.05,0.0,0.0,0.0,899.0
0.016843,1119227.0,18851.63,973.66,1644903039,GOKEY/ADA_0.3,0.0,0.0,0.0,899.0
0.43638,39493.0,17233.96,5217.53,1644903039,CDX/ADA_1.0,0.0,0.0,0.0,899.0
0.039887,427625.0,17057.01,565.68,1644903039,cMETA/ADA_0.3,0.0,0.0,0.0,899.0
2.188129,6532.08,14293.05,0.0,1644903039,DANA/ADA_0.3,0.0,0.0,0.0,899.0
0.0,15463458253.0,13171.69,3788.87,1644903039,MEOW/ADA_0.3,0.0,0.0,0.0,899.0
0.298159,42295.97,12610.95,3178.34,1644903039,CARGO/ADA_0.3,0.0,0.0,0.0,899.0
0.000337,35449534.0,11948.4,4097.99,1644903039,KIDZ/ADA_0.3,0.0,0.0,0.0,899.0
0.109176,97815.0,10679.11,50.65,1644903039,Card…rm/ADA_0.3,0.0,0.0,0.0,899.0
0.768512,13645.0,10486.36,0.0,1644903039,WMT/ADA_1.0,0.0,0.0,0.0,899.0
0.046783,201383.13,9421.46,0.0,1644903039,cbTHC/ADA_0.3,0.0,0.0,0.0,899.0
0.003002,2938204.54,8821.27,0.0,1644903039,DRIP/ADA_0.3,0.0,0.0,0.0,899.0
0.001174,7401613.0,8690.39,0.0,1644903039,FLANO/ADA_1.0,0.0,0.0,0.0,899.0
0.722784,25682221.71,18562702.89,1634444.62,1644903939,SUNDAE/ADA_0.3,-8.000000000008e-06,5416.370000001043,3703.5,899.0
101.706179,148367.7,15089911.9,1313566.72,1644903939,LQ/ADA_0.3,0.008076000000002637,61.18000000002212,7419.5600000005215,899.0
0.815613,13574464.35,11071521.08,1136429.47,1644903939,WMT/ADA_0.3,-0.001402999999999932,13556.349999999627,-7967.5800000000745,899.0
0.139027,9800546.19,1362542.0,407562.66,1644903939,MELD/ADA_0.3,0.0007090000000000152,-24803.5,3517.0400000000373,899.0
0.106135,10698373.0,1135482.2,212870.88,1644903939,PAVIA/ADA_0.3,6.999999999998674e-05,-3556.0,378.44999999995343,899.0
0.162581,6552524.0,1065320.65,45178.89,1644903939,XRAY/ADA_0.3,9.100000000000774e-05,-1840.0,300.0,899.0
0.326824,2564026.0,837986.07,123234.99,1644903939,ADAX/ADA_0.3,0.0,0.0,0.0,899.0
2.030383,379238.6,769999.89,130685.86,1644903939,AADA/ADA_0.3,0.0,0.0,0.0,899.0
1.635846,328040.59,536624.17,126762.3,1644903939,VYFI/ADA_0.3,0.0004869999999999042,-48.759999999951106,80.0,899.0
6.73882,49512.0,333652.5,191165.47,1644903939,MILK/ADA_0.3,0.0,0.0,0.0,899.0
0.034891,5615466.78,195933.25,24868.91,1644903939,CLAP/ADA_0.3,0.0014170000000000016,-117462.70000000019,4026.8399999999965,899.0
0.104238,1785514.86,186119.8,65287.57,1644903939,MINt/ADA_0.3,0.0002329999999999971,-2000.0100000000093,208.86999999999534,899.0
0.0,6833412810774.0,155013.22,1317.95,1644903939,CHRLZ/ADA_0.3,0.0,0.0,0.0,899.0
2.099613,68615.18,144065.38,59003.61,1644903939,DANA/ADA_0.05,0.0,0.0,0.0,899.0
0.812871,173387.48,140941.76,2799.33,1644903939,WMT/ADA_0.05,0.0,0.0,0.0,899.0
0.00555,21158946.0,117439.46,5646.46,1644903939,RAVE/ADA_1.0,0.0,0.0,0.0,899.0
3.4e-05,3170370633.9,110631.17,1711.85,1644903939,ASHIB/ADA_1.0,0.0,0.0,0.0,899.0
0.0,97381220415955.0,97604.8,1938.59,1644903939,BISON/ADA_0.3,0.0,0.0,0.0,899.0
0.033201,2696452.0,89527.39,6905.02,1644903939,FIRE/ADA_0.3,0.0,0.0,0.0,899.0
0.0,948290688067.0,70415.24,53057.12,1644903939,HOSKY/ADA_0.3,0.0,-3368628616.0,250.0,899.0
0.313092,212420.72,66507.29,109613.51,1644903939,MIN/ADA_0.3,0.0017449999999999966,-593.320000000007,185.79999999998836,899.0
0.00585,9272442.0,54245.03,12557.74,1644903939,FLICK/ADA_0.3,-1.0000000000001327e-06,1380.0,-8.05000000000291,899.0
0.657312,78765.78,51773.7,1000.5,1644903939,SUNDAE/ADA_0.05,0.0,0.0,0.0,899.0
0.096738,508278.0,49169.87,10253.4,1644903939,cNETA/ADA_0.3,0.0,0.0,0.0,899.0
0.013024,3368726.0,43875.98,3277.9,1644903939,CNFT/ADA_0.3,0.0,0.0,0.0,899.0
0.12941,337718.46,43704.43,0.0,1644903939,MELD/ADA_1.0,0.0,0.0,0.0,899.0
0.003361,10478330.84,35218.19,19576.23,1644903939,DRIP/ADA_1.0,-2.5000000000000282e-05,39300.0,-131.25,899.0
0.10925,307796.26,33626.89,0.0,1644903939,REVU/ADA_0.3,0.0,0.0,0.0,899.0
0.005296,5890578.0,31198.07,3341.28,1644903939,BDOGE/ADA_1.0,0.0,0.0,0.0,899.0
39.647952,738.0,29260.18,6857.46,1644903939,unsi…en/ADA_1.0,0.0,0.0,0.0,899.0
0.000839,33737052.55,28311.08,0.0,1644903939,MONET/ADA_0.3,0.0,0.0,0.0,899.0
0.014785,1800382.0,26619.34,4847.87,1644903939,QUID/ADA_0.3,0.0,0.0,0.0,899.0
0.172521,149320.0,25760.84,1829.69,1644903939,SKULL/ADA_1.0,0.0029860000000000164,-1302.0,225.11999999999898,899.0
0.00075,27864987.0,20911.59,60.6,1644903939,RAG/ADA_1.0,0.0,0.0,0.0,899.0
0.0,280946566944.0,20810.26,678.24,1644903939,HOSKY/ADA_0.05,0.0,8871763799.0,-678.2400000000016,899.0
0.1049,188738.99,19798.74,1640.11,1644903939,MINt/ADA_0.05,0.0,0.0,0.0,899.0
26.585731,736.0,19567.09,4601.19,1644903939,XDIA…ND/ADA_1.0,0.0,0.0,0.0,899.0
0.337089,56851.04,19163.89,0.0,1644903939,MIN/ADA_0.05,0.0,0.0,0.0,899.0
0.016843,1119227.0,18851.63,973.66,1644903939,GOKEY/ADA_0.3,0.0,0.0,0.0,899.0
0.43638,39493.0,17233.96,5217.53,1644903939,CDX/ADA_1.0,0.0,0.0,0.0,899.0
0.039887,427625.0,17057.01,565.68,1644903939,cMETA/ADA_0.3,0.0,0.0,0.0,899.0
2.188129,6532.08,14293.05,0.0,1644903939,DANA/ADA_0.3,0.0,0.0,0.0,899.0
0.0,15463458253.0,13171.69,3788.87,1644903939,MEOW/ADA_0.3,0.0,0.0,0.0,899.0
0.298159,42295.97,12610.95,3178.34,1644903939,CARGO/ADA_0.3,0.0,0.0,0.0,899.0
0.000337,35419979.0,11958.4,4108.02,1644903939,KIDZ/ADA_0.3,0.0,-29555.0,10.0,899.0
0.109176,97815.0,10679.11,50.65,1644903939,Card…rm/ADA_0.3,0.0,0.0,0.0,899.0
0.768512,13645.0,10486.36,0.0,1644903939,WMT/ADA_1.0,0.0,0.0,0.0,899.0
0.046783,201383.13,9421.46,0.0,1644903939,cbTHC/ADA_0.3,0.0,0.0,0.0,899.0
0.003002,2938204.54,8821.27,0.0,1644903939,DRIP/ADA_0.3,0.0,0.0,0.0,899.0
0.001174,7401613.0,8690.39,0.0,1644903939,FLANO/ADA_1.0,0.0,0.0,0.0,899.0
0.723496,25671579.21,18573285.96,1547381.37,1644904839,SUNDAE/ADA_0.3,0.0007120000000000459,-10642.5,10583.070000000298,900.0
106.316898,145119.63,15428669.9,1649117.7,1644904839,LQ/ADA_0.3,4.610718999999989,-3248.070000000007,338758.0,900.0
0.814554,13588773.4,11068797.25,1141598.97,1644904839,WMT/ADA_0.3,-0.0010590000000000321,14309.050000000745,-2723.8300000000745,900.0
0.137985,9837565.56,1357440.76,407597.73,1644904839,MELD/ADA_0.3,-0.0010420000000000151,37019.37000000104,-5101.239999999991,900.0
0.106112,10690231.0,1134362.18,185146.68,1644904839,PAVIA/ADA_0.3,-2.2999999999995246e-05,-8142.0,-1120.0200000000186,900.0
0.162581,6552524.0,1065320.65,44376.67,1644904839,XRAY/ADA_0.3,0.0,0.0,0.0,900.0
0.326824,2564114.0,838014.84,123124.69,1644904839,ADAX/ADA_0.3,0.0,88.0,28.770000000018626,900.0
2.031269,379156.05,770168.04,129107.13,1644904839,AADA/ADA_0.3,0.0008859999999999424,-82.54999999998836,168.15000000002328,900.0
1.635846,328040.59,536624.17,126083.46,1644904839,VYFI/ADA_0.3,0.0,0.0,0.0,900.0
6.871793,49032.0,336937.78,195885.94,1644904839,MILK/ADA_0.3,0.13297300000000067,-480.0,3285.280000000028,900.0
0.034891,5615466.78,195933.25,23962.57,1644904839,CLAP/ADA_0.3,0.0,0.0,0.0,900.0
0.104804,1780697.78,186624.8,65504.8,1644904839,MINt/ADA_0.3,0.0005659999999999971,-4817.0800000000745,505.0,900.0
0.0,6833412810774.0,155013.22,1317.95,1644904839,CHRLZ/ADA_0.3,0.0,0.0,0.0,900.0
0.812871,179498.85,145909.52,2799.33,1644904839,WMT/ADA_0.05,0.0,6111.369999999995,4967.75999999998,900.0
2.099613,68615.18,144065.38,58978.59,1644904839,DANA/ADA_0.05,0.0,0.0,0.0,900.0
0.00555,21158946.0,117439.46,5646.46,1644904839,RAVE/ADA_1.0,0.0,0.0,0.0,900.0
3.5e-05,3162249144.86,110918.17,1966.77,1644904839,ASHIB/ADA_1.0,9.999999999999972e-07,-8121489.039999962,287.0,900.0
0.0,97281850298603.0,97704.8,2038.89,1644904839,BISON/ADA_0.3,0.0,-99370117352.0,100.0,900.0
0.033201,2696452.0,89527.39,6864.9,1644904839,FIRE/ADA_0.3,0.0,0.0,0.0,900.0
0.0,947386790139.0,70552.4,47321.15,1644904839,HOSKY/ADA_0.3,0.0,-903897928.0,137.15999999998894,900.0
0.313092,212420.72,66507.29,109613.51,1644904839,MIN/ADA_0.3,0.0,0.0,0.0,900.0
0.00585,9272442.0,54245.03,12549.15,1644904839,FLICK/ADA_0.3,0.0,0.0,0.0,900.0
0.657312,78958.74,51900.54,1000.5,1644904839,SUNDAE/ADA_0.05,0.0,192.9600000000064,126.84000000000378,900.0
0.096453,509028.0,49097.64,10325.63,1644904839,cNETA/ADA_0.3,-0.00028500000000000747,750.0,-72.2300000000032,900.0
0.138095,326978.64,45154.43,2968.39,1644904839,MELD/ADA_1.0,0.008684999999999998,-10739.820000000007,1450.0,900.0
0.013024,3368726.0,43875.98,3277.9,1644904839,CNFT/ADA_0.3,0.0,0.0,0.0,900.0
0.003375,10458123.77,35300.95,17666.44,1644904839,DRIP/ADA_1.0,1.4000000000000123e-05,-20207.070000000298,82.75999999999476,900.0
0.10925,307796.26,33626.89,0.0,1644904839,REVU/ADA_0.3,0.0,0.0,0.0,900.0
0.005296,5890578.0,31198.07,3341.28,1644904839,BDOGE/ADA_1.0,0.0,0.0,0.0,900.0
39.647952,738.0,29260.18,6857.46,1644904839,unsi…en/ADA_1.0,0.0,0.0,0.0,900.0
0.000839,33737052.55,28311.08,0.0,1644904839,MONET/ADA_0.3,0.0,0.0,0.0,900.0
0.014785,1800382.0,26619.34,4847.87,1644904839,QUID/ADA_0.3,0.0,0.0,0.0,900.0
0.16711,151731.0,25355.83,2264.85,1644904839,SKULL/ADA_1.0,-0.005410999999999999,2411.0,-405.0099999999984,900.0
0.00075,27864987.0,20911.59,60.6,1644904839,RAG/ADA_1.0,0.0,0.0,0.0,900.0
0.0,280946566944.0,20810.26,678.24,1644904839,HOSKY/ADA_0.05,0.0,0.0,0.0,900.0
0.1049,188738.99,19798.74,1640.11,1644904839,MINt/ADA_0.05,0.0,0.0,0.0,900.0
26.585731,736.0,19567.09,4601.19,1644904839,XDIA…ND/ADA_1.0,0.0,0.0,0.0,900.0
0.337089,56851.04,19163.89,0.0,1644904839,MIN/ADA_0.05,0.0,0.0,0.0,900.0
0.016843,1119227.0,18851.63,973.66,1644904839,GOKEY/ADA_0.3,0.0,0.0,0.0,900.0
0.43638,39493.0,17233.96,5217.53,1644904839,CDX/ADA_1.0,0.0,0.0,0.0,900.0
0.039887,427625.0,17057.01,565.68,1644904839,cMETA/ADA_0.3,0.0,0.0,0.0,900.0
2.188129,6532.08,14293.05,0.0,1644904839,DANA/ADA_0.3,0.0,0.0,0.0,900.0
0.0,15463458253.0,13171.69,3788.87,1644904839,MEOW/ADA_0.3,0.0,0.0,0.0,900.0
0.298159,42295.97,12610.95,3119.36,1644904839,CARGO/ADA_0.3,0.0,0.0,0.0,900.0
0.000338,35361017.0,11978.4,4128.08,1644904839,KIDZ/ADA_0.3,9.9999999999997e-07,-58962.0,20.0,900.0
0.109176,97815.0,10679.11,50.65,1644904839,Card…rm/ADA_0.3,0.0,0.0,0.0,900.0
0.768512,13645.0,10486.36,0.0,1644904839,WMT/ADA_1.0,0.0,0.0,0.0,900.0
0.046783,201383.13,9421.46,0.0,1644904839,cbTHC/ADA_0.3,0.0,0.0,0.0,900.0
0.003002,2938204.54,8821.27,0.0,1644904839,DRIP/ADA_0.3,0.0,0.0,0.0,900.0
0.001174,7401613.0,8690.39,0.0,1644904839,FLANO/ADA_1.0,0.0,0.0,0.0,900.0
0.723919,25665337.12,18579632.66,1554165.56,1644905739,SUNDAE/ADA_0.3,0.0004229999999999512,-6242.089999999851,6346.699999999255,899.0
105.716829,145578.53,15390100.65,1693622.08,1644905739,LQ/ADA_0.3,-0.6000689999999906,458.8999999999942,-38569.25,899.0
0.815821,13582392.35,11080809.04,1150285.55,1644905739,WMT/ADA_0.3,0.0012670000000000181,-6381.050000000745,12011.789999999106,899.0
0.137807,9850481.23,1357473.56,409680.83,1644905739,MELD/ADA_0.3,-0.00017799999999998373,12915.669999999925,32.800000000046566,899.0
0.105716,10710231.0,1132250.24,187258.61,1644905739,PAVIA/ADA_0.3,-0.0003959999999999936,20000.0,-2111.939999999944,899.0
0.162581,6552524.0,1065320.65,44376.67,1644905739,XRAY/ADA_0.3,0.0,0.0,0.0,899.0
0.328383,2558028.0,840014.84,125130.69,1644905739,ADAX/ADA_0.3,0.001558999999999977,-6086.0,2000.0,899.0
2.031269,379156.05,770168.04,129107.13,1644905739,AADA/ADA_0.3,0.0,0.0,0.0,899.0
1.635846,328040.59,536624.17,126083.46,1644905739,VYFI/ADA_0.3,0.0,0.0,0.0,899.0
6.871793,49119.0,337535.62,195885.94,1644905739,MILK/ADA_0.3,0.0,87.0,597.8399999999674,899.0
0.034891,5615466.78,195933.25,23962.57,1644905739,CLAP/ADA_0.3,0.0,0.0,0.0,899.0
0.106041,1770294.65,187724.8,66608.1,1644905739,MINt/ADA_0.3,0.001237000000000002,-10403.130000000121,1100.0,899.0
0.0,6833412810774.0,155013.22,1317.95,1644905739,CHRLZ/ADA_0.3,0.0,0.0,0.0,899.0
2.099613,70115.18,147214.8,58978.59,1644905739,DANA/ADA_0.05,0.0,1500.0,3149.4199999999837,899.0
0.812871,179498.85,145909.52,2799.33,1644905739,WMT/ADA_0.05,0.0,0.0,0.0,899.0
0.00555,21158946.0,117439.46,5646.46,1644905739,RAVE/ADA_1.0,0.0,0.0,0.0,899.0
3.5e-05,3163750745.82,110970.84,1966.77,1644905739,ASHIB/ADA_1.0,0.0,1501600.9600000381,52.669999999998254,899.0
0.0,97281850298603.0,97704.8,2038.89,1644905739,BISON/ADA_0.3,0.0,0.0,0.0,899.0
0.033201,2696452.0,89527.39,6864.9,1644905739,FIRE/ADA_0.3,0.0,0.0,0.0,899.0
0.0,947363963733.0,70554.76,47540.13,1644905739,HOSKY/ADA_0.3,0.0,-22826406.0,2.360000000000582,899.0
0.310797,213204.72,66263.46,109857.35,1644905739,MIN/ADA_0.3,-0.0022949999999999915,784.0,-243.8299999999872,899.0
0.00585,9272442.0,54245.03,12549.15,1644905739,FLICK/ADA_0.3,0.0,0.0,0.0,899.0
0.657312,78958.74,51900.54,1000.5,1644905739,SUNDAE/ADA_0.05,0.0,0.0,0.0,899.0
0.096453,509028.0,49097.64,10325.63,1644905739,cNETA/ADA_0.3,0.0,0.0,0.0,899.0
0.138095,326978.64,45154.43,2968.39,1644905739,MELD/ADA_1.0,0.0,0.0,0.0,899.0
0.013024,3368726.0,43875.98,3277.9,1644905739,CNFT/ADA_0.3,0.0,0.0,0.0,899.0
0.003355,10489536.45,35198.28,17970.11,1644905739,DRIP/ADA_1.0,-2.0000000000000052e-05,31412.679999999702,-102.66999999999825,899.0
0.10925,307796.26,33626.89,0.0,1644905739,REVU/ADA_0.3,0.0,0.0,0.0,899.0
0.005296,5890578.0,31198.07,3341.28,1644905739,BDOGE/ADA_1.0,0.0,0.0,0.0,899.0
39.647952,738.0,29260.18,6857.46,1644905739,unsi…en/ADA_1.0,0.0,0.0,0.0,899.0
0.000839,33737052.55,28311.08,0.0,1644905739,MONET/ADA_0.3,0.0,0.0,0.0,899.0
0.014785,1800382.0,26619.34,4747.57,1644905739,QUID/ADA_0.3,0.0,0.0,0.0,899.0
0.16711,151731.0,25355.83,2264.85,1644905739,SKULL/ADA_1.0,0.0,0.0,0.0,899.0
0.00075,27864987.0,20911.59,60.6,1644905739,RAG/ADA_1.0,0.0,0.0,0.0,899.0
0.0,280946566944.0,20810.26,678.24,1644905739,HOSKY/ADA_0.05,0.0,0.0,0.0,899.0
0.1049,188738.99,19798.74,1640.11,1644905739,MINt/ADA_0.05,0.0,0.0,0.0,899.0
26.585731,736.0,19567.09,4601.19,1644905739,XDIA…ND/ADA_1.0,0.0,0.0,0.0,899.0
0.337089,56851.04,19163.89,0.0,1644905739,MIN/ADA_0.05,0.0,0.0,0.0,899.0
0.016843,1119227.0,18851.63,973.66,1644905739,GOKEY/ADA_0.3,0.0,0.0,0.0,899.0
0.43638,39493.0,17233.96,5217.53,1644905739,CDX/ADA_1.0,0.0,0.0,0.0,899.0
0.039887,427625.0,17057.01,565.68,1644905739,cMETA/ADA_0.3,0.0,0.0,0.0,899.0
2.188129,6532.08,14293.05,0.0,1644905739,DANA/ADA_0.3,0.0,0.0,0.0,899.0
0.0,15463458253.0,13191.67,3798.9,1644905739,MEOW/ADA_0.3,0.0,0.0,19.979999999999563,899.0
0.298159,42295.97,12610.95,3119.36,1644905739,CARGO/ADA_0.3,0.0,0.0,0.0,899.0
0.000347,34924980.0,12128.4,4278.53,1644905739,KIDZ/ADA_0.3,9.000000000000002e-06,-436037.0,150.0,899.0
0.109176,97815.0,10679.11,50.65,1644905739,Card…rm/ADA_0.3,0.0,0.0,0.0,899.0
0.768512,13645.0,10486.36,0.0,1644905739,WMT/ADA_1.0,0.0,0.0,0.0,899.0
0.046783,201383.13,9421.46,0.0,1644905739,cbTHC/ADA_0.3,0.0,0.0,0.0,899.0
0.003002,2967611.61,8909.56,0.0,1644905739,DRIP/ADA_0.3,0.0,29407.069999999832,88.28999999999905,899.0
0.001174,7401613.0,8690.39,0.0,1644905739,FLANO/ADA_1.0,0.0,0.0,0.0,899.0
0.724151,25664831.36,18585228.38,1555897.65,1644906639,SUNDAE/ADA_0.3,0.00023200000000000998,-505.7600000016391,5595.719999998808,899.0
105.520365,148961.52,15718474.17,1711717.58,1644906639,LQ/ADA_0.3,-0.19646400000000597,3382.9899999999907,328373.51999999955,899.0
0.815705,13585658.1,11081897.99,1154291.99,1644906639,WMT/ADA_0.3,-0.00011600000000000499,3265.75,1088.9500000011176,899.0
0.137516,9860985.69,1356043.81,415678.05,1644906639,MELD/ADA_0.3,-0.00029100000000001347,10504.459999999031,-1429.75,899.0
0.10516,10738497.0,1129264.72,190237.04,1644906639,PAVIA/ADA_0.3,-0.0005560000000000009,28266.0,-2985.5200000000186,899.0
0.162581,6552524.0,1065320.65,44376.67,1644906639,XRAY/ADA_0.3,0.0,0.0,0.0,899.0
0.328383,2558028.0,840014.84,125130.69,1644906639,ADAX/ADA_0.3,0.0,0.0,0.0,899.0
2.048006,377605.88,773339.29,132287.9,1644906639,AADA/ADA_0.3,0.016737000000000002,-1550.1699999999837,3171.25,899.0
1.635599,328065.48,536583.57,126124.06,1644906639,VYFI/ADA_0.3,-0.0002469999999998862,24.889999999955762,-40.60000000009313,899.0
6.84394,49219.0,336851.89,196569.67,1644906639,MILK/ADA_0.3,-0.02785300000000035,100.0,-683.7299999999814,899.0
0.034891,5615466.78,195933.25,23962.57,1644906639,CLAP/ADA_0.3,0.0,0.0,0.0,899.0
0.109198,1744555.0,190502.91,69394.54,1644906639,MINt/ADA_0.3,0.003157000000000007,-25739.649999999907,2778.110000000015,899.0
0.0,6833412810774.0,155013.22,1317.95,1644906639,CHRLZ/ADA_0.3,0.0,0.0,0.0,899.0
2.119356,69788.02,147905.68,60488.26,1644906639,DANA/ADA_0.05,0.019742999999999622,-327.15999999998894,690.8800000000047,899.0
0.812871,179498.85,145909.52,2799.33,1644906639,WMT/ADA_0.05,0.0,0.0,0.0,899.0
0.00555,21158946.0,117439.46,5646.46,1644906639,RAVE/ADA_1.0,0.0,0.0,0.0,899.0
3.5e-05,3163750745.82,110970.84,1966.77,1644906639,ASHIB/ADA_1.0,0.0,0.0,0.0,899.0
0.0,97155325891281.0,97777.32,2139.19,1644906639,BISON/ADA_0.3,0.0,-126524407322.0,72.52000000000407,899.0
0.033201,2696452.0,89527.39,6864.9,1644906639,FIRE/ADA_0.3,0.0,0.0,0.0,899.0
0.0,935466218329.0,71370.02,48399.83,1644906639,HOSKY/ADA_0.3,0.0,-11897745404.0,815.2600000000093,899.0
0.31672,211204.67,66892.85,110488.62,1644906639,MIN/ADA_0.3,0.005923000000000012,-2000.0499999999884,629.3899999999994,899.0
0.00585,9272442.0,54245.03,12549.15,1644906639,FLICK/ADA_0.3,0.0,0.0,0.0,899.0
0.657312,78958.74,51900.54,1000.5,1644906639,SUNDAE/ADA_0.05,0.0,0.0,0.0,899.0
0.096453,509028.0,49097.64,10325.63,1644906639,cNETA/ADA_0.3,0.0,0.0,0.0,899.0
0.138095,326978.64,45154.43,2968.39,1644906639,MELD/ADA_1.0,0.0,0.0,0.0,899.0
0.013024,3368726.0,43875.98,3277.9,1644906639,CNFT/ADA_0.3,0.0,0.0,0.0,899.0
0.003332,10556123.77,35181.73,18089.3,1644906639,DRIP/ADA_1.0,-2.3000000000000017e-05,66587.3200000003,-16.549999999995634,899.0
0.10925,307796.26,33626.89,0.0,1644906639,REVU/ADA_0.3,0.0,0.0,0.0,899.0
0.005296,5890578.0,31198.07,3341.28,1644906639,BDOGE/ADA_1.0,0.0,0.0,0.0,899.0
39.647952,738.0,29260.18,6857.46,1644906639,unsi…en/ADA_1.0,0.0,0.0,0.0,899.0
0.000839,33737052.55,28311.08,0.0,1644906639,MONET/ADA_0.3,0.0,0.0,0.0,899.0
0.014785,1800382.0,26619.34,4747.57,1644906639,QUID/ADA_0.3,0.0,0.0,0.0,899.0
0.16711,151731.0,25355.83,2264.85,1644906639,SKULL/ADA_1.0,0.0,0.0,0.0,899.0
0.00075,27864987.0,20911.59,60.6,1644906639,RAG/ADA_1.0,0.0,0.0,0.0,899.0
0.0,280946566944.0,20810.26,678.24,1644906639,HOSKY/ADA_0.05,0.0,0.0,0.0,899.0
0.1049,188738.99,19798.74,1640.11,1644906639,MINt/ADA_0.05,0.0,0.0,0.0,899.0
26.585731,736.0,19567.09,4601.19,1644906639,XDIA…ND/ADA_1.0,0.0,0.0,0.0,899.0
0.337089,56851.04,19163.89,0.0,1644906639,MIN/ADA_0.05,0.0,0.0,0.0,899.0
0.016843,1119227.0,18851.63,973.66,1644906639,GOKEY/ADA_0.3,0.0,0.0,0.0,899.0
0.43638,39493.0,17233.96,5217.53,1644906639,CDX/ADA_1.0,0.0,0.0,0.0,899.0
0.039887,427625.0,17057.01,565.68,1644906639,cMETA/ADA_0.3,0.0,0.0,0.0,899.0
2.188129,6532.08,14293.05,0.0,1644906639,DANA/ADA_0.3,0.0,0.0,0.0,899.0
0.0,15413652135.0,13149.18,3798.9,1644906639,MEOW/ADA_0.3,0.0,-49806118.0,-42.48999999999978,899.0
0.298159,42295.97,12610.95,3119.36,1644906639,CARGO/ADA_0.3,0.0,0.0,0.0,899.0
0.000352,34677850.0,12215.1,4365.49,1644906639,KIDZ/ADA_0.3,5.000000000000013e-06,-247130.0,86.70000000000073,899.0
0.109176,97815.0,10679.11,50.65,1644906639,Card…rm/ADA_0.3,0.0,0.0,0.0,899.0
0.768512,13645.0,10486.36,0.0,1644906639,WMT/ADA_1.0,0.0,0.0,0.0,899.0
0.046783,201383.13,9421.46,0.0,1644906639,cbTHC/ADA_0.3,0.0,0.0,0.0,899.0
0.003002,2967611.61,8909.56,0.0,1644906639,DRIP/ADA_0.3,0.0,0.0,0.0,899.0
0.001174,7401613.0,8690.39,0.0,1644906639,FLANO/ADA_1.0,0.0,0.0,0.0,899.0
0.726549,25622879.26,18616291.27,1587362.67,1644907539,SUNDAE/ADA_0.3,0.0023980000000000112,-41952.099999997765,31062.890000000596,900.0
106.345007,148380.29,15779503.63,1773294.32,1644907539,LQ/ADA_0.3,0.8246419999999972,-581.2299999999814,61029.460000000894,900.0
0.816897,13578124.35,11091940.93,1170957.93,1644907539,WMT/ADA_0.3,0.0011919999999999709,-7533.75,10042.939999999478,900.0
0.138032,9846661.33,1359156.2,418948.42,1644907539,MELD/ADA_0.3,0.0005159999999999887,-14324.359999999404,3112.3899999998976,900.0
0.105252,10733808.0,1129759.59,190743.67,1644907539,PAVIA/ADA_0.3,9.199999999999486e-05,-4689.0,494.87000000011176,900.0
0.162581,6552524.0,1065320.65,44376.67,1644907539,XRAY/ADA_0.3,0.0,0.0,0.0,900.0
0.328383,2558028.0,840014.84,125130.69,1644907539,ADAX/ADA_0.3,0.0,0.0,0.0,900.0
2.048006,377605.88,773339.29,132287.9,1644907539,AADA/ADA_0.3,0.0,0.0,0.0,900.0
1.635599,328065.48,536583.57,126124.06,1644907539,VYFI/ADA_0.3,0.0,0.0,0.0,900.0
6.760571,49522.0,334797.01,198624.55,1644907539,MILK/ADA_0.3,-0.08336900000000025,303.0,-2054.8800000000047,900.0
0.034891,5615466.78,195933.25,23962.57,1644907539,CLAP/ADA_0.3,0.0,0.0,0.0,900.0
0.109449,1742554.99,190722.22,69614.5,1644907539,MINt/ADA_0.3,0.0002510000000000012,-2000.0100000000093,219.30999999999767,900.0
0.0,6831673007722.0,154973.75,1317.95,1644907539,CHRLZ/ADA_0.3,0.0,-1739803052.0,-39.470000000001164,900.0
2.096116,70173.92,147092.73,61301.21,1644907539,DANA/ADA_0.05,-0.023239999999999927,385.8999999999942,-812.9499999999825,900.0
0.812871,179498.85,145909.52,2799.33,1644907539,WMT/ADA_0.05,0.0,0.0,0.0,900.0
0.00555,21158946.0,117439.46,5646.46,1644907539,RAVE/ADA_1.0,0.0,0.0,0.0,900.0
3.5e-05,3163750745.82,110970.84,1966.77,1644907539,ASHIB/ADA_1.0,0.0,0.0,0.0,900.0
0.0,97105818246492.0,97827.32,2189.34,1644907539,BISON/ADA_0.3,0.0,-49507644789.0,50.0,900.0
0.033201,2696452.0,89527.39,6864.9,1644907539,FIRE/ADA_0.3,0.0,0.0,0.0,900.0
0.0,936707676771.0,71464.73,48399.83,1644907539,HOSKY/ADA_0.3,0.0,1241458442.0,94.70999999999185,900.0
0.316475,211606.68,66968.35,110844.45,1644907539,MIN/ADA_0.3,-0.0002449999999999952,402.0099999999802,75.5,900.0
0.00585,9272442.0,54245.03,12549.15,1644907539,FLICK/ADA_0.3,0.0,0.0,0.0,900.0
0.657312,78958.74,51900.54,1000.5,1644907539,SUNDAE/ADA_0.05,0.0,0.0,0.0,900.0
0.096453,509028.0,49097.64,10325.63,1644907539,cNETA/ADA_0.3,0.0,0.0,0.0,900.0
0.138095,326978.64,45154.43,2968.39,1644907539,MELD/ADA_1.0,0.0,0.0,0.0,900.0
0.013024,3368726.0,43875.98,3277.9,1644907539,CNFT/ADA_0.3,0.0,0.0,0.0,900.0
0.003304,10602123.77,35030.61,18240.42,1644907539,DRIP/ADA_1.0,-2.7999999999999813e-05,46000.0,-151.12000000000262,900.0
0.10925,307796.26,33626.89,0.0,1644907539,REVU/ADA_0.3,0.0,0.0,0.0,900.0
0.005296,5890578.0,31198.07,3341.28,1644907539,BDOGE/ADA_1.0,0.0,0.0,0.0,900.0
39.647952,738.0,29260.18,6857.46,1644907539,unsi…en/ADA_1.0,0.0,0.0,0.0,900.0
0.000849,33536280.84,28481.08,478.39,1644907539,MONET/ADA_0.3,1.0000000000000026e-05,-200771.70999999717,170.0,900.0
0.014785,1800382.0,26619.34,4747.57,1644907539,QUID/ADA_0.3,0.0,0.0,0.0,900.0
0.16711,151731.0,25355.83,2264.85,1644907539,SKULL/ADA_1.0,0.0,0.0,0.0,900.0
0.00075,27864987.0,20911.59,60.6,1644907539,RAG/ADA_1.0,0.0,0.0,0.0,900.0
0.0,280946566944.0,20810.26,678.24,1644907539,HOSKY/ADA_0.05,0.0,0.0,0.0,900.0
0.1049,188738.99,19798.74,1640.11,1644907539,MINt/ADA_0.05,0.0,0.0,0.0,900.0
26.585731,736.0,19567.09,4601.19,1644907539,XDIA…ND/ADA_1.0,0.0,0.0,0.0,900.0
0.337089,56851.04,19163.89,0.0,1644907539,MIN/ADA_0.05,0.0,0.0,0.0,900.0
0.016843,1119227.0,18851.63,973.66,1644907539,GOKEY/ADA_0.3,0.0,0.0,0.0,900.0
0.43638,39493.0,17233.96,5217.53,1644907539,CDX/ADA_1.0,0.0,0.0,0.0,900.0
0.039887,427625.0,17057.01,565.68,1644907539,cMETA/ADA_0.3,0.0,0.0,0.0,900.0
2.188129,6532.08,14293.05,0.0,1644907539,DANA/ADA_0.3,0.0,0.0,0.0,900.0
0.0,15413652135.0,13149.18,3798.9,1644907539,MEOW/ADA_0.3,0.0,0.0,0.0,900.0
0.298868,42245.87,12625.95,3134.41,1644907539,CARGO/ADA_0.3,0.0007090000000000152,-50.099999999998545,15.0,900.0
0.000352,34677850.0,12215.1,4365.49,1644907539,KIDZ/ADA_0.3,0.0,0.0,0.0,900.0
0.109176,97815.0,10679.11,50.65,1644907539,Card…rm/ADA_0.3,0.0,0.0,0.0,900.0
0.768512,13645.0,10486.36,0.0,1644907539,WMT/ADA_1.0,0.0,0.0,0.0,900.0
0.046783,201383.13,9421.46,0.0,1644907539,cbTHC/ADA_0.3,0.0,0.0,0.0,900.0
0.003002,2967611.61,8909.56,0.0,1644907539,DRIP/ADA_0.3,0.0,0.0,0.0,900.0
0.001174,7401613.0,8690.39,0.0,1644907539,FLANO/ADA_1.0,0.0,0.0,0.0,900.0
0.726606,25626516.45,18620401.86,1495202.55,1644908439,SUNDAE/ADA_0.3,5.699999999997374e-05,3637.189999997616,4110.589999999851,899.0
106.321821,148975.83,15839381.67,1761105.31,1644908439,LQ/ADA_0.3,-0.023185999999995488,595.539999999979,59878.039999999106,899.0
0.81534,13591725.62,11081882.76,1185538.23,1644908439,WMT/ADA_0.3,-0.0015570000000000306,13601.269999999553,-10058.169999999925,899.0
0.138098,9844317.34,1359481.13,406079.28,1644908439,MELD/ADA_0.3,6.60000000000105e-05,-2343.9900000002235,324.9299999999348,899.0
0.105271,10732817.0,1129864.6,181690.05,1644908439,PAVIA/ADA_0.3,1.9000000000005124e-05,-991.0,105.01000000000931,899.0
0.162581,6552524.0,1065320.65,44336.39,1644908439,XRAY/ADA_0.3,0.0,0.0,0.0,899.0
0.328383,2559233.0,840410.3,122767.4,1644908439,ADAX/ADA_0.3,0.0,1205.0,395.46000000007916,899.0
2.066058,375955.1,776745.17,134071.75,1644908439,AADA/ADA_0.3,0.018051999999999957,-1650.780000000028,3405.8800000000047,899.0
1.635599,328065.48,536583.57,115136.32,1644908439,VYFI/ADA_0.3,0.0,0.0,0.0,899.0
6.760571,49522.0,334797.01,194052.51,1644908439,MILK/ADA_0.3,0.0,0.0,0.0,899.0
0.034891,5615466.78,195933.25,23962.57,1644908439,CLAP/ADA_0.3,0.0,0.0,0.0,899.0
0.109759,1740100.69,190992.03,69860.31,1644908439,MINt/ADA_0.3,0.00030999999999999084,-2454.3000000000466,269.8099999999977,899.0
0.0,6831673007722.0,154973.75,1179.22,1644908439,CHRLZ/ADA_0.3,0.0,0.0,0.0,899.0
0.812871,184498.85,149973.87,2799.33,1644908439,WMT/ADA_0.05,0.0,5000.0,4064.350000000006,899.0
2.170298,68964.6,149673.77,63884.39,1644908439,DANA/ADA_0.05,0.07418199999999997,-1209.3199999999924,2581.039999999979,899.0
0.00555,21158946.0,117439.46,5590.22,1644908439,RAVE/ADA_1.0,0.0,0.0,0.0,899.0
3.5e-05,3163750745.82,110970.84,1763.76,1644908439,ASHIB/ADA_1.0,0.0,0.0,0.0,899.0
0.0,97100870264507.0,97832.32,1968.98,1644908439,BISON/ADA_0.3,0.0,-4947981985.0,5.0,899.0
0.033201,2696452.0,89527.39,6496.05,1644908439,FIRE/ADA_0.3,0.0,0.0,0.0,899.0
0.0,936707676771.0,71464.73,47314.15,1644908439,HOSKY/ADA_0.3,0.0,0.0,0.0,899.0
0.316475,211606.68,66968.35,109940.64,1644908439,MIN/ADA_0.3,0.0,0.0,0.0,899.0
0.00585,9272442.0,54245.03,12532.69,1644908439,FLICK/ADA_0.3,0.0,0.0,0.0,899.0
0.657312,79326.19,52142.07,1000.5,1644908439,SUNDAE/ADA_0.05,0.0,367.4499999999971,241.52999999999884,899.0
0.096453,509078.0,49102.46,9517.83,1644908439,cNETA/ADA_0.3,0.0,50.0,4.819999999999709,899.0
0.138095,326978.64,45154.43,2968.39,1644908439,MELD/ADA_1.0,0.0,0.0,0.0,899.0
0.01303,3367961.0,43885.98,2937.63,1644908439,CNFT/ADA_0.3,5.999999999999062e-06,-765.0,10.0,899.0
0.003294,10617738.39,34980.1,18126.96,1644908439,DRIP/ADA_1.0,-1.0000000000000026e-05,15614.620000001043,-50.51000000000204,899.0
0.10925,307796.26,33626.89,0.0,1644908439,REVU/ADA_0.3,0.0,0.0,0.0,899.0
0.005296,5890578.0,31198.07,2827.84,1644908439,BDOGE/ADA_1.0,0.0,0.0,0.0,899.0
39.647952,738.0,29260.18,6857.46,1644908439,unsi…en/ADA_1.0,0.0,0.0,0.0,899.0
0.017688,1646237.0,29119.34,7255.07,1644908439,QUID/ADA_0.3,0.0029029999999999993,-154145.0,2500.0,899.0
0.000849,33536280.84,28481.08,478.39,1644908439,MONET/ADA_0.3,0.0,0.0,0.0,899.0
0.16711,151881.0,25380.89,2264.85,1644908439,SKULL/ADA_1.0,0.0,150.0,25.05999999999767,899.0
0.00075,27864987.0,20911.59,60.6,1644908439,RAG/ADA_1.0,0.0,0.0,0.0,899.0
0.0,280946566944.0,20810.26,678.24,1644908439,HOSKY/ADA_0.05,0.0,0.0,0.0,899.0
0.1049,188738.99,19798.74,1640.11,1644908439,MINt/ADA_0.05,0.0,0.0,0.0,899.0
26.585731,736.0,19567.09,4601.19,1644908439,XDIA…ND/ADA_1.0,0.0,0.0,0.0,899.0
0.337089,56851.04,19163.89,0.0,1644908439,MIN/ADA_0.05,0.0,0.0,0.0,899.0
0.016843,1119227.0,18851.63,973.66,1644908439,GOKEY/ADA_0.3,0.0,0.0,0.0,899.0
0.43638,39493.0,17233.96,5217.53,1644908439,CDX/ADA_1.0,0.0,0.0,0.0,899.0
0.039887,427625.0,17057.01,565.68,1644908439,cMETA/ADA_0.3,0.0,0.0,0.0,899.0
2.188129,6532.08,14293.05,0.0,1644908439,DANA/ADA_0.3,0.0,0.0,0.0,899.0
0.0,15413652135.0,13149.18,3798.9,1644908439,MEOW/ADA_0.3,0.0,0.0,0.0,899.0
0.321315,40745.71,13092.21,2266.07,1644908439,CARGO/ADA_0.3,0.022446999999999995,-1500.1600000000035,466.2599999999984,899.0
0.000352,34677850.0,12215.1,4365.49,1644908439,KIDZ/ADA_0.3,0.0,0.0,0.0,899.0
0.109176,97815.0,10679.11,50.65,1644908439,Card…rm/ADA_0.3,0.0,0.0,0.0,899.0
0.768512,13645.0,10486.36,0.0,1644908439,WMT/ADA_1.0,0.0,0.0,0.0,899.0
0.046783,201383.13,9421.46,0.0,1644908439,cbTHC/ADA_0.3,0.0,0.0,0.0,899.0
0.003002,2967611.61,8909.56,0.0,1644908439,DRIP/ADA_0.3,0.0,0.0,0.0,899.0
100.801593,87.9,8860.54,0.0,1644908439,LQ/ADA_1.0,,,,
0.728101,25608002.11,18645236.94,1514442.22,1644909340,SUNDAE/ADA_0.3,0.001495000000000024,-18514.33999999985,24835.080000001937,901.0
106.309286,148984.64,15838451.71,1763644.91,1644909340,LQ/ADA_0.3,-0.01253499999999974,8.810000000026776,-929.9599999990314,901.0
0.815413,13593489.3,11084316.37,1186043.23,1644909340,WMT/ADA_0.3,7.300000000010076e-05,1763.6800000015646,2433.609999999404,901.0
0.1381,9844245.15,1359491.13,406089.31,1644909340,MELD/ADA_0.3,2.000000000002e-06,-72.18999999947846,10.0,901.0
0.105313,10739019.0,1130969.0,182759.62,1644909340,PAVIA/ADA_0.3,4.200000000000037e-05,6202.0,1104.3999999999069,901.0
0.162581,6552524.0,1065320.65,44336.39,1644909340,XRAY/ADA_0.3,0.0,0.0,0.0,901.0
0.328305,2559540.0,840310.23,122933.23,1644909340,ADAX/ADA_0.3,-7.799999999996698e-05,307.0,-100.07000000006519,901.0
2.065728,375985.11,776683.34,134133.58,1644909340,AADA/ADA_0.3,-0.00032999999999994145,30.010000000009313,-61.830000000074506,901.0
1.635599,328065.48,536583.57,115136.32,1644909340,VYFI/ADA_0.3,0.0,0.0,0.0,901.0
6.763165,49513.0,334864.63,194120.33,1644909340,MILK/ADA_0.3,0.0025940000000002073,-9.0,67.61999999999534,901.0
0.034891,5615466.78,195933.25,23962.57,1644909340,CLAP/ADA_0.3,0.0,0.0,0.0,901.0
0.109942,1738648.54,191152.03,69860.31,1644909340,MINt/ADA_0.3,0.0001830000000000026,-1452.1499999999069,160.0,901.0
0.0,6831673007722.0,154973.75,1179.22,1644909340,CHRLZ/ADA_0.3,0.0,0.0,0.0,901.0
2.166076,69032.25,149529.15,68030.0,1644909340,DANA/ADA_0.05,-0.004221999999999948,67.64999999999418,-144.61999999999534,901.0
0.812871,178387.48,145006.11,2799.33,1644909340,WMT/ADA_0.05,0.0,-6111.369999999995,-4967.760000000009,901.0
0.00555,21158946.0,117439.46,5590.22,1644909340,RAVE/ADA_1.0,0.0,0.0,0.0,901.0
3.5e-05,3163750745.82,110970.84,1763.76,1644909340,ASHIB/ADA_1.0,0.0,0.0,0.0,901.0
0.0,97088145896934.0,97845.18,1981.87,1644909340,BISON/ADA_0.3,0.0,-12724367573.0,12.85999999998603,901.0
0.032855,2710652.0,89059.8,6963.65,1644909340,FIRE/ADA_0.3,-0.0003459999999999991,14200.0,-467.5899999999965,901.0
0.0,950052957343.0,70463.85,48315.04,1644909340,HOSKY/ADA_0.3,0.0,13345280572.0,-1000.8799999999901,901.0
0.316475,211606.68,66968.35,109940.64,1644909340,MIN/ADA_0.3,0.0,0.0,0.0,901.0
0.00585,9272442.0,54245.03,12532.69,1644909340,FLICK/ADA_0.3,0.0,0.0,0.0,901.0
0.657312,79326.19,52142.07,1000.5,1644909340,SUNDAE/ADA_0.05,0.0,0.0,0.0,901.0
0.096453,509078.0,49102.46,9517.83,1644909340,cNETA/ADA_0.3,0.0,0.0,0.0,901.0
0.138095,326978.64,45154.43,2968.39,1644909340,MELD/ADA_1.0,0.0,0.0,0.0,901.0
0.01303,3367961.0,43885.98,2937.63,1644909340,CNFT/ADA_0.3,0.0,0.0,0.0,901.0
0.003252,10695738.39,34792.64,18347.34,1644909340,DRIP/ADA_1.0,-4.199999999999994e-05,78000.0,-187.45999999999913,901.0
0.10925,307796.26,33626.89,5993.36,1644909340,REVU/ADA_0.3,0.0,0.0,0.0,901.0
0.005296,5890578.0,31198.07,2827.84,1644909340,BDOGE/ADA_1.0,0.0,0.0,0.0,901.0
39.647952,738.0,29260.18,6857.46,1644909340,unsi…en/ADA_1.0,0.0,0.0,0.0,901.0
0.017688,1646237.0,29119.34,7255.07,1644909340,QUID/ADA_0.3,0.0,0.0,0.0,901.0
0.000849,33536280.84,28481.08,478.39,1644909340,MONET/ADA_0.3,0.0,0.0,0.0,901.0
0.00075,27864987.0,20911.59,60.6,1644909340,RAG/ADA_1.0,0.0,0.0,0.0,901.0
0.0,280946566944.0,20810.26,678.24,1644909340,HOSKY/ADA_0.05,0.0,0.0,0.0,901.0
0.1049,188738.99,19798.74,1640.11,1644909340,MINt/ADA_0.05,0.0,0.0,0.0,901.0
26.585731,736.0,19567.09,4601.19,1644909340,XDIA…ND/ADA_1.0,0.0,0.0,0.0,901.0
0.337089,56851.04,19163.89,0.0,1644909340,MIN/ADA_0.05,0.0,0.0,0.0,901.0
0.016843,1119227.0,18851.63,973.66,1644909340,GOKEY/ADA_0.3,0.0,0.0,0.0,901.0
0.16711,103267.0,17256.98,2264.85,1644909340,SKULL/ADA_1.0,0.0,-48614.0,-8123.91,901.0
0.43638,39493.0,17233.96,5217.53,1644909340,CDX/ADA_1.0,0.0,0.0,0.0,901.0
0.039887,427625.0,17057.01,565.68,1644909340,cMETA/ADA_0.3,0.0,0.0,0.0,901.0
2.188129,6532.08,14293.05,0.0,1644909340,DANA/ADA_0.3,0.0,0.0,0.0,901.0
0.325149,40505.11,13170.21,2344.3,1644909340,CARGO/ADA_0.3,0.003834000000000004,-240.59999999999854,78.0,901.0
0.0,15413652135.0,13149.18,3798.9,1644909340,MEOW/ADA_0.3,0.0,0.0,0.0,901.0
0.000352,34677850.0,12215.1,4365.49,1644909340,KIDZ/ADA_0.3,0.0,0.0,0.0,901.0
0.109176,97815.0,10679.11,50.65,1644909340,Card…rm/ADA_0.3,0.0,0.0,0.0,901.0
0.768512,13645.0,10486.36,0.0,1644909340,WMT/ADA_1.0,0.0,0.0,0.0,901.0
0.046783,201383.13,9421.46,0.0,1644909340,cbTHC/ADA_0.3,0.0,0.0,0.0,901.0
0.003002,2967611.61,8909.56,0.0,1644909340,DRIP/ADA_0.3,0.0,0.0,0.0,901.0
100.801593,87.9,8860.54,0.0,1644909340,LQ/ADA_1.0,0.0,0.0,0.0,901.0
0.72818,25607990.18,18647231.11,1518093.3,1644910239,SUNDAE/ADA_0.3,7.900000000005125e-05,-11.929999999701977,1994.1699999980628,899.0
106.333254,148967.89,15840241.02,1766288.76,1644910239,LQ/ADA_0.3,0.023967999999996437,-16.75,1789.309999998659,899.0
0.815903,13590454.51,11088497.01,1209565.11,1644910239,WMT/ADA_0.3,0.0004899999999999904,-3034.7900000009686,4180.640000000596,899.0
0.136054,9918132.39,1349405.41,420274.97,1644910239,MELD/ADA_0.3,-0.0020459999999999923,73887.24000000022,-10085.719999999972,899.0
0.105221,10743747.0,1130472.92,183275.73,1644910239,PAVIA/ADA_0.3,-9.200000000000874e-05,4728.0,-496.0800000000745,899.0
0.162581,6551757.0,1065195.93,44336.39,1644910239,XRAY/ADA_0.3,0.0,-767.0,-124.71999999997206,899.0
0.328673,2558107.0,840782.39,123406.81,1644910239,ADAX/ADA_0.3,0.00036799999999997945,-1433.0,472.1600000000326,899.0
2.070135,375585.61,777513.23,135381.52,1644910239,AADA/ADA_0.3,0.00440700000000005,-399.5,829.890000000014,899.0
1.635599,328065.48,536583.57,115136.32,1644910239,VYFI/ADA_0.3,0.0,0.0,0.0,899.0
6.797356,49389.0,335714.63,195033.86,1644910239,MILK/ADA_0.3,0.03419099999999986,-124.0,850.0,899.0
0.034891,5615466.78,195933.25,23962.57,1644910239,CLAP/ADA_0.3,0.0,0.0,0.0,899.0
0.110388,1735138.52,191539.87,70249.32,1644910239,MINt/ADA_0.3,0.00044600000000000195,-3510.0200000000186,387.8399999999965,899.0
0.0,6833210893310.0,154634.6,1365.85,1644910239,CHRLZ/ADA_0.3,0.0,1537885588.0,-339.1499999999942,899.0
2.139139,69465.88,148597.19,70962.47,1644910239,DANA/ADA_0.05,-0.026936999999999767,433.63000000000466,-931.9599999999919,899.0
0.812871,178387.48,145006.11,2799.33,1644910239,WMT/ADA_0.05,0.0,0.0,0.0,899.0
0.00555,21158946.0,117439.46,5590.22,1644910239,RAVE/ADA_1.0,0.0,0.0,0.0,899.0
3.5e-05,3163750745.82,110970.84,1763.76,1644910239,ASHIB/ADA_1.0,0.0,0.0,0.0,899.0
0.0,97088145896934.0,97845.18,1981.87,1644910239,BISON/ADA_0.3,0.0,0.0,0.0,899.0
0.033099,2700651.0,89390.59,7295.44,1644910239,FIRE/ADA_0.3,0.00024400000000000116,-10001.0,330.7899999999936,899.0
0.0,950058957343.0,70464.29,48315.04,1644910239,HOSKY/ADA_0.3,0.0,6000000.0,0.4399999999877764,899.0
0.33556,205509.97,68961.03,111939.3,1644910239,MIN/ADA_0.3,0.01908500000000002,-6096.709999999992,1992.679999999993,899.0
0.00585,9272442.0,54245.03,12532.69,1644910239,FLICK/ADA_0.3,0.0,0.0,0.0,899.0
0.657312,82155.73,54001.96,1000.5,1644910239,SUNDAE/ADA_0.05,0.0,2829.5399999999936,1859.8899999999994,899.0
0.096434,509128.0,49097.65,9522.64,1644910239,cNETA/ADA_0.3,-1.8999999999991246e-05,50.0,-4.809999999997672,899.0
0.138095,326978.64,45154.43,2968.39,1644910239,MELD/ADA_1.0,0.0,0.0,0.0,899.0
0.01303,3367961.0,43885.98,2937.63,1644910239,CNFT/ADA_0.3,0.0,0.0,0.0,899.0
0.003241,10714738.39,34731.56,18408.42,1644910239,DRIP/ADA_1.0,-1.1000000000000159e-05,19000.0,-61.080000000001746,899.0
0.10579,312796.26,33090.96,5993.36,1644910239,REVU/ADA_0.3,-0.0034600000000000047,5000.0,-535.9300000000003,899.0
0.005296,5890578.0,31198.07,2827.84,1644910239,BDOGE/ADA_1.0,0.0,0.0,0.0,899.0
41.945935,718.0,30117.18,7723.02,1644910239,unsi…en/ADA_1.0,2.297983000000002,-20.0,857.0,899.0
0.017688,1646237.0,29119.34,7255.07,1644910239,QUID/ADA_0.3,0.0,0.0,0.0,899.0
0.000849,33536280.84,28481.08,478.39,1644910239,MONET/ADA_0.3,0.0,0.0,0.0,899.0
0.00075,27864987.0,20911.59,60.6,1644910239,RAG/ADA_1.0,0.0,0.0,0.0,899.0
0.0,280946566944.0,20810.26,678.24,1644910239,HOSKY/ADA_0.05,0.0,0.0,0.0,899.0
0.1049,188738.99,19798.74,1640.11,1644910239,MINt/ADA_0.05,0.0,0.0,0.0,899.0
26.585731,736.0,19567.09,4601.19,1644910239,XDIA…ND/ADA_1.0,0.0,0.0,0.0,899.0
0.337089,56851.04,19163.89,0.0,1644910239,MIN/ADA_0.05,0.0,0.0,0.0,899.0
0.016843,1119227.0,18851.63,973.66,1644910239,GOKEY/ADA_0.3,0.0,0.0,0.0,899.0
0.16711,103267.0,17256.98,2264.85,1644910239,SKULL/ADA_1.0,0.0,0.0,0.0,899.0
0.43638,39493.0,17233.96,5217.53,1644910239,CDX/ADA_1.0,0.0,0.0,0.0,899.0
0.039887,427625.0,17057.01,565.68,1644910239,cMETA/ADA_0.3,0.0,0.0,0.0,899.0
2.188129,6532.08,14293.05,0.0,1644910239,DANA/ADA_0.3,0.0,0.0,0.0,899.0
0.0,15413652135.0,13149.18,3798.9,1644910239,MEOW/ADA_0.3,0.0,0.0,0.0,899.0
0.309692,41505.11,12853.82,2813.24,1644910239,CARGO/ADA_0.3,-0.015456999999999999,1000.0,-316.3899999999994,899.0
0.000352,34677850.0,12215.1,4365.49,1644910239,KIDZ/ADA_0.3,0.0,0.0,0.0,899.0
0.109176,97815.0,10679.11,50.65,1644910239,Card…rm/ADA_0.3,0.0,0.0,0.0,899.0
0.768512,13645.0,10486.36,0.0,1644910239,WMT/ADA_1.0,0.0,0.0,0.0,899.0
0.046783,201383.13,9421.46,0.0,1644910239,cbTHC/ADA_0.3,0.0,0.0,0.0,899.0
100.801593,87.9,8860.54,0.0,1644910239,LQ/ADA_1.0,0.0,0.0,0.0,899.0
0.003002,2945846.44,8844.21,0.0,1644910239,DRIP/ADA_0.3,0.0,-21765.169999999925,-65.35000000000036,899.0
0.72829,25609015.83,18650814.62,1518609.05,1644911139,SUNDAE/ADA_0.3,0.00010999999999994348,1025.6499999985099,3583.510000001639,899.0
106.323625,148993.42,15841521.34,1768571.42,1644911139,LQ/ADA_0.3,-0.009628999999989674,25.529999999998836,1280.320000000298,899.0
0.816012,13377256.2,10916011.85,1210312.35,1644911139,WMT/ADA_0.3,0.00010899999999991472,-213198.31000000052,-172485.16000000015,899.0
0.13452,9975335.36,1341883.09,429835.58,1644911139,MELD/ADA_0.3,-0.0015340000000000076,57202.96999999881,-7522.319999999832,899.0
0.105966,10705972.0,1134473.78,187288.6,1644911139,PAVIA/ADA_0.3,0.0007450000000000095,-37775.0,4000.8600000001024,899.0
0.162543,6552524.0,1065071.62,44460.7,1644911139,XRAY/ADA_0.3,-3.800000000001025e-05,767.0,-124.30999999982305,899.0
0.330236,2552055.0,842782.39,125412.81,1644911139,ADAX/ADA_0.3,0.001562999999999981,-6052.0,2000.0,899.0
2.070135,375585.61,777513.23,135381.52,1644911139,AADA/ADA_0.3,0.0,0.0,0.0,899.0
1.635599,328065.48,536583.57,115136.32,1644911139,VYFI/ADA_0.3,0.0,0.0,0.0,899.0
6.79351,49403.0,335619.78,195067.73,1644911139,MILK/ADA_0.3,-0.00384599999999935,14.0,-94.84999999997672,899.0
0.034835,5619963.82,195776.94,24118.88,1644911139,CLAP/ADA_0.3,-5.6000000000000494e-05,4497.040000000037,-156.30999999999767,899.0
0.110193,1736720.25,191375.3,73564.89,1644911139,MINt/ADA_0.3,-0.00019500000000000073,1581.7299999999814,-164.57000000000698,899.0
0.0,6833210893310.0,154634.6,1365.85,1644911139,CHRLZ/ADA_0.3,0.0,0.0,0.0,899.0
2.127488,69655.88,148192.06,71367.59,1644911139,DANA/ADA_0.05,-0.011651000000000078,190.0,-405.13000000000466,899.0
0.812871,178387.48,145006.11,2799.33,1644911139,WMT/ADA_0.05,0.0,0.0,0.0,899.0
0.005501,21253149.0,116924.1,6105.58,1644911139,RAVE/ADA_1.0,-4.900000000000043e-05,94203.0,-515.3600000000006,899.0
3.5e-05,3163750745.82,110970.84,1763.76,1644911139,ASHIB/ADA_1.0,0.0,0.0,0.0,899.0
0.0,97088145896934.0,97845.18,1981.87,1644911139,BISON/ADA_0.3,0.0,0.0,0.0,899.0
0.033099,2700651.0,89390.59,7295.44,1644911139,FIRE/ADA_0.3,0.0,0.0,0.0,899.0
0.0,950058957343.0,70464.29,48315.04,1644911139,HOSKY/ADA_0.3,0.0,0.0,0.0,899.0
0.328746,207632.02,68258.32,112642.0,1644911139,MIN/ADA_0.3,-0.006814000000000042,2122.0499999999884,-702.7099999999919,899.0
0.005914,9221596.0,54545.03,12833.59,1644911139,FLICK/ADA_0.3,6.399999999999982e-05,-50846.0,300.0,899.0
0.657312,82086.83,53956.67,1000.5,1644911139,SUNDAE/ADA_0.05,0.0,-68.89999999999418,-45.29000000000087,899.0
0.096434,509128.0,49097.65,9522.64,1644911139,cNETA/ADA_0.3,0.0,0.0,0.0,899.0
0.138095,326978.64,45154.43,2968.39,1644911139,MELD/ADA_1.0,0.0,0.0,0.0,899.0
0.01303,3367961.0,43885.98,2937.63,1644911139,CNFT/ADA_0.3,0.0,0.0,0.0,899.0
0.003234,10726793.01,34694.35,18590.72,1644911139,DRIP/ADA_1.0,-7.000000000000062e-06,12054.61999999918,-37.20999999999913,899.0
0.10579,312796.26,33090.96,5993.36,1644911139,REVU/ADA_0.3,0.0,0.0,0.0,899.0
0.005296,5890578.0,31198.07,2827.84,1644911139,BDOGE/ADA_1.0,0.0,0.0,0.0,899.0
41.945935,718.0,30117.18,7723.02,1644911139,unsi…en/ADA_1.0,0.0,0.0,0.0,899.0
0.017688,1646237.0,29119.34,7255.07,1644911139,QUID/ADA_0.3,0.0,0.0,0.0,899.0
0.000849,33536280.84,28481.08,478.39,1644911139,MONET/ADA_0.3,0.0,0.0,0.0,899.0
0.00075,27864987.0,20911.59,60.6,1644911139,RAG/ADA_1.0,0.0,0.0,0.0,899.0
0.0,280946566944.0,20810.26,678.24,1644911139,HOSKY/ADA_0.05,0.0,0.0,0.0,899.0
0.1049,188738.99,19798.74,1640.11,1644911139,MINt/ADA_0.05,0.0,0.0,0.0,899.0
26.585731,736.0,19567.09,4601.19,1644911139,XDIA…ND/ADA_1.0,0.0,0.0,0.0,899.0
0.337089,56851.04,19163.89,0.0,1644911139,MIN/ADA_0.05,0.0,0.0,0.0,899.0
0.016843,1119227.0,18851.63,973.66,1644911139,GOKEY/ADA_0.3,0.0,0.0,0.0,899.0
0.16711,103267.0,17256.98,2264.85,1644911139,SKULL/ADA_1.0,0.0,0.0,0.0,899.0
0.43638,39493.0,17233.96,5217.53,1644911139,CDX/ADA_1.0,0.0,0.0,0.0,899.0
0.039887,427625.0,17057.01,565.68,1644911139,cMETA/ADA_0.3,0.0,0.0,0.0,899.0
2.188129,6532.08,14293.05,0.0,1644911139,DANA/ADA_0.3,0.0,0.0,0.0,899.0
0.0,15413652135.0,13149.18,3798.9,1644911139,MEOW/ADA_0.3,0.0,0.0,0.0,899.0
0.302374,42005.11,12701.27,2813.24,1644911139,CARGO/ADA_0.3,-0.007318000000000047,500.0,-152.54999999999927,899.0
0.000352,34677850.0,12215.1,4365.49,1644911139,KIDZ/ADA_0.3,0.0,0.0,0.0,899.0
0.109176,97815.0,10679.11,50.65,1644911139,Card…rm/ADA_0.3,0.0,0.0,0.0,899.0
0.768512,13645.0,10486.36,0.0,1644911139,WMT/ADA_1.0,0.0,0.0,0.0,899.0
0.046783,201383.13,9421.46,0.0,1644911139,cbTHC/ADA_0.3,0.0,0.0,0.0,899.0
100.801593,87.9,8860.54,0.0,1644911139,LQ/ADA_1.0,0.0,0.0,0.0,899.0
0.003002,2945846.44,8844.21,0.0,1644911139,DRIP/ADA_0.3,0.0,0.0,0.0,899.0
0.731333,25559848.68,18692766.44,1296859.91,1644912039,SUNDAE/ADA_0.3,0.003043000000000018,-49167.14999999851,41951.8200000003,900.0
106.312057,149001.55,15840661.36,1766098.86,1644912039,LQ/ADA_0.3,-0.011568000000011125,8.129999999975553,-859.980000000447,900.0
0.789242,13602947.58,10736018.05,1384229.32,1644912039,WMT/ADA_0.3,-0.02676999999999996,225691.38000000082,-179993.79999999888,900.0
0.134498,9976134.56,1341775.91,425298.6,1644912039,MELD/ADA_0.3,-2.1999999999994246e-05,799.2000000011176,-107.18000000016764,900.0
0.106005,10703990.0,1134684.54,187472.44,1644912039,PAVIA/ADA_0.3,3.899999999999737e-05,-1982.0,210.7600000000093,900.0
0.162543,6552524.0,1065071.62,44460.7,1644912039,XRAY/ADA_0.3,0.0,0.0,0.0,900.0
0.330236,2552055.0,842782.39,121902.31,1644912039,ADAX/ADA_0.3,0.0,0.0,0.0,900.0
2.073859,375248.78,778213.23,135990.33,1644912039,AADA/ADA_0.3,0.0037240000000000606,-336.8299999999581,700.0,900.0
1.635599,328065.48,536583.57,112628.82,1644912039,VYFI/ADA_0.3,0.0,0.0,0.0,900.0
6.79351,49403.0,335619.78,193205.19,1644912039,MILK/ADA_0.3,0.0,0.0,0.0,900.0
0.034835,5619963.82,195776.94,24118.88,1644912039,CLAP/ADA_0.3,0.0,0.0,0.0,900.0
0.110778,1732138.38,191883.99,74400.46,1644912039,MINt/ADA_0.3,0.0005850000000000022,-4581.870000000112,508.6900000000023,900.0
0.0,6833210893310.0,154634.6,1365.85,1644912039,CHRLZ/ADA_0.3,0.0,0.0,0.0,900.0
2.115913,69846.18,147788.51,71370.95,1644912039,DANA/ADA_0.05,-0.011575000000000113,190.29999999998836,-403.54999999998836,900.0
0.812871,173996.43,141436.76,2799.33,1644912039,WMT/ADA_0.05,0.0,-4391.0500000000175,-3569.3499999999767,900.0
0.005501,21253149.0,116924.1,6105.58,1644912039,RAVE/ADA_1.0,0.0,0.0,0.0,900.0
3.5e-05,3163750745.82,110970.84,1763.76,1644912039,ASHIB/ADA_1.0,0.0,0.0,0.0,900.0
0.0,97088145896934.0,97845.18,1981.87,1644912039,BISON/ADA_0.3,0.0,0.0,0.0,900.0
0.032969,2705966.0,89215.54,7470.49,1644912039,FIRE/ADA_0.3,-0.0001300000000000051,5315.0,-175.0500000000029,900.0
0.0,949924552428.0,70474.29,47496.07,1644912039,HOSKY/ADA_0.3,0.0,-134404915.0,10.0,900.0
0.328746,207632.02,68258.32,108863.47,1644912039,MIN/ADA_0.3,0.0,0.0,0.0,900.0
0.005914,9221596.0,54545.03,12715.23,1644912039,FLICK/ADA_0.3,0.0,0.0,0.0,900.0
0.657312,82086.83,53956.67,1000.5,1644912039,SUNDAE/ADA_0.05,0.0,0.0,0.0,900.0
0.096815,508129.0,49194.57,9430.67,1644912039,cNETA/ADA_0.3,0.00038099999999999246,-999.0,96.91999999999825,900.0
0.138095,326978.64,45154.43,2968.39,1644912039,MELD/ADA_1.0,0.0,0.0,0.0,900.0
0.01303,3367961.0,43885.98,2925.47,1644912039,CNFT/ADA_0.3,0.0,0.0,0.0,900.0
0.003172,10830793.01,34364.51,18791.98,1644912039,DRIP/ADA_1.0,-6.199999999999999e-05,104000.0,-329.8399999999965,900.0
0.10579,312796.26,33090.96,5993.36,1644912039,REVU/ADA_0.3,0.0,0.0,0.0,900.0
0.005296,5890578.0,31198.07,1822.7,1644912039,BDOGE/ADA_1.0,0.0,0.0,0.0,900.0
41.945935,718.0,30117.18,7216.41,1644912039,unsi…en/ADA_1.0,0.0,0.0,0.0,900.0
0.017688,1646237.0,29119.34,7255.07,1644912039,QUID/ADA_0.3,0.0,0.0,0.0,900.0
0.000849,33536280.84,28481.08,478.39,1644912039,MONET/ADA_0.3,0.0,0.0,0.0,900.0
0.00075,27864987.0,20911.59,60.6,1644912039,RAG/ADA_1.0,0.0,0.0,0.0,900.0
0.0,280946566944.0,20810.26,678.24,1644912039,HOSKY/ADA_0.05,0.0,0.0,0.0,900.0
0.1049,188738.99,19798.74,1640.11,1644912039,MINt/ADA_0.05,0.0,0.0,0.0,900.0
26.585731,736.0,19567.09,4601.19,1644912039,XDIA…ND/ADA_1.0,0.0,0.0,0.0,900.0
0.337089,56851.04,19163.89,0.0,1644912039,MIN/ADA_0.05,0.0,0.0,0.0,900.0
0.016843,1119227.0,18851.63,973.66,1644912039,GOKEY/ADA_0.3,0.0,0.0,0.0,900.0
0.16711,103267.0,17256.98,2263.84,1644912039,SKULL/ADA_1.0,0.0,0.0,0.0,900.0
0.43638,39493.0,17233.96,5217.53,1644912039,CDX/ADA_1.0,0.0,0.0,0.0,900.0
0.039887,427625.0,17057.01,565.68,1644912039,cMETA/ADA_0.3,0.0,0.0,0.0,900.0
2.188129,7432.08,16262.37,0.0,1644912039,DANA/ADA_0.3,0.0,900.0,1969.3200000000015,900.0
0.0,15413652135.0,13149.18,3798.9,1644912039,MEOW/ADA_0.3,0.0,0.0,0.0,900.0
0.302374,42005.11,12701.27,2622.17,1644912039,CARGO/ADA_0.3,0.0,0.0,0.0,900.0
0.000358,34369278.0,12325.1,4475.82,1644912039,KIDZ/ADA_0.3,5.999999999999983e-06,-308572.0,110.0,900.0
0.109176,97815.0,10679.11,50.65,1644912039,Card…rm/ADA_0.3,0.0,0.0,0.0,900.0
0.768512,13645.0,10486.36,0.0,1644912039,WMT/ADA_1.0,0.0,0.0,0.0,900.0
0.046783,201383.13,9421.46,0.0,1644912039,cbTHC/ADA_0.3,0.0,0.0,0.0,900.0
100.801593,87.9,8860.54,0.0,1644912039,LQ/ADA_1.0,0.0,0.0,0.0,900.0
0.003002,2945846.44,8844.21,0.0,1644912039,DRIP/ADA_0.3,0.0,0.0,0.0,900.0
0.73082,25579983.47,18694374.94,1305087.68,1644912940,SUNDAE/ADA_0.3,-0.0005129999999999857,20134.789999999106,1608.5,900.0
106.36335,148966.12,15844536.0,1771053.62,1644912940,LQ/ADA_0.3,0.05129300000000114,-35.429999999993015,3874.640000000596,900.0
0.790347,13598548.87,10747577.76,1392199.54,1644912940,WMT/ADA_0.3,0.0011050000000000226,-4398.710000000894,11559.709999999031,900.0
0.135152,9945316.4,1344136.2,429112.92,1644912940,MELD/ADA_0.3,0.0006539999999999879,-30818.16000000015,2360.2900000000373,900.0
0.106192,10694594.0,1135684.54,188475.44,1644912940,PAVIA/ADA_0.3,0.00018699999999999273,-9396.0,1000.0,900.0
0.162543,6552138.0,1065008.83,44460.7,1644912940,XRAY/ADA_0.3,0.0,-386.0,-62.79000000003725,900.0
0.330236,2552055.0,842782.39,121902.31,1644912940,ADAX/ADA_0.3,0.0,0.0,0.0,900.0
2.068352,375818.77,777325.54,137022.78,1644912940,AADA/ADA_0.3,-0.005507000000000151,569.9899999999907,-887.6899999999441,900.0
1.636207,328004.54,536683.57,112729.12,1644912940,VYFI/ADA_0.3,0.0006079999999999419,-60.94000000000233,100.0,900.0
6.79351,49403.0,335619.78,193205.19,1644912940,MILK/ADA_0.3,0.0,0.0,0.0,900.0
0.035076,5600724.59,196451.49,24795.45,1644912940,CLAP/ADA_0.3,0.0002410000000000051,-19239.230000000447,674.5499999999884,900.0
0.112101,1721904.78,193027.82,75532.68,1644912940,MINt/ADA_0.3,0.0013230000000000047,-10233.59999999986,1143.8300000000163,900.0
0.0,6833210893310.0,154634.6,1365.85,1644912940,CHRLZ/ADA_0.3,0.0,0.0,0.0,900.0
2.115913,70846.18,149904.42,71370.95,1644912940,DANA/ADA_0.05,0.0,1000.0,2115.9100000000035,900.0
0.812871,173996.43,141436.76,2799.33,1644912940,WMT/ADA_0.05,0.0,0.0,0.0,900.0
0.005501,21253149.0,116924.1,6105.58,1644912940,RAVE/ADA_1.0,0.0,0.0,0.0,900.0
3.5e-05,3163750745.82,110970.84,1763.76,1644912940,ASHIB/ADA_1.0,0.0,0.0,0.0,900.0
0.0,97088145896934.0,97845.18,1981.87,1644912940,BISON/ADA_0.3,0.0,0.0,0.0,900.0
0.032969,2705966.0,89215.54,7470.49,1644912940,FIRE/ADA_0.3,0.0,0.0,0.0,900.0
0.0,949924552428.0,70474.29,47496.07,1644912940,HOSKY/ADA_0.3,0.0,0.0,0.0,900.0
0.348263,201738.72,70258.32,108863.47,1644912940,MIN/ADA_0.3,0.019517000000000007,-5893.299999999988,2000.0,900.0
0.005914,9221596.0,54545.03,12715.23,1644912940,FLICK/ADA_0.3,0.0,0.0,0.0,900.0
0.657312,82086.83,53956.67,1000.5,1644912940,SUNDAE/ADA_0.05,0.0,0.0,0.0,900.0
0.096796,508179.0,49189.74,9435.5,1644912940,cNETA/ADA_0.3,-1.9000000000005124e-05,50.0,-4.830000000001746,900.0
0.138095,326978.64,45154.43,2968.39,1644912940,MELD/ADA_1.0,0.0,0.0,0.0,900.0
0.01303,3367961.0,43885.98,2925.47,1644912940,CNFT/ADA_0.3,0.0,0.0,0.0,900.0
0.003162,10848793.01,34308.06,18848.43,1644912940,DRIP/ADA_1.0,-1.0000000000000026e-05,18000.0,-56.450000000004366,900.0
0.10579,312796.26,33090.96,5993.36,1644912940,REVU/ADA_0.3,0.0,0.0,0.0,900.0
0.005296,5890578.0,31198.07,1822.7,1644912940,BDOGE/ADA_1.0,0.0,0.0,0.0,900.0
41.945935,718.0,30117.18,7216.41,1644912940,unsi…en/ADA_1.0,0.0,0.0,0.0,900.0
0.017397,1659949.0,28879.51,7494.89,1644912940,QUID/ADA_0.3,-0.0002909999999999996,13712.0,-239.83000000000175,900.0
0.000849,33536280.84,28481.08,478.39,1644912940,MONET/ADA_0.3,0.0,0.0,0.0,900.0
0.00075,27864987.0,20911.59,60.6,1644912940,RAG/ADA_1.0,0.0,0.0,0.0,900.0
0.0,280946566944.0,20810.26,678.24,1644912940,HOSKY/ADA_0.05,0.0,0.0,0.0,900.0
0.1049,188738.99,19798.74,1640.11,1644912940,MINt/ADA_0.05,0.0,0.0,0.0,900.0
26.585731,736.0,19567.09,4601.19,1644912940,XDIA…ND/ADA_1.0,0.0,0.0,0.0,900.0
0.337089,56851.04,19163.89,0.0,1644912940,MIN/ADA_0.05,0.0,0.0,0.0,900.0
0.016843,1119227.0,18851.63,973.66,1644912940,GOKEY/ADA_0.3,0.0,0.0,0.0,900.0
0.16711,103267.0,17256.98,2263.84,1644912940,SKULL/ADA_1.0,0.0,0.0,0.0,900.0
0.43638,39493.0,17233.96,5217.53,1644912940,CDX/ADA_1.0,0.0,0.0,0.0,900.0
0.039887,427625.0,17057.01,565.68,1644912940,cMETA/ADA_0.3,0.0,0.0,0.0,900.0
2.188129,6532.08,14293.05,0.0,1644912940,DANA/ADA_0.3,0.0,-900.0,-1969.3200000000015,900.0
0.0,15413652135.0,13149.18,3798.9,1644912940,MEOW/ADA_0.3,0.0,0.0,0.0,900.0
0.302374,42005.11,12701.27,2622.17,1644912940,CARGO/ADA_0.3,0.0,0.0,0.0,900.0
0.000362,34203273.0,12385.1,4536.0,1644912940,KIDZ/ADA_0.3,4.000000000000043e-06,-166005.0,60.0,900.0
0.109176,97815.0,10679.11,50.65,1644912940,Card…rm/ADA_0.3,0.0,0.0,0.0,900.0
0.768512,13645.0,10486.36,0.0,1644912940,WMT/ADA_1.0,0.0,0.0,0.0,900.0
0.046783,201383.13,9421.46,0.0,1644912940,cbTHC/ADA_0.3,0.0,0.0,0.0,900.0
100.801593,87.9,8860.54,0.0,1644912940,LQ/ADA_1.0,0.0,0.0,0.0,900.0
0.003002,2945846.44,8844.21,0.0,1644912940,DRIP/ADA_0.3,0.0,0.0,0.0,900.0
0.730898,25581103.82,18697189.54,1306170.29,1644913840,SUNDAE/ADA_0.3,7.80000000000225e-05,1120.3500000014901,2814.599999997765,900.0
106.37743,148995.73,15849783.2,1776362.96,1644913840,LQ/ADA_0.3,0.014080000000006976,29.610000000015134,5247.199999999255,900.0
0.79119,13592574.51,10754313.62,1398055.52,1644913840,WMT/ADA_0.3,0.0008429999999999271,-5974.359999999404,6735.859999999404,900.0
0.135578,9955091.11,1349701.05,433408.56,1644913840,MELD/ADA_0.3,0.0004260000000000097,9774.709999999031,5564.850000000093,900.0
0.105473,10731036.0,1131842.07,193620.47,1644913840,PAVIA/ADA_0.3,-0.0007189999999999974,36442.0,-3842.469999999972,900.0
0.162792,6547139.0,1065824.61,45278.93,1644913840,XRAY/ADA_0.3,0.0002489999999999992,-4999.0,815.7800000000279,900.0
0.330236,2552055.0,842782.39,121902.31,1644913840,ADAX/ADA_0.3,0.0,0.0,0.0,900.0
2.06867,375789.85,777385.54,137082.96,1644913840,AADA/ADA_0.3,0.00031800000000004047,-28.92000000004191,60.0,900.0
1.646245,327004.53,538329.74,114380.23,1644913840,VYFI/ADA_0.3,0.010037999999999991,-1000.0099999999511,1646.170000000042,900.0
6.52832,50398.0,329014.28,199880.79,1644913840,MILK/ADA_0.3,-0.2651900000000005,995.0,-6605.5,900.0
0.035077,5614782.47,196954.57,24800.47,1644913840,CLAP/ADA_0.3,9.999999999940612e-07,14057.879999999888,503.0800000000163,900.0
0.112231,1720904.78,193140.32,75645.53,1644913840,MINt/ADA_0.3,0.00012999999999999123,-1000.0,112.5,900.0
0.0,6830342139318.0,154569.68,1365.85,1644913840,CHRLZ/ADA_0.3,0.0,-2868753992.0,-64.9200000000128,900.0
2.104518,71037.78,149500.31,71775.06,1644913840,DANA/ADA_0.05,-0.011394999999999822,191.60000000000582,-404.11000000001513,900.0
0.812871,174028.86,141463.12,2799.33,1644913840,WMT/ADA_0.05,0.0,32.429999999993015,26.35999999998603,900.0
0.005501,21253149.0,116924.1,6105.58,1644913840,RAVE/ADA_1.0,0.0,0.0,0.0,900.0
3.4e-05,3169803977.82,110761.04,1973.56,1644913840,ASHIB/ADA_1.0,-9.999999999999972e-07,6053232.0,-209.8000000000029,900.0
0.0,97088145896934.0,97845.18,1981.87,1644913840,BISON/ADA_0.3,0.0,0.0,0.0,900.0
0.032969,2705966.0,89215.54,7470.49,1644913840,FIRE/ADA_0.3,0.0,0.0,0.0,900.0
0.0,949387313066.0,70514.29,47536.19,1644913840,HOSKY/ADA_0.3,0.0,-537239362.0,40.0,900.0
0.348263,201738.72,70258.32,108863.47,1644913840,MIN/ADA_0.3,0.0,0.0,0.0,900.0
0.005914,9221596.0,54545.03,12715.23,1644913840,FLICK/ADA_0.3,0.0,0.0,0.0,900.0
0.657312,82115.45,53975.48,1000.5,1644913840,SUNDAE/ADA_0.05,0.0,28.619999999995343,18.810000000004948,900.0
0.096777,508229.0,49184.92,9440.32,1644913840,cNETA/ADA_0.3,-1.8999999999991246e-05,50.0,-4.819999999999709,900.0
0.138095,326978.64,45154.43,2968.39,1644913840,MELD/ADA_1.0,0.0,0.0,0.0,900.0
0.013022,3368947.0,43873.17,3202.02,1644913840,CNFT/ADA_0.3,-7.999999999999327e-06,986.0,-12.810000000004948,900.0
0.003135,10895230.06,34165.08,19197.12,1644913840,DRIP/ADA_1.0,-2.699999999999968e-05,46437.050000000745,-142.97999999999593,900.0
0.10579,312796.26,33090.96,5993.36,1644913840,REVU/ADA_0.3,0.0,0.0,0.0,900.0
0.005296,5890578.0,31198.07,1822.7,1644913840,BDOGE/ADA_1.0,0.0,0.0,0.0,900.0
41.945935,718.0,30117.18,7216.41,1644913840,unsi…en/ADA_1.0,0.0,0.0,0.0,900.0
0.017397,1659949.0,28879.51,7494.89,1644913840,QUID/ADA_0.3,0.0,0.0,0.0,900.0
0.000849,33536280.84,28481.08,478.39,1644913840,MONET/ADA_0.3,0.0,0.0,0.0,900.0
0.00075,27864987.0,20911.59,60.6,1644913840,RAG/ADA_1.0,0.0,0.0,0.0,900.0
0.0,280946566944.0,20810.26,678.24,1644913840,HOSKY/ADA_0.05,0.0,0.0,0.0,900.0
0.1049,188738.99,19798.74,1640.11,1644913840,MINt/ADA_0.05,0.0,0.0,0.0,900.0
26.585731,736.0,19567.09,4601.19,1644913840,XDIA…ND/ADA_1.0,0.0,0.0,0.0,900.0
0.337089,56851.04,19163.89,0.0,1644913840,MIN/ADA_0.05,0.0,0.0,0.0,900.0
0.016843,1119227.0,18851.63,973.66,1644913840,GOKEY/ADA_0.3,0.0,0.0,0.0,900.0
0.16711,103267.0,17256.98,2263.84,1644913840,SKULL/ADA_1.0,0.0,0.0,0.0,900.0
0.43638,39493.0,17233.96,5217.53,1644913840,CDX/ADA_1.0,0.0,0.0,0.0,900.0
0.039887,427625.0,17057.01,565.68,1644913840,cMETA/ADA_0.3,0.0,0.0,0.0,900.0
2.188129,6532.08,14293.05,0.0,1644913840,DANA/ADA_0.3,0.0,0.0,0.0,900.0
0.0,15413652135.0,13149.18,3798.9,1644913840,MEOW/ADA_0.3,0.0,0.0,0.0,900.0
0.302374,42005.11,12701.27,2622.17,1644913840,CARGO/ADA_0.3,0.0,0.0,0.0,900.0
0.000365,34038866.0,12445.1,4596.18,1644913840,KIDZ/ADA_0.3,2.9999999999999645e-06,-164407.0,60.0,900.0
0.109176,97815.0,10679.11,50.65,1644913840,Card…rm/ADA_0.3,0.0,0.0,0.0,900.0
0.768512,13645.0,10486.36,0.0,1644913840,WMT/ADA_1.0,0.0,0.0,0.0,900.0
0.046783,201383.13,9421.46,0.0,1644913840,cbTHC/ADA_0.3,0.0,0.0,0.0,900.0
100.801593,87.9,8860.54,0.0,1644913840,LQ/ADA_1.0,0.0,0.0,0.0,900.0
0.003002,2945846.44,8844.21,0.0,1644913840,DRIP/ADA_0.3,0.0,0.0,0.0,900.0
0.731358,25574345.12,18704023.64,1312004.27,1644914741,SUNDAE/ADA_0.3,0.00045999999999990493,-6758.699999999255,6834.10000000149,900.0
106.376473,149021.68,15852401.56,1776504.12,1644914741,LQ/ADA_0.3,-0.0009569999999996526,25.949999999982538,2618.3600000012666,900.0
0.791222,13592424.28,10754632.29,1398174.98,1644914741,WMT/ADA_0.3,3.2000000000032e-05,-150.23000000044703,318.6699999999255,900.0
0.135684,9965969.2,1352226.93,434233.48,1644914741,MELD/ADA_0.3,0.00010599999999999499,10878.089999999851,2525.8799999998882,900.0
0.105649,10722133.0,1132784.85,196013.84,1644914741,PAVIA/ADA_0.3,0.00017600000000000948,-8903.0,942.7800000000279,900.0
0.16277,6547585.0,1065752.23,45594.68,1644914741,XRAY/ADA_0.3,-2.1999999999994246e-05,446.0,-72.38000000012107,900.0
0.330258,2551971.0,842810.32,121930.33,1644914741,ADAX/ADA_0.3,2.2000000000022002e-05,-84.0,27.929999999934807,900.0
2.062093,376389.71,776150.92,138517.88,1644914741,AADA/ADA_0.3,-0.006577000000000055,599.8600000000442,-1234.6199999999953,900.0
1.644925,327143.01,538125.72,122334.84,1644914741,VYFI/ADA_0.3,-0.0013199999999999878,138.47999999998137,-204.02000000001863,900.0
6.52832,50398.0,329014.28,199880.79,1644914741,MILK/ADA_0.3,0.0,0.0,0.0,900.0
0.03513,5610607.47,197101.57,24947.91,1644914741,CLAP/ADA_0.3,5.300000000000443e-05,-4175.0,147.0,900.0
0.112231,1720904.78,193140.32,75645.53,1644914741,MINt/ADA_0.3,0.0,0.0,0.0,900.0
0.0,6824390794837.0,154704.89,1501.46,1644914741,CHRLZ/ADA_0.3,0.0,-5951344481.0,135.21000000002095,900.0
2.104518,71037.78,149500.31,71775.06,1644914741,DANA/ADA_0.05,0.0,0.0,0.0,900.0
0.812871,174028.86,141463.12,2799.33,1644914741,WMT/ADA_0.05,0.0,0.0,0.0,900.0
0.005501,21253149.0,116924.1,6105.58,1644914741,RAVE/ADA_1.0,0.0,0.0,0.0,900.0
3.4e-05,3169803977.82,110761.04,1973.56,1644914741,ASHIB/ADA_1.0,0.0,0.0,0.0,900.0
0.0,97088145896934.0,97845.18,1981.87,1644914741,BISON/ADA_0.3,0.0,0.0,0.0,900.0
0.032969,2705966.0,89215.54,7470.49,1644914741,FIRE/ADA_0.3,0.0,0.0,0.0,900.0
0.0,948053730633.0,70385.74,47550.94,1644914741,HOSKY/ADA_0.3,0.0,-1333582433.0,-128.54999999998836,900.0
0.332005,206628.09,68601.61,110830.65,1644914741,MIN/ADA_0.3,-0.016257999999999995,4889.369999999995,-1656.7100000000064,900.0
0.005914,9221596.0,54545.03,12715.23,1644914741,FLICK/ADA_0.3,0.0,0.0,0.0,900.0
0.657312,82265.96,54074.42,1000.5,1644914741,SUNDAE/ADA_0.05,0.0,150.5100000000093,98.93999999999505,900.0
0.096777,508229.0,49184.92,9440.32,1644914741,cNETA/ADA_0.3,0.0,0.0,0.0,900.0
0.138095,326978.64,45154.43,2968.39,1644914741,MELD/ADA_1.0,0.0,0.0,0.0,900.0
0.013179,3348936.0,44136.13,3202.02,1644914741,CNFT/ADA_0.3,0.00015699999999999915,-20011.0,262.9599999999991,900.0
0.003084,10986212.88,33885.45,19502.19,1644914741,DRIP/ADA_1.0,-5.1000000000000264e-05,90982.8200000003,-279.63000000000466,900.0
0.10579,312796.26,33090.96,5993.36,1644914741,REVU/ADA_0.3,0.0,0.0,0.0,900.0
0.005283,5897823.0,31160.13,1860.64,1644914741,BDOGE/ADA_1.0,-1.299999999999999e-05,7245.0,-37.93999999999869,900.0
41.945935,718.0,30117.18,7216.41,1644914741,unsi…en/ADA_1.0,0.0,0.0,0.0,900.0
0.017397,1659949.0,28879.51,7494.89,1644914741,QUID/ADA_0.3,0.0,0.0,0.0,900.0
0.000849,33536280.84,28481.08,478.39,1644914741,MONET/ADA_0.3,0.0,0.0,0.0,900.0
0.00075,27864987.0,20911.59,60.6,1644914741,RAG/ADA_1.0,0.0,0.0,0.0,900.0
0.0,280946566944.0,20810.26,678.24,1644914741,HOSKY/ADA_0.05,0.0,0.0,0.0,900.0
0.1049,188738.99,19798.74,1640.11,1644914741,MINt/ADA_0.05,0.0,0.0,0.0,900.0
26.585731,736.0,19567.09,4601.19,1644914741,XDIA…ND/ADA_1.0,0.0,0.0,0.0,900.0
0.337089,56851.04,19163.89,0.0,1644914741,MIN/ADA_0.05,0.0,0.0,0.0,900.0
0.016843,1119227.0,18851.63,973.66,1644914741,GOKEY/ADA_0.3,0.0,0.0,0.0,900.0
0.16711,103267.0,17256.98,2263.84,1644914741,SKULL/ADA_1.0,0.0,0.0,0.0,900.0
0.43638,39493.0,17233.96,5217.53,1644914741,CDX/ADA_1.0,0.0,0.0,0.0,900.0
0.039887,427625.0,17057.01,565.68,1644914741,cMETA/ADA_0.3,0.0,0.0,0.0,900.0
2.188129,6532.08,14293.05,0.0,1644914741,DANA/ADA_0.3,0.0,0.0,0.0,900.0
0.0,15413652135.0,13149.18,3798.9,1644914741,MEOW/ADA_0.3,0.0,0.0,0.0,900.0
0.302374,42005.11,12701.27,2622.17,1644914741,CARGO/ADA_0.3,0.0,0.0,0.0,900.0
0.00037,33808648.0,12530.1,4681.43,1644914741,KIDZ/ADA_0.3,5.000000000000013e-06,-230218.0,85.0,900.0
0.109176,97815.0,10679.11,50.65,1644914741,Card…rm/ADA_0.3,0.0,0.0,0.0,900.0
0.768512,13645.0,10486.36,0.0,1644914741,WMT/ADA_1.0,0.0,0.0,0.0,900.0
0.046783,201383.13,9421.46,0.0,1644914741,cbTHC/ADA_0.3,0.0,0.0,0.0,900.0
100.801593,87.9,8860.54,0.0,1644914741,LQ/ADA_1.0,0.0,0.0,0.0,900.0
0.003002,2945846.44,8844.21,0.0,1644914741,DRIP/ADA_0.3,0.0,0.0,0.0,900.0
0.73124,25577189.82,18703077.66,994338.26,1644915639,SUNDAE/ADA_0.3,-0.00011799999999995148,2844.699999999255,-945.980000000447,898.0
106.369459,149026.91,15851912.43,1765661.78,1644915639,LQ/ADA_0.3,-0.007013999999998077,5.230000000010477,-489.13000000081956,898.0
0.79168,13589313.51,10758400.78,1353090.11,1644915639,WMT/ADA_0.3,0.00045800000000006946,-3110.769999999553,3768.4900000002235,898.0
0.135568,9971338.6,1351796.04,433653.0,1644915639,MELD/ADA_0.3,-0.00011600000000000499,5369.4000000003725,-430.88999999989755,898.0
0.105676,10725031.0,1133383.93,193616.26,1644915639,PAVIA/ADA_0.3,2.6999999999999247e-05,2898.0,599.0799999998417,898.0
0.162695,6550590.0,1065753.72,31795.93,1644915639,XRAY/ADA_0.3,-7.499999999999174e-05,3005.0,1.4899999999906868,898.0
0.330252,2551994.0,842802.75,121760.85,1644915639,ADAX/ADA_0.3,-6.0000000000060005e-06,23.0,-7.569999999948777,898.0
2.056228,376926.95,775047.98,138836.3,1644915639,AADA/ADA_0.3,-0.005865000000000009,537.2399999999907,-1102.9400000000605,898.0
1.648589,326779.75,538725.72,122886.49,1644915639,VYFI/ADA_0.3,0.0036640000000001116,-363.2600000000093,600.0,898.0
6.52829,50548.0,329992.01,200838.95,1644915639,MILK/ADA_0.3,-2.9999999999752447e-05,150.0,977.7299999999814,898.0
0.03513,5610607.47,197101.57,22400.29,1644915639,CLAP/ADA_0.3,0.0,0.0,0.0,898.0
0.112231,1720904.78,193140.32,74609.87,1644915639,MINt/ADA_0.3,0.0,0.0,0.0,898.0
0.0,6824390794837.0,154704.89,1327.83,1644915639,CHRLZ/ADA_0.3,0.0,0.0,0.0,898.0
2.09279,71236.61,149083.28,72695.93,1644915639,DANA/ADA_0.05,-0.011728000000000183,198.83000000000175,-417.02999999999884,898.0
0.812871,174028.86,141463.12,2799.33,1644915639,WMT/ADA_0.05,0.0,0.0,0.0,898.0
0.005501,21253149.0,116924.1,6105.58,1644915639,RAVE/ADA_1.0,0.0,0.0,0.0,898.0
3.4e-05,3170025977.82,110753.36,1981.24,1644915639,ASHIB/ADA_1.0,0.0,222000.0,-7.679999999993015,898.0
0.0,97088145896934.0,97845.18,1981.87,1644915639,BISON/ADA_0.3,0.0,0.0,0.0,898.0
0.032969,2705966.0,89215.54,7470.49,1644915639,FIRE/ADA_0.3,0.0,0.0,0.0,898.0
0.0,962088860592.0,69363.54,47431.6,1644915639,HOSKY/ADA_0.3,0.0,14035129959.0,-1022.2000000000116,898.0
0.32935,207460.45,68327.19,110503.26,1644915639,MIN/ADA_0.3,-0.0026550000000000185,832.3600000000151,-274.41999999999825,898.0
0.005919,9218227.0,54565.03,12641.51,1644915639,FLICK/ADA_0.3,4.999999999999796e-06,-3369.0,20.0,898.0
0.657312,82326.18,54113.99,1000.5,1644915639,SUNDAE/ADA_0.05,0.0,60.21999999998661,39.56999999999971,898.0
0.096777,508229.0,49184.92,9139.42,1644915639,cNETA/ADA_0.3,0.0,0.0,0.0,898.0
0.138095,326978.64,45154.43,1464.5,1644915639,MELD/ADA_1.0,0.0,0.0,0.0,898.0
0.013179,3348936.0,44136.13,2856.43,1644915639,CNFT/ADA_0.3,0.0,0.0,0.0,898.0
0.003057,11035268.18,33739.28,20193.53,1644915639,DRIP/ADA_1.0,-2.7000000000000114e-05,49055.29999999888,-146.16999999999825,898.0
0.10579,312796.26,33090.96,5993.36,1644915639,REVU/ADA_0.3,0.0,0.0,0.0,898.0
0.005283,5897823.0,31160.13,1860.64,1644915639,BDOGE/ADA_1.0,0.0,0.0,0.0,898.0
41.945935,718.0,30117.18,7216.41,1644915639,unsi…en/ADA_1.0,0.0,0.0,0.0,898.0
0.017397,1659949.0,28879.51,7494.89,1644915639,QUID/ADA_0.3,0.0,0.0,0.0,898.0
0.000849,33536280.84,28481.08,478.39,1644915639,MONET/ADA_0.3,0.0,0.0,0.0,898.0
0.00075,27864987.0,20911.59,60.6,1644915639,RAG/ADA_1.0,0.0,0.0,0.0,898.0
0.0,280946566944.0,20810.26,678.24,1644915639,HOSKY/ADA_0.05,0.0,0.0,0.0,898.0
0.1049,188738.99,19798.74,1640.11,1644915639,MINt/ADA_0.05,0.0,0.0,0.0,898.0
26.585731,736.0,19567.09,4601.19,1644915639,XDIA…ND/ADA_1.0,0.0,0.0,0.0,898.0
0.337089,56851.04,19163.89,0.0,1644915639,MIN/ADA_0.05,0.0,0.0,0.0,898.0
0.016843,1119227.0,18851.63,973.66,1644915639,GOKEY/ADA_0.3,0.0,0.0,0.0,898.0
0.16711,103267.0,17256.98,2253.74,1644915639,SKULL/ADA_1.0,0.0,0.0,0.0,898.0
0.43638,39493.0,17233.96,5217.53,1644915639,CDX/ADA_1.0,0.0,0.0,0.0,898.0
0.039887,427625.0,17057.01,565.68,1644915639,cMETA/ADA_0.3,0.0,0.0,0.0,898.0
2.188129,6532.08,14293.05,0.0,1644915639,DANA/ADA_0.3,0.0,0.0,0.0,898.0
0.0,15413652135.0,13149.18,3798.9,1644915639,MEOW/ADA_0.3,0.0,0.0,0.0,898.0
0.302374,42005.11,12701.27,2622.17,1644915639,CARGO/ADA_0.3,0.0,0.0,0.0,898.0
0.000379,33409899.0,12680.1,4831.88,1644915639,KIDZ/ADA_0.3,9.000000000000002e-06,-398749.0,150.0,898.0
0.109176,97815.0,10679.11,50.65,1644915639,Card…rm/ADA_0.3,0.0,0.0,0.0,898.0
0.768512,13645.0,10486.36,0.0,1644915639,WMT/ADA_1.0,0.0,0.0,0.0,898.0
0.046783,201383.13,9421.46,0.0,1644915639,cbTHC/ADA_0.3,0.0,0.0,0.0,898.0
100.801593,87.9,8860.54,0.0,1644915639,LQ/ADA_1.0,0.0,0.0,0.0,898.0
0.003002,2945846.44,8844.21,0.0,1644915639,DRIP/ADA_0.3,0.0,0.0,0.0,898.0
0.732027,25598410.53,18738748.21,1004449.4,1644916543,SUNDAE/ADA_0.3,0.0007869999999999822,21220.710000000894,35670.550000000745,903.0
106.364069,149030.71,15851513.41,1767385.78,1644916543,LQ/ADA_0.3,-0.005390000000005557,3.7999999999883585,-399.01999999955297,903.0
0.791775,13593687.92,10763147.24,1353779.44,1644916543,WMT/ADA_0.3,9.499999999995623e-05,4374.410000000149,4746.460000000894,903.0
0.135583,9970143.17,1351782.07,433899.05,1644916543,MELD/ADA_0.3,1.5000000000015001e-05,-1195.429999999702,-13.96999999997206,903.0
0.105732,10724199.0,1133895.04,193917.16,1644916543,PAVIA/ADA_0.3,5.6000000000000494e-05,-832.0,511.11000000010245,903.0
0.162752,6549458.0,1065938.72,31981.48,1644916543,XRAY/ADA_0.3,5.7000000000001494e-05,-1132.0,185.0,903.0
0.332761,2542370.0,846002.75,124970.45,1644916543,ADAX/ADA_0.3,0.0025089999999999835,-9624.0,3200.0,903.0
2.055373,377005.48,774887.02,138997.26,1644916543,AADA/ADA_0.3,-0.0008550000000000502,78.52999999996973,-160.95999999996275,903.0
1.648589,326779.75,538725.72,122886.49,1644916543,VYFI/ADA_0.3,0.0,0.0,0.0,903.0
6.583142,50338.0,331382.21,201235.04,1644916543,MILK/ADA_0.3,0.05485199999999946,-210.0,1390.2000000000116,903.0
0.03513,5610607.47,197101.57,22400.29,1644916543,CLAP/ADA_0.3,0.0,0.0,0.0,903.0
0.112231,1720904.78,193140.32,74609.87,1644916543,MINt/ADA_0.3,0.0,0.0,0.0,903.0
0.0,6825138696516.0,154687.98,1344.73,1644916543,CHRLZ/ADA_0.3,0.0,747901679.0,-16.910000000003492,903.0
2.152376,70243.88,151191.28,74804.99,1644916543,DANA/ADA_0.05,0.05958599999999992,-992.7299999999959,2108.0,903.0
0.812871,172553.4,140263.76,2799.33,1644916543,WMT/ADA_0.05,0.0,-1475.4599999999919,-1199.359999999986,903.0
0.005501,21253149.0,116924.1,6105.58,1644916543,RAVE/ADA_1.0,0.0,0.0,0.0,903.0
3.4e-05,3170025977.82,110753.36,1981.24,1644916543,ASHIB/ADA_1.0,0.0,0.0,0.0,903.0
0.0,97088145896934.0,97845.18,1981.87,1644916543,BISON/ADA_0.3,0.0,0.0,0.0,903.0
0.032969,2705966.0,89215.54,7470.49,1644916543,FIRE/ADA_0.3,0.0,0.0,0.0,903.0
0.32935,207460.45,68327.19,110503.26,1644916543,MIN/ADA_0.3,0.0,0.0,0.0,903.0
0.0,982088860592.0,67955.12,48840.02,1644916543,HOSKY/ADA_0.3,0.0,20000000000.0,-1408.4199999999983,903.0
0.005919,9218227.0,54565.03,12641.51,1644916543,FLICK/ADA_0.3,0.0,0.0,0.0,903.0
0.657312,82455.18,54198.79,1000.5,1644916543,SUNDAE/ADA_0.05,0.0,129.0,84.80000000000291,903.0
0.09649,508984.0,49112.18,9212.16,1644916543,cNETA/ADA_0.3,-0.0002869999999999956,755.0,-72.73999999999796,903.0
0.138095,326978.64,45154.43,1464.5,1644916543,MELD/ADA_1.0,0.0,0.0,0.0,903.0
0.013342,3328437.0,44408.78,3129.9,1644916543,CNFT/ADA_0.3,0.00016299999999999995,-20499.0,272.65000000000146,903.0
0.003061,11076701.64,33915.4,20489.04,1644916543,DRIP/ADA_1.0,4.000000000000097e-06,41433.460000000894,176.12000000000262,903.0
0.10579,312796.26,33090.96,5993.36,1644916543,REVU/ADA_0.3,0.0,0.0,0.0,903.0
0.005283,5897823.0,31160.13,1860.64,1644916543,BDOGE/ADA_1.0,0.0,0.0,0.0,903.0
41.945935,718.0,30117.18,7216.41,1644916543,unsi…en/ADA_1.0,0.0,0.0,0.0,903.0
0.017397,1659949.0,28879.51,7494.89,1644916543,QUID/ADA_0.3,0.0,0.0,0.0,903.0
0.000849,33536280.84,28481.08,478.39,1644916543,MONET/ADA_0.3,0.0,0.0,0.0,903.0
0.00075,27864987.0,20911.59,60.6,1644916543,RAG/ADA_1.0,0.0,0.0,0.0,903.0
0.0,280946566944.0,20810.26,678.24,1644916543,HOSKY/ADA_0.05,0.0,0.0,0.0,903.0
0.1049,188738.99,19798.74,1640.11,1644916543,MINt/ADA_0.05,0.0,0.0,0.0,903.0
26.585731,736.0,19567.09,4601.19,1644916543,XDIA…ND/ADA_1.0,0.0,0.0,0.0,903.0
0.337089,56851.04,19163.89,0.0,1644916543,MIN/ADA_0.05,0.0,0.0,0.0,903.0
0.016843,1119227.0,18851.63,973.66,1644916543,GOKEY/ADA_0.3,0.0,0.0,0.0,903.0
0.16711,103267.0,17256.98,2253.74,1644916543,SKULL/ADA_1.0,0.0,0.0,0.0,903.0
0.435282,39543.0,17212.39,5239.1,1644916543,CDX/ADA_1.0,-0.0010979999999999879,50.0,-21.56999999999971,903.0
0.039887,427625.0,17057.01,565.68,1644916543,cMETA/ADA_0.3,0.0,0.0,0.0,903.0
2.188129,6532.08,14293.05,0.0,1644916543,DANA/ADA_0.3,0.0,0.0,0.0,903.0
0.0,15413652135.0,13149.18,3798.9,1644916543,MEOW/ADA_0.3,0.0,0.0,0.0,903.0
0.000384,33194255.0,12762.72,4914.75,1644916543,KIDZ/ADA_0.3,5.000000000000013e-06,-215644.0,82.61999999999898,903.0
0.302374,42005.11,12701.27,2622.17,1644916543,CARGO/ADA_0.3,0.0,0.0,0.0,903.0
0.109176,97815.0,10679.11,50.65,1644916543,Card…rm/ADA_0.3,0.0,0.0,0.0,903.0
0.768512,13645.0,10486.36,0.0,1644916543,WMT/ADA_1.0,0.0,0.0,0.0,903.0
0.046783,201383.13,9421.46,0.0,1644916543,cbTHC/ADA_0.3,0.0,0.0,0.0,903.0
100.801593,87.9,8860.54,0.0,1644916543,LQ/ADA_1.0,0.0,0.0,0.0,903.0
0.003002,2945846.44,8844.21,0.0,1644916543,DRIP/ADA_0.3,0.0,0.0,0.0,903.0
0.732487,25593287.64,18746754.39,1010354.56,1644917439,SUNDAE/ADA_0.3,0.00046000000000001595,-5122.890000000596,8006.179999999702,896.0
106.394362,149029.23,15855870.27,1769751.74,1644917439,LQ/ADA_0.3,0.030293000000000347,-1.4799999999813735,4356.859999999404,896.0
0.79209,13591283.67,10765525.9,1356009.62,1644917439,WMT/ADA_0.3,0.0003149999999999542,-2404.25,2378.660000000149,896.0
0.135657,9967440.58,1352153.78,434269.83,1644917439,MELD/ADA_0.3,7.399999999999074e-05,-2702.589999999851,371.70999999996275,896.0
0.105735,10727279.0,1134250.61,193962.29,1644917439,PAVIA/ADA_0.3,2.9999999999891225e-06,3080.0,355.5700000000652,896.0
0.162752,6549458.0,1065938.72,31981.48,1644917439,XRAY/ADA_0.3,0.0,0.0,0.0,896.0
0.332773,2542326.0,846017.75,124985.5,1644917439,ADAX/ADA_0.3,1.2000000000012001e-05,-44.0,15.0,896.0
2.055638,376981.23,774937.02,139047.41,1644917439,AADA/ADA_0.3,0.00026500000000018176,-24.25,50.0,896.0
1.648589,326779.75,538725.72,122886.49,1644917439,VYFI/ADA_0.3,0.0,0.0,0.0,896.0
6.560999,50423.0,330825.26,202348.94,1644917439,MILK/ADA_0.3,-0.0221429999999998,85.0,-556.9500000000116,896.0
0.03513,5610607.47,197101.57,22400.29,1644917439,CLAP/ADA_0.3,0.0,0.0,0.0,896.0
0.112231,1720904.78,193140.32,74609.87,1644917439,MINt/ADA_0.3,0.0,0.0,0.0,896.0
0.0,6825138696516.0,154687.98,1344.73,1644917439,CHRLZ/ADA_0.3,0.0,0.0,0.0,896.0
2.12228,70740.31,150130.81,75865.47,1644917439,DANA/ADA_0.05,-0.0300959999999999,496.429999999993,-1060.4700000000012,896.0
0.812871,172470.71,140196.54,2799.33,1644917439,WMT/ADA_0.05,0.0,-82.69000000000233,-67.22000000000116,896.0
0.005453,21347232.0,116413.92,6615.76,1644917439,RAVE/ADA_1.0,-4.799999999999943e-05,94083.0,-510.18000000000757,896.0
3.4e-05,3170025977.82,110753.36,1981.24,1644917439,ASHIB/ADA_1.0,0.0,0.0,0.0,896.0
0.0,97220145896934.0,97712.73,2114.33,1644917439,BISON/ADA_0.3,0.0,132000000000.0,-132.4499999999971,896.0
0.033065,2702071.0,89344.54,7599.88,1644917439,FIRE/ADA_0.3,9.599999999999886e-05,-3895.0,129.0,896.0
0.329437,207433.04,68336.28,110524.22,1644917439,MIN/ADA_0.3,8.700000000000374e-05,-27.410000000003492,9.089999999996508,896.0
0.0,990109854172.0,67408.14,50027.96,1644917439,HOSKY/ADA_0.3,0.0,8020993580.0,-546.9799999999959,896.0
0.005919,9218227.0,54565.03,12641.51,1644917439,FLICK/ADA_0.3,0.0,0.0,0.0,896.0
0.657312,82455.18,54198.79,1000.5,1644917439,SUNDAE/ADA_0.05,0.0,0.0,0.0,896.0
0.09649,508984.0,49112.18,9212.16,1644917439,cNETA/ADA_0.3,0.0,0.0,0.0,896.0
0.138095,326978.64,45154.43,1464.5,1644917439,MELD/ADA_1.0,0.0,0.0,0.0,896.0
0.013342,3328437.0,44408.78,3129.9,1644917439,CNFT/ADA_0.3,0.0,0.0,0.0,896.0
0.003059,11068821.76,33860.85,20664.77,1644917439,DRIP/ADA_1.0,-1.9999999999998318e-06,-7879.88000000082,-54.55000000000291,896.0
0.105867,312683.21,33102.96,6005.39,1644917439,REVU/ADA_0.3,7.700000000000762e-05,-113.04999999998836,12.0,896.0
0.005283,5897823.0,31160.13,1860.64,1644917439,BDOGE/ADA_1.0,0.0,0.0,0.0,896.0
41.945935,718.0,30117.18,7216.41,1644917439,unsi…en/ADA_1.0,0.0,0.0,0.0,896.0
0.017458,1657089.0,28929.51,7545.04,1644917439,QUID/ADA_0.3,6.1000000000002025e-05,-2860.0,50.0,896.0
0.000849,33536280.84,28481.08,478.39,1644917439,MONET/ADA_0.3,0.0,0.0,0.0,896.0
0.00075,27864987.0,20911.59,60.6,1644917439,RAG/ADA_1.0,0.0,0.0,0.0,896.0
0.0,280946566944.0,20810.26,678.24,1644917439,HOSKY/ADA_0.05,0.0,0.0,0.0,896.0
0.1049,188738.99,19798.74,1640.11,1644917439,MINt/ADA_0.05,0.0,0.0,0.0,896.0
26.585731,736.0,19567.09,4601.19,1644917439,XDIA…ND/ADA_1.0,0.0,0.0,0.0,896.0
0.337089,56851.04,19163.89,0.0,1644917439,MIN/ADA_0.05,0.0,0.0,0.0,896.0
0.016861,1118636.0,18861.63,993.72,1644917439,GOKEY/ADA_0.3,1.8000000000000654e-05,-591.0,10.0,896.0
0.170985,102096.0,17456.98,2455.74,1644917439,SKULL/ADA_1.0,0.0038749999999999896,-1171.0,200.0,896.0
0.435282,39543.0,17212.39,5239.1,1644917439,CDX/ADA_1.0,0.0,0.0,0.0,896.0
0.039887,427625.0,17057.01,565.68,1644917439,cMETA/ADA_0.3,0.0,0.0,0.0,896.0
2.188129,6532.08,14293.05,0.0,1644917439,DANA/ADA_0.3,0.0,0.0,0.0,896.0
0.0,15413652135.0,13149.18,3798.9,1644917439,MEOW/ADA_0.3,0.0,0.0,0.0,896.0
0.000396,32690499.0,12959.99,5112.61,1644917439,KIDZ/ADA_0.3,1.1999999999999966e-05,-503756.0,197.27000000000044,896.0
0.302374,42005.11,12701.27,2622.17,1644917439,CARGO/ADA_0.3,0.0,0.0,0.0,896.0
0.109176,97815.0,10679.11,50.65,1644917439,Card…rm/ADA_0.3,0.0,0.0,0.0,896.0
0.768512,13645.0,10486.36,0.0,1644917439,WMT/ADA_1.0,0.0,0.0,0.0,896.0
0.046783,201383.13,9421.46,0.0,1644917439,cbTHC/ADA_0.3,0.0,0.0,0.0,896.0
100.801593,87.9,8860.54,0.0,1644917439,LQ/ADA_1.0,0.0,0.0,0.0,896.0
0.003002,2945846.44,8844.21,0.0,1644917439,DRIP/ADA_0.3,0.0,0.0,0.0,896.0
0.732514,25594176.52,18748098.85,1010703.8,1644918339,SUNDAE/ADA_0.3,2.6999999999999247e-05,888.8799999989569,1344.460000000894,900.0
106.340089,149067.32,15851832.98,1774644.0,1644918339,LQ/ADA_0.3,-0.05427299999999491,38.08999999999651,-4037.289999999106,900.0
0.792152,13590754.35,10765946.92,1356590.1,1644918339,WMT/ADA_0.3,6.20000000000065e-05,-529.320000000298,421.01999999955297,900.0
0.135471,9951908.47,1348204.52,435196.99,1644918339,MELD/ADA_0.3,-0.00018599999999999173,-15532.109999999404,-3949.2600000000093,900.0
0.105878,10720064.0,1135020.53,196082.41,1644918339,PAVIA/ADA_0.3,0.00014300000000000423,-7215.0,769.9199999999255,900.0
0.162754,6547912.0,1065700.82,31988.5,1644918339,XRAY/ADA_0.3,2.000000000002e-06,-1546.0,-237.89999999990687,900.0
0.335212,2533073.0,849117.75,128094.8,1644918339,ADAX/ADA_0.3,0.0024390000000000245,-9253.0,3100.0,900.0
2.055941,376953.44,774994.31,139104.87,1644918339,AADA/ADA_0.3,0.00030299999999972016,-27.789999999979045,57.29000000003725,900.0
1.63856,327779.75,537087.08,124525.13,1644918339,VYFI/ADA_0.3,-0.010029000000000066,1000.0,-1638.640000000014,900.0
6.560999,50423.0,330825.26,202348.94,1644918339,MILK/ADA_0.3,0.0,0.0,0.0,900.0
0.03513,5610607.47,197101.57,22400.29,1644918339,CLAP/ADA_0.3,0.0,0.0,0.0,900.0
0.112235,1720878.13,193143.32,74612.88,1644918339,MINt/ADA_0.3,4.000000000004e-06,-26.6500000001397,3.0,900.0
0.0,6825138696516.0,154687.98,1344.73,1644918339,CHRLZ/ADA_0.3,0.0,0.0,0.0,900.0
2.12228,70740.31,150130.81,75865.47,1644918339,DANA/ADA_0.05,0.0,0.0,0.0,900.0
0.812871,172470.71,140196.54,2799.33,1644918339,WMT/ADA_0.05,0.0,0.0,0.0,900.0
0.005453,21347232.0,116413.92,6615.76,1644918339,RAVE/ADA_1.0,0.0,0.0,0.0,900.0
3.4e-05,3170025977.82,110753.36,1981.24,1644918339,ASHIB/ADA_1.0,0.0,0.0,0.0,900.0
0.0,97220145896934.0,97712.73,2114.33,1644918339,BISON/ADA_0.3,0.0,0.0,0.0,900.0
0.033065,2702071.0,89344.54,7599.88,1644918339,FIRE/ADA_0.3,0.0,0.0,0.0,900.0
0.327727,207975.71,68159.4,111001.55,1644918339,MIN/ADA_0.3,-0.0017099999999999893,542.6699999999837,-176.88000000000466,900.0
0.0,1002195367821.0,66597.67,50838.43,1644918339,HOSKY/ADA_0.3,0.0,12085513649.0,-810.4700000000012,900.0
0.005919,9218227.0,54565.03,12641.51,1644918339,FLICK/ADA_0.3,0.0,0.0,0.0,900.0
0.657312,82910.35,54497.98,1000.5,1644918339,SUNDAE/ADA_0.05,0.0,455.1700000000128,299.1900000000023,900.0
0.09649,508984.0,49112.18,9212.16,1644918339,cNETA/ADA_0.3,0.0,0.0,0.0,900.0
0.138095,326978.64,45154.43,1464.5,1644918339,MELD/ADA_1.0,0.0,0.0,0.0,900.0
0.013342,3328437.0,44408.78,3129.9,1644918339,CNFT/ADA_0.3,0.0,0.0,0.0,900.0
0.003105,10986641.48,34117.57,21011.05,1644918339,DRIP/ADA_1.0,4.6000000000000034e-05,-82180.27999999933,256.72000000000116,900.0
0.105867,312683.21,33102.96,6005.39,1644918339,REVU/ADA_0.3,0.0,0.0,0.0,900.0
0.005283,5897823.0,31160.13,1860.64,1644918339,BDOGE/ADA_1.0,0.0,0.0,0.0,900.0
41.945935,718.0,30117.18,7216.41,1644918339,unsi…en/ADA_1.0,0.0,0.0,0.0,900.0
0.017458,1657089.0,28929.51,7545.04,1644918339,QUID/ADA_0.3,0.0,0.0,0.0,900.0
0.000849,33524545.34,28491.08,488.42,1644918339,MONET/ADA_0.3,0.0,-11735.5,10.0,900.0
0.00075,27864987.0,20911.59,60.6,1644918339,RAG/ADA_1.0,0.0,0.0,0.0,900.0
0.0,280946566944.0,20810.26,678.24,1644918339,HOSKY/ADA_0.05,0.0,0.0,0.0,900.0
0.1049,188738.99,19798.74,1640.11,1644918339,MINt/ADA_0.05,0.0,0.0,0.0,900.0
26.585731,736.0,19567.09,4601.19,1644918339,XDIA…ND/ADA_1.0,0.0,0.0,0.0,900.0
0.337089,56851.04,19163.89,0.0,1644918339,MIN/ADA_0.05,0.0,0.0,0.0,900.0
0.016861,1118636.0,18861.63,993.72,1644918339,GOKEY/ADA_0.3,0.0,0.0,0.0,900.0
0.170985,102096.0,17456.98,2455.74,1644918339,SKULL/ADA_1.0,0.0,0.0,0.0,900.0
0.435282,39543.0,17212.39,5239.1,1644918339,CDX/ADA_1.0,0.0,0.0,0.0,900.0
0.039887,427625.0,17057.01,565.68,1644918339,cMETA/ADA_0.3,0.0,0.0,0.0,900.0
2.188129,6532.08,14293.05,0.0,1644918339,DANA/ADA_0.3,0.0,0.0,0.0,900.0
0.0,15413652135.0,13149.18,3798.9,1644918339,MEOW/ADA_0.3,0.0,0.0,0.0,900.0
0.000396,32690499.0,12959.99,5112.61,1644918339,KIDZ/ADA_0.3,0.0,0.0,0.0,900.0
0.302374,42005.11,12701.27,2622.17,1644918339,CARGO/ADA_0.3,0.0,0.0,0.0,900.0
0.109176,97815.0,10679.11,50.65,1644918339,Card…rm/ADA_0.3,0.0,0.0,0.0,900.0
0.768512,13645.0,10486.36,0.0,1644918339,WMT/ADA_1.0,0.0,0.0,0.0,900.0
0.046783,201383.13,9421.46,0.0,1644918339,cbTHC/ADA_0.3,0.0,0.0,0.0,900.0
100.801593,87.9,8860.54,0.0,1644918339,LQ/ADA_1.0,0.0,0.0,0.0,900.0
0.003002,2945846.44,8844.21,0.0,1644918339,DRIP/ADA_0.3,0.0,0.0,0.0,900.0
0.732531,25594971.4,18749110.19,1012188.83,1644919239,SUNDAE/ADA_0.3,1.7000000000044757e-05,794.8799999989569,1011.339999999851,899.0
106.340089,149076.59,15852818.59,1774644.0,1644919239,LQ/ADA_0.3,0.0,9.269999999989523,985.609999999404,899.0
0.79223,13593119.85,10768879.15,1357121.69,1644919239,WMT/ADA_0.3,7.80000000000225e-05,2365.5,2932.230000000447,899.0
0.134824,9975805.66,1344987.8,439504.85,1644919239,MELD/ADA_0.3,-0.0006470000000000087,23897.18999999948,-3216.719999999972,899.0
0.105917,10721798.0,1135628.19,196295.47,1644919239,PAVIA/ADA_0.3,3.899999999999737e-05,1734.0,607.6599999999162,899.0
0.162754,6547912.0,1065700.82,31988.5,1644919239,XRAY/ADA_0.3,0.0,0.0,0.0,899.0
0.335212,2533073.0,849117.75,128094.8,1644919239,ADAX/ADA_0.3,0.0,0.0,0.0,899.0
2.056826,376872.47,775161.33,139272.39,1644919239,AADA/ADA_0.3,0.0008850000000002467,-80.97000000003027,167.0199999999022,899.0
1.626468,328997.79,535104.57,126507.64,1644919239,VYFI/ADA_0.3,-0.012091999999999992,1218.039999999979,-1982.5100000000093,899.0
6.560999,50423.0,330825.26,202348.94,1644919239,MILK/ADA_0.3,0.0,0.0,0.0,899.0
0.03513,5610607.47,197101.57,22400.29,1644919239,CLAP/ADA_0.3,0.0,0.0,0.0,899.0
0.112366,1719874.92,193256.32,74661.51,1644919239,MINt/ADA_0.3,0.00013099999999999223,-1003.2099999999627,113.0,899.0
0.0,6825138696516.0,154687.98,1344.73,1644919239,CHRLZ/ADA_0.3,0.0,0.0,0.0,899.0
2.128362,70639.2,150345.81,74072.97,1644919239,DANA/ADA_0.05,0.006082000000000143,-101.11000000000058,215.0,899.0
0.812871,172470.71,140196.54,2799.33,1644919239,WMT/ADA_0.05,0.0,0.0,0.0,899.0
0.005453,21347232.0,116413.92,5990.97,1644919239,RAVE/ADA_1.0,0.0,0.0,0.0,899.0
3.4e-05,3170025977.82,110753.36,1927.71,1644919239,ASHIB/ADA_1.0,0.0,0.0,0.0,899.0
0.0,97220145896934.0,97712.73,1951.3,1644919239,BISON/ADA_0.3,0.0,0.0,0.0,899.0
0.033065,2702071.0,89344.54,7232.08,1644919239,FIRE/ADA_0.3,0.0,0.0,0.0,899.0
0.330904,206976.62,68489.4,110133.95,1644919239,MIN/ADA_0.3,0.0031769999999999854,-999.0899999999965,330.0,899.0
0.0,998049590058.0,66877.66,50354.99,1644919239,HOSKY/ADA_0.3,0.0,-4145777763.0,279.99000000000524,899.0
0.657312,88053.73,57878.79,1000.5,1644919239,SUNDAE/ADA_0.05,0.0,5143.37999999999,3380.8099999999977,899.0
0.005919,9218227.0,54565.03,12610.82,1644919239,FLICK/ADA_0.3,0.0,0.0,0.0,899.0
0.09649,508984.0,49112.18,9109.86,1644919239,cNETA/ADA_0.3,0.0,0.0,0.0,899.0
0.138095,326978.64,45154.43,1464.5,1644919239,MELD/ADA_1.0,0.0,0.0,0.0,899.0
0.013342,3328437.0,44408.78,3104.71,1644919239,CNFT/ADA_0.3,0.0,0.0,0.0,899.0
0.003094,11006641.48,34056.2,20858.7,1644919239,DRIP/ADA_1.0,-1.1000000000000159e-05,20000.0,-61.37000000000262,899.0
0.105867,312683.21,33102.96,6005.39,1644919239,REVU/ADA_0.3,0.0,0.0,0.0,899.0
0.005283,5897823.0,31160.13,1860.64,1644919239,BDOGE/ADA_1.0,0.0,0.0,0.0,899.0
41.945935,718.0,30117.18,7216.41,1644919239,unsi…en/ADA_1.0,0.0,0.0,0.0,899.0
0.017458,1657089.0,28929.51,7443.74,1644919239,QUID/ADA_0.3,0.0,0.0,0.0,899.0
0.000849,33524545.34,28491.08,382.1,1644919239,MONET/ADA_0.3,0.0,0.0,0.0,899.0
0.00075,27864987.0,20911.59,60.6,1644919239,RAG/ADA_1.0,0.0,0.0,0.0,899.0
0.0,280946566944.0,20810.26,678.24,1644919239,HOSKY/ADA_0.05,0.0,0.0,0.0,899.0
0.1049,188738.99,19798.74,1640.11,1644919239,MINt/ADA_0.05,0.0,0.0,0.0,899.0
26.585731,736.0,19567.09,4601.19,1644919239,XDIA…ND/ADA_1.0,0.0,0.0,0.0,899.0
0.337089,56851.04,19163.89,0.0,1644919239,MIN/ADA_0.05,0.0,0.0,0.0,899.0
0.016861,1118636.0,18861.63,993.72,1644919239,GOKEY/ADA_0.3,0.0,0.0,0.0,899.0
0.170985,102096.0,17456.98,2308.79,1644919239,SKULL/ADA_1.0,0.0,0.0,0.0,899.0
0.437798,39430.0,17262.39,5289.6,1644919239,CDX/ADA_1.0,0.0025160000000000182,-113.0,50.0,899.0
0.039887,427625.0,17057.01,565.68,1644919239,cMETA/ADA_0.3,0.0,0.0,0.0,899.0
2.188129,6532.08,14293.05,0.0,1644919239,DANA/ADA_0.3,0.0,0.0,0.0,899.0
0.0,15413652135.0,13149.18,3785.86,1644919239,MEOW/ADA_0.3,0.0,0.0,0.0,899.0
0.000402,32440934.0,13059.99,5212.91,1644919239,KIDZ/ADA_0.3,6.000000000000037e-06,-249565.0,100.0,899.0
0.302374,42005.11,12701.27,2622.17,1644919239,CARGO/ADA_0.3,0.0,0.0,0.0,899.0
0.109176,97815.0,10679.11,49.65,1644919239,Card…rm/ADA_0.3,0.0,0.0,0.0,899.0
0.768512,13645.0,10486.36,0.0,1644919239,WMT/ADA_1.0,0.0,0.0,0.0,899.0
0.046783,201383.13,9421.46,0.0,1644919239,cbTHC/ADA_0.3,0.0,0.0,0.0,899.0
100.801593,87.9,8860.54,0.0,1644919239,LQ/ADA_1.0,0.0,0.0,0.0,899.0
0.003002,2945846.44,8844.21,0.0,1644919239,DRIP/ADA_0.3,0.0,0.0,0.0,899.0
0.732685,25595824.87,18753700.48,946259.76,1644920139,SUNDAE/ADA_0.3,0.00015399999999998748,853.4700000025332,4590.289999999106,900.0
106.223238,149158.7,15844120.43,1778277.28,1644920139,LQ/ADA_0.3,-0.11685100000001114,82.11000000001513,-8698.160000000149,900.0
0.791939,13595718.17,10766981.08,1350633.19,1644920139,WMT/ADA_0.3,-0.0002910000000000412,2598.320000000298,-1898.070000000298,900.0
0.134984,9980045.1,1347152.75,432814.1,1644920139,MELD/ADA_0.3,0.00015999999999999348,4239.4399999994785,2164.9499999999534,900.0
0.105757,10729918.0,1134773.01,194925.81,1644920139,PAVIA/ADA_0.3,-0.00015999999999999348,8120.0,-855.1799999999348,900.0
0.162739,6548218.0,1065651.17,30143.58,1644920139,XRAY/ADA_0.3,-1.5000000000015001e-05,306.0,-49.6500000001397,900.0
0.336783,2527169.0,851107.68,121138.34,1644920139,ADAX/ADA_0.3,0.001570999999999989,-5904.0,1989.9300000000512,900.0
2.057198,376838.47,775231.48,137681.94,1644920139,AADA/ADA_0.3,0.00037200000000003897,-34.0,70.15000000002328,900.0
1.620561,329597.8,534133.37,125134.5,1644920139,VYFI/ADA_0.3,-0.005907000000000107,600.0100000000093,-971.1999999999534,900.0
6.560999,50423.0,330825.26,193594.18,1644920139,MILK/ADA_0.3,0.0,0.0,0.0,900.0
0.03513,5610607.47,197101.57,22400.29,1644920139,CLAP/ADA_0.3,0.0,0.0,0.0,900.0
0.112761,1716863.47,193596.32,75002.53,1644920139,MINt/ADA_0.3,0.00039500000000000646,-3011.4499999999534,340.0,900.0
0.0,6825138696516.0,154687.98,1344.73,1644920139,CHRLZ/ADA_0.3,0.0,0.0,0.0,900.0
2.134402,70539.2,150559.05,74286.32,1644920139,DANA/ADA_0.05,0.006040000000000045,-100.0,213.2399999999907,900.0
0.812871,172470.71,140196.54,2799.33,1644920139,WMT/ADA_0.05,0.0,0.0,0.0,900.0
0.005453,21347232.0,116413.92,5990.97,1644920139,RAVE/ADA_1.0,0.0,0.0,0.0,900.0
3.4e-05,3170025977.82,110753.36,1927.71,1644920139,ASHIB/ADA_1.0,0.0,0.0,0.0,900.0
0.0,97220145896934.0,97712.73,1951.3,1644920139,BISON/ADA_0.3,0.0,0.0,0.0,900.0
0.033065,2702071.0,89344.54,7232.08,1644920139,FIRE/ADA_0.3,0.0,0.0,0.0,900.0
0.330904,206976.62,68489.4,110133.95,1644920139,MIN/ADA_0.3,0.0,0.0,0.0,900.0
0.0,998049590058.0,66877.66,50354.99,1644920139,HOSKY/ADA_0.3,0.0,0.0,0.0,900.0
0.657312,88636.21,58261.66,1000.5,1644920139,SUNDAE/ADA_0.05,0.0,582.4800000000105,382.8700000000026,900.0
0.005919,9218227.0,54565.03,12610.82,1644920139,FLICK/ADA_0.3,0.0,0.0,0.0,900.0
0.09649,508984.0,49112.18,9109.86,1644920139,cNETA/ADA_0.3,0.0,0.0,0.0,900.0
0.138095,326978.64,45154.43,1464.5,1644920139,MELD/ADA_1.0,0.0,0.0,0.0,900.0
0.013342,3328437.0,44408.78,3104.71,1644920139,CNFT/ADA_0.3,0.0,0.0,0.0,900.0
0.105867,312683.21,33102.96,6005.39,1644920139,REVU/ADA_0.3,0.0,0.0,0.0,900.0
0.005393,5837730.0,31484.13,2187.88,1644920139,BDOGE/ADA_1.0,0.00010999999999999985,-60093.0,324.0,900.0
41.945935,718.0,30117.18,7216.41,1644920139,unsi…en/ADA_1.0,0.0,0.0,0.0,900.0
0.017458,1657089.0,28929.51,7443.74,1644920139,QUID/ADA_0.3,0.0,0.0,0.0,900.0
0.000849,33524545.34,28491.08,382.1,1644920139,MONET/ADA_0.3,0.0,0.0,0.0,900.0
0.00075,27864987.0,20911.59,60.6,1644920139,RAG/ADA_1.0,0.0,0.0,0.0,900.0
0.0,291340000774.0,20068.22,1420.28,1644920139,HOSKY/ADA_0.05,0.0,10393433830.0,-742.0399999999972,900.0
0.003141,6309042.69,19820.07,21056.65,1644920139,DRIP/ADA_1.0,4.700000000000017e-05,-4697598.79,-14236.129999999997,900.0
0.1049,188738.99,19798.74,1640.11,1644920139,MINt/ADA_0.05,0.0,0.0,0.0,900.0
26.585731,736.0,19567.09,4601.19,1644920139,XDIA…ND/ADA_1.0,0.0,0.0,0.0,900.0
0.337089,56851.04,19163.89,0.0,1644920139,MIN/ADA_0.05,0.0,0.0,0.0,900.0
0.016861,1118636.0,18861.63,993.72,1644920139,GOKEY/ADA_0.3,0.0,0.0,0.0,900.0
0.170985,102096.0,17456.98,2308.79,1644920139,SKULL/ADA_1.0,0.0,0.0,0.0,900.0
0.437798,39430.0,17262.39,5289.6,1644920139,CDX/ADA_1.0,0.0,0.0,0.0,900.0
0.039887,427625.0,17057.01,565.68,1644920139,cMETA/ADA_0.3,0.0,0.0,0.0,900.0
2.188129,6532.08,14293.05,0.0,1644920139,DANA/ADA_0.3,0.0,0.0,0.0,900.0
0.0,15413652135.0,13149.18,3785.86,1644920139,MEOW/ADA_0.3,0.0,0.0,0.0,900.0
0.000402,32440934.0,13059.99,5212.91,1644920139,KIDZ/ADA_0.3,0.0,0.0,0.0,900.0
0.302374,42005.11,12701.27,2622.17,1644920139,CARGO/ADA_0.3,0.0,0.0,0.0,900.0
0.109176,97815.0,10679.11,49.65,1644920139,Card…rm/ADA_0.3,0.0,0.0,0.0,900.0
0.768512,13645.0,10486.36,0.0,1644920139,WMT/ADA_1.0,0.0,0.0,0.0,900.0
0.046783,201383.13,9421.46,0.0,1644920139,cbTHC/ADA_0.3,0.0,0.0,0.0,900.0
100.801593,87.9,8860.54,0.0,1644920139,LQ/ADA_1.0,0.0,0.0,0.0,900.0
0.003002,2945846.44,8844.21,0.0,1644920139,DRIP/ADA_0.3,0.0,0.0,0.0,900.0
0.732826,25593585.18,18755665.76,948071.1,1644921039,SUNDAE/ADA_0.3,0.00014099999999994672,-2239.690000001341,1965.280000001192,900.0
106.224493,149158.82,15844320.39,1778371.3,1644921039,LQ/ADA_0.3,0.0012550000000004502,0.11999999999534339,199.96000000089407,900.0
0.803437,13498225.46,10844981.08,1428867.19,1644921039,WMT/ADA_0.3,0.011498000000000008,-97492.70999999903,78000.0,900.0
0.134984,9980045.1,1347152.75,433315.6,1644921039,MELD/ADA_0.3,0.0,0.0,0.0,900.0
0.105767,10729447.0,1134823.01,194975.96,1644921039,PAVIA/ADA_0.3,9.999999999996123e-06,-471.0,50.0,900.0
0.162988,6543219.0,1066467.93,30962.79,1644921039,XRAY/ADA_0.3,0.0002489999999999992,-4999.0,816.7600000000093,900.0
0.339425,2517327.0,854445.71,124147.34,1644921039,ADAX/ADA_0.3,0.0026419999999999777,-9842.0,3338.0299999999115,900.0
2.062713,376335.12,776271.48,138725.06,1644921039,AADA/ADA_0.3,0.005514999999999937,-503.3499999999767,1040.0,900.0
1.620561,329597.8,534133.37,126769.79,1644921039,VYFI/ADA_0.3,0.0,0.0,0.0,900.0
6.560999,50423.0,330825.26,193594.18,1644921039,MILK/ADA_0.3,0.0,0.0,0.0,900.0
0.03513,5610607.47,197101.57,22400.29,1644921039,CLAP/ADA_0.3,0.0,0.0,0.0,900.0
0.11313,1714069.36,193912.95,75352.9,1644921039,MINt/ADA_0.3,0.00036899999999999433,-2794.1099999998696,316.63000000000466,900.0
0.0,6825138696516.0,154687.98,1344.73,1644921039,CHRLZ/ADA_0.3,0.0,0.0,0.0,900.0
2.140712,70435.19,150781.49,74508.87,1644921039,DANA/ADA_0.05,0.006310000000000038,-104.00999999999476,222.44000000000233,900.0
0.812871,175619.8,142756.35,2799.33,1644921039,WMT/ADA_0.05,0.0,3149.0899999999965,2559.8099999999977,900.0
0.005458,21338159.0,116463.92,6041.47,1644921039,RAVE/ADA_1.0,4.999999999999796e-06,-9073.0,50.0,900.0
3.4e-05,3170025977.82,110753.36,1927.71,1644921039,ASHIB/ADA_1.0,0.0,0.0,0.0,900.0
0.0,97220145896934.0,97712.73,1951.3,1644921039,BISON/ADA_0.3,0.0,0.0,0.0,900.0
0.033065,2702071.0,89344.54,7232.08,1644921039,FIRE/ADA_0.3,0.0,0.0,0.0,900.0
0.327734,207976.62,68161.07,110462.28,1644921039,MIN/ADA_0.3,-0.0031699999999999506,1000.0,-328.3299999999872,900.0
0.0,997049587050.0,66944.93,50422.47,1644921039,HOSKY/ADA_0.3,0.0,-1000003008.0,67.26999999998952,900.0
0.657312,90910.44,59756.54,1000.5,1644921039,SUNDAE/ADA_0.05,0.0,2274.229999999996,1494.8799999999974,900.0
0.005919,9218227.0,54565.03,12610.82,1644921039,FLICK/ADA_0.3,0.0,0.0,0.0,900.0
0.096524,508894.0,49120.98,9118.69,1644921039,cNETA/ADA_0.3,3.399999999999237e-05,-90.0,8.80000000000291,900.0
0.138095,326978.64,45154.43,1464.5,1644921039,MELD/ADA_1.0,0.0,0.0,0.0,900.0
0.013342,3328437.0,44408.78,3104.71,1644921039,CNFT/ADA_0.3,0.0,0.0,0.0,900.0
0.003054,11077641.48,33840.09,21080.85,1644921039,DRIP/ADA_1.0,-8.700000000000027e-05,4768598.79,14020.019999999997,900.0
0.105867,312683.21,33102.96,6005.39,1644921039,REVU/ADA_0.3,0.0,0.0,0.0,900.0
0.005393,5837730.0,31484.13,2187.88,1644921039,BDOGE/ADA_1.0,0.0,0.0,0.0,900.0
41.945935,718.0,30117.18,7216.41,1644921039,unsi…en/ADA_1.0,0.0,0.0,0.0,900.0
0.017458,1657089.0,28929.51,7443.74,1644921039,QUID/ADA_0.3,0.0,0.0,0.0,900.0
0.000849,33524545.34,28491.08,382.1,1644921039,MONET/ADA_0.3,0.0,0.0,0.0,900.0
0.00075,27864987.0,20911.59,60.6,1644921039,RAG/ADA_1.0,0.0,0.0,0.0,900.0
0.0,291340000774.0,20068.22,1420.28,1644921039,HOSKY/ADA_0.05,0.0,0.0,0.0,900.0
0.1049,188521.31,19775.91,1640.11,1644921039,MINt/ADA_0.05,0.0,-217.67999999999302,-22.830000000001746,900.0
26.585731,736.0,19567.09,4601.19,1644921039,XDIA…ND/ADA_1.0,0.0,0.0,0.0,900.0
0.337089,56851.04,19163.89,0.0,1644921039,MIN/ADA_0.05,0.0,0.0,0.0,900.0
0.016861,1118636.0,18861.63,993.72,1644921039,GOKEY/ADA_0.3,0.0,0.0,0.0,900.0
0.170985,102096.0,17456.98,2308.79,1644921039,SKULL/ADA_1.0,0.0,0.0,0.0,900.0
0.437798,39430.0,17262.39,5289.6,1644921039,CDX/ADA_1.0,0.0,0.0,0.0,900.0
0.039887,427625.0,17057.01,565.68,1644921039,cMETA/ADA_0.3,0.0,0.0,0.0,900.0
2.188129,6532.08,14293.05,0.0,1644921039,DANA/ADA_0.3,0.0,0.0,0.0,900.0
0.000408,32195158.0,13159.99,5313.21,1644921039,KIDZ/ADA_0.3,5.999999999999983e-06,-245776.0,100.0,900.0
0.0,15412483527.0,13150.18,3786.86,1644921039,MEOW/ADA_0.3,0.0,-1168608.0,1.0,900.0
0.302374,42005.11,12701.27,2622.17,1644921039,CARGO/ADA_0.3,0.0,0.0,0.0,900.0
0.109176,97815.0,10679.11,49.65,1644921039,Card…rm/ADA_0.3,0.0,0.0,0.0,900.0
0.768512,13601.98,10453.3,0.0,1644921039,WMT/ADA_1.0,0.0,-43.02000000000044,-33.06000000000131,900.0
0.046783,201383.13,9421.46,0.0,1644921039,cbTHC/ADA_0.3,0.0,0.0,0.0,900.0
100.801593,87.9,8860.54,0.0,1644921039,LQ/ADA_1.0,0.0,0.0,0.0,900.0
0.003002,2945846.44,8844.21,0.0,1644921039,DRIP/ADA_0.3,0.0,0.0,0.0,900.0
0.73284,25593806.45,18756174.96,953049.92,1644921939,SUNDAE/ADA_0.3,1.4000000000069512e-05,221.26999999955297,509.19999999925494,899.0
106.139223,149217.89,15837871.67,1787460.47,1644921939,LQ/ADA_0.3,-0.08526999999999418,59.070000000006985,-6448.720000000671,899.0
0.803823,13592319.87,10925826.34,1431870.6,1644921939,WMT/ADA_0.3,0.00038599999999999746,94094.40999999829,80845.25999999978,899.0
0.135199,9968777.03,1347777.95,434201.42,1644921939,MELD/ADA_0.3,0.00021500000000002073,-11268.070000000298,625.1999999999534,899.0
0.105874,10723998.0,1135401.72,195610.32,1644921939,PAVIA/ADA_0.3,0.00010699999999999599,-5449.0,578.7099999999627,899.0
0.162936,6544251.0,1066300.26,31130.46,1644921939,XRAY/ADA_0.3,-5.1999999999996493e-05,1032.0,-167.6699999999255,899.0
0.339425,2517327.0,854445.71,124147.34,1644921939,ADAX/ADA_0.3,0.0,0.0,0.0,899.0
2.062713,376335.12,776271.48,138725.06,1644921939,AADA/ADA_0.3,0.0,0.0,0.0,899.0
1.630454,328597.79,535763.77,126769.79,1644921939,VYFI/ADA_0.3,0.009893000000000152,-1000.0100000000093,1630.4000000000233,899.0
6.495253,50678.0,329166.44,195267.78,1644921939,MILK/ADA_0.3,-0.06574599999999986,255.0,-1658.820000000007,899.0
0.03513,5610607.47,197101.57,22400.29,1644921939,CLAP/ADA_0.3,0.0,0.0,0.0,899.0
0.111837,1723963.62,192803.43,76711.74,1644921939,MINt/ADA_0.3,-0.0012929999999999886,9894.26000000001,-1109.5200000000186,899.0
2.302469,67916.67,156376.05,80917.31,1644921939,DANA/ADA_0.05,0.1617569999999997,-2518.520000000004,5594.559999999998,899.0
0.0,6825138696516.0,154687.98,1344.73,1644921939,CHRLZ/ADA_0.3,0.0,0.0,0.0,899.0
0.812871,175619.8,142756.35,2799.33,1644921939,WMT/ADA_0.05,0.0,0.0,0.0,899.0
0.005458,21338159.0,116463.92,6041.47,1644921939,RAVE/ADA_1.0,0.0,0.0,0.0,899.0
3.4e-05,3163830652.03,110536.91,1927.71,1644921939,ASHIB/ADA_1.0,0.0,-6195325.789999962,-216.4499999999971,899.0
0.0,97220145896934.0,97712.73,1951.3,1644921939,BISON/ADA_0.3,0.0,0.0,0.0,899.0
0.033065,2702071.0,89344.54,7232.08,1644921939,FIRE/ADA_0.3,0.0,0.0,0.0,899.0
0.352495,200576.4,70702.17,115369.55,1644921939,MIN/ADA_0.3,0.024760999999999977,-7400.220000000001,2541.0999999999913,899.0
0.0,997049587050.0,66944.93,50923.97,1644921939,HOSKY/ADA_0.3,0.0,0.0,0.0,899.0
0.657312,93066.43,61173.69,1000.5,1644921939,SUNDAE/ADA_0.05,0.0,2155.9899999999907,1417.1500000000015,899.0
0.005919,9218227.0,54565.03,12610.82,1644921939,FLICK/ADA_0.3,0.0,0.0,0.0,899.0
0.096524,508894.0,49120.98,9118.69,1644921939,cNETA/ADA_0.3,0.0,0.0,0.0,899.0
0.138095,326978.64,45154.43,1464.5,1644921939,MELD/ADA_1.0,0.0,0.0,0.0,899.0
0.013504,3308437.0,44678.05,3374.79,1644921939,CNFT/ADA_0.3,0.00016200000000000069,-20000.0,269.2700000000041,899.0
0.105867,312683.21,33102.96,6005.39,1644921939,REVU/ADA_0.3,0.0,0.0,0.0,899.0
0.002912,11345641.48,33048.61,21866.29,1644921939,DRIP/ADA_1.0,-0.00014199999999999977,268000.0,-791.4799999999959,899.0
0.005393,5837730.0,31484.13,2187.88,1644921939,BDOGE/ADA_1.0,0.0,0.0,0.0,899.0
41.945935,718.0,30117.18,7216.41,1644921939,unsi…en/ADA_1.0,0.0,0.0,0.0,899.0
0.017458,1657089.0,28929.51,7443.74,1644921939,QUID/ADA_0.3,0.0,0.0,0.0,899.0
0.000849,33524545.34,28491.08,382.1,1644921939,MONET/ADA_0.3,0.0,0.0,0.0,899.0
0.00075,27864987.0,20911.59,60.6,1644921939,RAG/ADA_1.0,0.0,0.0,0.0,899.0
0.0,291340000774.0,20068.22,1420.28,1644921939,HOSKY/ADA_0.05,0.0,0.0,0.0,899.0
0.1049,188521.31,19775.91,1640.11,1644921939,MINt/ADA_0.05,0.0,0.0,0.0,899.0
26.585731,736.0,19567.09,4601.19,1644921939,XDIA…ND/ADA_1.0,0.0,0.0,0.0,899.0
0.337089,56851.04,19163.89,0.0,1644921939,MIN/ADA_0.05,0.0,0.0,0.0,899.0
0.016861,1118636.0,18861.63,993.72,1644921939,GOKEY/ADA_0.3,0.0,0.0,0.0,899.0
0.170985,102096.0,17456.98,2308.79,1644921939,SKULL/ADA_1.0,0.0,0.0,0.0,899.0
0.437798,39430.0,17262.39,5289.6,1644921939,CDX/ADA_1.0,0.0,0.0,0.0,899.0
0.039887,427625.0,17057.01,565.68,1644921939,cMETA/ADA_0.3,0.0,0.0,0.0,899.0
2.188129,6532.08,14293.05,0.0,1644921939,DANA/ADA_0.3,0.0,0.0,0.0,899.0
0.000423,31643781.0,13389.99,5543.9,1644921939,KIDZ/ADA_0.3,1.4999999999999985e-05,-551377.0,230.0,899.0
0.0,15412483527.0,13150.18,3786.86,1644921939,MEOW/ADA_0.3,0.0,0.0,0.0,899.0
0.302374,42005.11,12701.27,2622.17,1644921939,CARGO/ADA_0.3,0.0,0.0,0.0,899.0
0.109176,97815.0,10679.11,49.65,1644921939,Card…rm/ADA_0.3,0.0,0.0,0.0,899.0
0.768512,13726.98,10549.36,0.0,1644921939,WMT/ADA_1.0,0.0,125.0,96.06000000000131,899.0
0.046783,201383.13,9421.46,0.0,1644921939,cbTHC/ADA_0.3,0.0,0.0,0.0,899.0
100.801593,87.9,8860.54,0.0,1644921939,LQ/ADA_1.0,0.0,0.0,0.0,899.0
0.003002,2946846.44,8847.22,0.0,1644921939,DRIP/ADA_0.3,0.0,1000.0,3.0100000000002183,899.0
0.733621,25587178.05,18771302.59,968739.32,1644922840,SUNDAE/ADA_0.3,0.0007809999999999206,-6628.39999999851,15127.629999998957,901.0
106.130066,149225.88,15837353.09,1791794.73,1644922840,LQ/ADA_0.3,-0.009157000000001858,7.989999999990687,-518.5800000000745,901.0
0.803855,13594816.83,10928268.4,1432427.65,1644922840,WMT/ADA_0.3,3.2000000000032e-05,2496.960000000894,2442.0600000005215,901.0
0.135301,9980027.87,1350314.87,434402.02,1644922840,MELD/ADA_0.3,0.00010199999999999099,11250.839999999851,2536.9200000001583,901.0
0.1059,10722972.0,1135573.16,196394.14,1644922840,PAVIA/ADA_0.3,2.5999999999998247e-05,-1026.0,171.43999999994412,901.0
0.162936,6544251.0,1066300.26,31130.46,1644922840,XRAY/ADA_0.3,0.0,0.0,0.0,901.0
0.339425,2517327.0,854445.71,124147.34,1644922840,ADAX/ADA_0.3,0.0,0.0,0.0,901.0
2.057032,376855.18,775203.43,139793.1,1644922840,AADA/ADA_0.3,-0.005681000000000047,520.0599999999977,-1068.0499999999302,901.0
1.63008,328635.55,535702.51,126871.12,1644922840,VYFI/ADA_0.3,-0.0003740000000000965,37.76000000000931,-61.26000000000931,901.0
6.503483,50646.0,329375.44,195477.41,1644922840,MILK/ADA_0.3,0.008230000000000182,-32.0,209.0,901.0
0.03513,5610607.47,197101.57,22086.8,1644922840,CLAP/ADA_0.3,0.0,0.0,0.0,901.0
0.112097,1721963.61,193028.04,75497.67,1644922840,MINt/ADA_0.3,0.00025999999999999635,-2000.0100000000093,224.61000000001513,901.0
0.0,6825138696516.0,154687.98,1344.23,1644922840,CHRLZ/ADA_0.3,0.0,0.0,0.0,901.0
2.199598,69487.21,152843.99,86229.13,1644922840,DANA/ADA_0.05,-0.10287099999999993,1570.5400000000081,-3532.0599999999977,901.0
0.812871,175619.8,142756.35,2799.33,1644922840,WMT/ADA_0.05,0.0,0.0,0.0,901.0
0.005458,21338159.0,116463.92,6041.47,1644922840,RAVE/ADA_1.0,0.0,0.0,0.0,901.0
3.4e-05,3166030652.03,110613.77,1910.85,1644922840,ASHIB/ADA_1.0,0.0,2200000.0,76.86000000000058,901.0
0.0,97220145896934.0,97712.73,1941.27,1644922840,BISON/ADA_0.3,0.0,0.0,0.0,901.0
0.033065,2702071.0,89344.54,3722.85,1644922840,FIRE/ADA_0.3,0.0,0.0,0.0,901.0
0.323677,209328.31,67754.92,115117.12,1644922840,MIN/ADA_0.3,-0.02881800000000001,8751.910000000003,-2947.25,901.0
0.0,989680015882.0,67444.93,45739.25,1644922840,HOSKY/ADA_0.3,0.0,-7369571168.0,500.0,901.0
0.657312,93685.17,61580.4,1000.5,1644922840,SUNDAE/ADA_0.05,0.0,618.7400000000052,406.7099999999991,901.0
0.005919,9218227.0,54565.03,12610.82,1644922840,FLICK/ADA_0.3,0.0,0.0,0.0,901.0
0.096524,508894.0,49120.98,9018.39,1644922840,cNETA/ADA_0.3,0.0,0.0,0.0,901.0
0.138095,326978.64,45154.43,1464.5,1644922840,MELD/ADA_1.0,0.0,0.0,0.0,901.0
0.013504,3308437.0,44678.05,3274.49,1644922840,CNFT/ADA_0.3,0.0,0.0,0.0,901.0
0.107798,309874.03,33403.96,6307.3,1644922840,REVU/ADA_0.3,0.0019310000000000022,-2809.179999999993,301.0,901.0
0.002896,11378641.48,32953.72,21802.63,1644922840,DRIP/ADA_1.0,-1.5999999999999955e-05,33000.0,-94.88999999999942,901.0
0.005393,5837730.0,31484.13,2187.37,1644922840,BDOGE/ADA_1.0,0.0,0.0,0.0,901.0
41.945935,718.0,30117.18,7216.41,1644922840,unsi…en/ADA_1.0,0.0,0.0,0.0,901.0
0.017458,1657089.0,28929.51,7443.74,1644922840,QUID/ADA_0.3,0.0,0.0,0.0,901.0
0.000849,33524545.34,28491.08,382.1,1644922840,MONET/ADA_0.3,0.0,0.0,0.0,901.0
0.00075,27864987.0,20911.59,60.6,1644922840,RAG/ADA_1.0,0.0,0.0,0.0,901.0
0.0,291340000774.0,20068.22,1420.28,1644922840,HOSKY/ADA_0.05,0.0,0.0,0.0,901.0
0.1049,187997.44,19720.95,1640.11,1644922840,MINt/ADA_0.05,0.0,-523.8699999999953,-54.95999999999913,901.0
26.585731,736.0,19567.09,4601.19,1644922840,XDIA…ND/ADA_1.0,0.0,0.0,0.0,901.0
0.337089,56851.04,19163.89,0.0,1644922840,MIN/ADA_0.05,0.0,0.0,0.0,901.0
0.016861,1118636.0,18861.63,993.72,1644922840,GOKEY/ADA_0.3,0.0,0.0,0.0,901.0
0.170985,102096.0,17456.98,2308.79,1644922840,SKULL/ADA_1.0,0.0,0.0,0.0,901.0
0.437798,39430.0,17262.39,3252.09,1644922840,CDX/ADA_1.0,0.0,0.0,0.0,901.0
0.039887,427625.0,17057.01,565.68,1644922840,cMETA/ADA_0.3,0.0,0.0,0.0,901.0
2.188129,6587.41,14414.11,0.0,1644922840,DANA/ADA_0.3,0.0,55.32999999999993,121.06000000000131,901.0
0.000423,31643781.0,13389.99,5543.9,1644922840,KIDZ/ADA_0.3,0.0,0.0,0.0,901.0
0.0,15412483527.0,13150.18,3786.86,1644922840,MEOW/ADA_0.3,0.0,0.0,0.0,901.0
0.302374,42005.11,12701.27,2296.08,1644922840,CARGO/ADA_0.3,0.0,0.0,0.0,901.0
0.109176,97815.0,10679.11,49.65,1644922840,Card…rm/ADA_0.3,0.0,0.0,0.0,901.0
0.768512,13726.98,10549.36,0.0,1644922840,WMT/ADA_1.0,0.0,0.0,0.0,901.0
0.046783,201383.13,9421.46,0.0,1644922840,cbTHC/ADA_0.3,0.0,0.0,0.0,901.0
100.801593,87.9,8860.54,0.0,1644922840,LQ/ADA_1.0,0.0,0.0,0.0,901.0
0.003002,2946846.44,8847.22,0.0,1644922840,DRIP/ADA_0.3,0.0,0.0,0.0,901.0
0.733948,25591484.43,18782832.81,871575.94,1644923739,SUNDAE/ADA_0.3,0.00032700000000007723,4306.379999998957,11530.219999998808,899.0
106.18921,149238.85,15847556.55,1780145.93,1644923739,LQ/ADA_0.3,0.059144000000003416,12.970000000001164,10203.460000000894,899.0
0.803933,13594169.05,10928806.82,1419380.58,1644923739,WMT/ADA_0.3,7.80000000000225e-05,-647.7799999993294,538.4199999999255,899.0
0.135395,9976782.0,1350812.8,410087.8,1644923739,MELD/ADA_0.3,9.399999999998299e-05,-3245.8699999991804,497.9299999999348,899.0
0.10761,10637635.0,1144720.6,203890.35,1644923739,PAVIA/ADA_0.3,0.0017100000000000032,-85337.0,9147.440000000177,899.0
0.163028,6542416.0,1066600.26,31431.36,1644923739,XRAY/ADA_0.3,9.200000000000874e-05,-1835.0,300.0,899.0
0.339425,2517327.0,854445.71,102366.76,1644923739,ADAX/ADA_0.3,0.0,0.0,0.0,899.0
2.057032,376855.18,775203.43,127356.61,1644923739,AADA/ADA_0.3,0.0,0.0,0.0,899.0
1.620048,329653.07,534053.94,122700.71,1644923739,VYFI/ADA_0.3,-0.010032000000000041,1017.5200000000186,-1648.5700000000652,899.0
6.490681,50696.0,329051.56,194261.8,1644923739,MILK/ADA_0.3,-0.012801999999999758,50.0,-323.88000000000466,899.0
0.03513,5610607.47,197101.57,22086.8,1644923739,CLAP/ADA_0.3,0.0,0.0,0.0,899.0
0.110717,1732677.5,191838.02,76687.69,1644923739,MINt/ADA_0.3,-0.0013800000000000062,10713.889999999898,-1190.0200000000186,899.0
0.0,6825138696516.0,154687.98,1344.23,1644923739,CHRLZ/ADA_0.3,0.0,0.0,0.0,899.0
2.184146,69732.72,152306.47,86867.7,1644923739,DANA/ADA_0.05,-0.0154519999999998,245.50999999999476,-537.5199999999895,899.0
0.812871,175619.8,142756.35,2799.33,1644923739,WMT/ADA_0.05,0.0,0.0,0.0,899.0
0.005467,21320036.0,116563.92,6142.47,1644923739,RAVE/ADA_1.0,8.99999999999946e-06,-18123.0,100.0,899.0
3.4e-05,3168530652.03,110701.11,1947.04,1644923739,ASHIB/ADA_1.0,0.0,2500000.0,87.33999999999651,899.0
0.0,97220145896934.0,97712.73,1941.27,1644923739,BISON/ADA_0.3,0.0,0.0,0.0,899.0
0.033065,2702071.0,89344.54,3722.85,1644923739,FIRE/ADA_0.3,0.0,0.0,0.0,899.0
0.0,987936182270.0,67564.45,45894.12,1644923739,HOSKY/ADA_0.3,0.0,-1743833612.0,119.52000000000407,899.0
0.320572,210341.36,67429.56,115442.47,1644923739,MIN/ADA_0.3,-0.003104999999999969,1013.0499999999884,-325.3600000000006,899.0
0.657312,93685.17,61580.4,1000.5,1644923739,SUNDAE/ADA_0.05,0.0,0.0,0.0,899.0
0.005919,9218227.0,54565.03,12610.82,1644923739,FLICK/ADA_0.3,0.0,0.0,0.0,899.0
0.096524,508894.0,49120.98,9018.39,1644923739,cNETA/ADA_0.3,0.0,0.0,0.0,899.0
0.138095,326978.64,45154.43,1464.5,1644923739,MELD/ADA_1.0,0.0,0.0,0.0,899.0
0.013504,3308437.0,44678.05,3274.49,1644923739,CNFT/ADA_0.3,0.0,0.0,0.0,899.0
0.107798,309874.03,33403.96,6307.3,1644923739,REVU/ADA_0.3,0.0,0.0,0.0,899.0
0.002874,11420641.48,32833.74,21922.61,1644923739,DRIP/ADA_1.0,-2.2000000000000318e-05,42000.0,-119.9800000000032,899.0
0.005393,5837730.0,31484.13,2187.37,1644923739,BDOGE/ADA_1.0,0.0,0.0,0.0,899.0
41.945935,718.0,30117.18,7216.41,1644923739,unsi…en/ADA_1.0,0.0,0.0,0.0,899.0
0.017458,1657089.0,28929.51,7443.74,1644923739,QUID/ADA_0.3,0.0,0.0,0.0,899.0
0.000849,33524545.34,28491.08,382.1,1644923739,MONET/ADA_0.3,0.0,0.0,0.0,899.0
0.00075,27864987.0,20911.59,60.6,1644923739,RAG/ADA_1.0,0.0,0.0,0.0,899.0
0.0,291340000774.0,20068.22,1420.28,1644923739,HOSKY/ADA_0.05,0.0,0.0,0.0,899.0
0.1049,187997.44,19720.95,1640.11,1644923739,MINt/ADA_0.05,0.0,0.0,0.0,899.0
26.585731,736.0,19567.09,4601.19,1644923739,XDIA…ND/ADA_1.0,0.0,0.0,0.0,899.0
0.337089,56851.04,19163.89,0.0,1644923739,MIN/ADA_0.05,0.0,0.0,0.0,899.0
0.016861,1118636.0,18861.63,993.72,1644923739,GOKEY/ADA_0.3,0.0,0.0,0.0,899.0
0.170985,102096.0,17456.98,2308.79,1644923739,SKULL/ADA_1.0,0.0,0.0,0.0,899.0
0.437798,39430.0,17262.39,3252.09,1644923739,CDX/ADA_1.0,0.0,0.0,0.0,899.0
0.039887,427625.0,17057.01,565.68,1644923739,cMETA/ADA_0.3,0.0,0.0,0.0,899.0
2.188129,6587.41,14414.11,0.0,1644923739,DANA/ADA_0.3,0.0,0.0,0.0,899.0
0.000435,31179466.0,13589.99,5744.5,1644923739,KIDZ/ADA_0.3,1.200000000000002e-05,-464315.0,200.0,899.0
0.0,15412483527.0,13150.18,3786.86,1644923739,MEOW/ADA_0.3,0.0,0.0,0.0,899.0
0.302374,42005.11,12701.27,2296.08,1644923739,CARGO/ADA_0.3,0.0,0.0,0.0,899.0
0.109176,97815.0,10679.11,49.65,1644923739,Card…rm/ADA_0.3,0.0,0.0,0.0,899.0
0.768512,13602.23,10453.49,0.0,1644923739,WMT/ADA_1.0,0.0,-124.75,-95.8700000000008,899.0
0.046783,201383.13,9421.46,0.0,1644923739,cbTHC/ADA_0.3,0.0,0.0,0.0,899.0
0.003002,2954846.44,8871.23,0.0,1644923739,DRIP/ADA_0.3,0.0,8000.0,24.01000000000022,899.0
100.801593,87.9,8860.54,0.0,1644923739,LQ/ADA_1.0,0.0,0.0,0.0,899.0
0.734087,25598876.86,18791811.82,873360.35,1644924639,SUNDAE/ADA_0.3,0.00013900000000000023,7392.429999999702,8979.01000000164,899.0
106.192125,149236.81,15847774.42,1780417.8,1644924639,LQ/ADA_0.3,0.0029150000000015552,-2.040000000008149,217.86999999918044,899.0
0.803933,13594340.58,10928944.72,1419380.58,1644924639,WMT/ADA_0.3,0.0,171.52999999932945,137.90000000037253,899.0
0.135397,9977998.15,1350991.37,411178.45,1644924639,MELD/ADA_0.3,2.000000000002e-06,1216.1500000003725,178.5700000000652,899.0
0.107308,10652635.0,1143113.55,205497.4,1644924639,PAVIA/ADA_0.3,-0.0003019999999999967,15000.0,-1607.0500000000466,899.0
0.163028,6542416.0,1066600.26,31431.36,1644924639,XRAY/ADA_0.3,0.0,0.0,0.0,899.0
0.339822,2515885.0,854954.19,102868.26,1644924639,ADAX/ADA_0.3,0.0003970000000000362,-1442.0,508.4799999999814,899.0
2.053913,377142.31,774617.64,128823.72,1644924639,AADA/ADA_0.3,-0.003118999999999872,287.13000000000466,-585.7900000000373,899.0
1.625525,329098.07,534957.29,123606.78,1644924639,VYFI/ADA_0.3,0.005477000000000176,-555.0,903.3500000000931,899.0
6.452498,50846.0,328083.74,195229.62,1644924639,MILK/ADA_0.3,-0.03818300000000008,150.0,-967.820000000007,899.0
0.03513,5610607.47,197101.57,22086.8,1644924639,CLAP/ADA_0.3,0.0,0.0,0.0,899.0
0.11156,1726128.78,192568.02,77419.88,1644924639,MINt/ADA_0.3,0.0008430000000000104,-6548.719999999972,730.0,899.0
0.0,6825138696516.0,154687.98,1344.23,1644924639,CHRLZ/ADA_0.3,0.0,0.0,0.0,899.0
2.172537,69918.82,151901.28,87272.89,1644924639,DANA/ADA_0.05,-0.01160899999999998,186.10000000000582,-405.1900000000023,899.0
0.812871,175619.8,142756.35,2799.33,1644924639,WMT/ADA_0.05,0.0,0.0,0.0,899.0
0.005419,21415291.0,116050.6,6655.79,1644924639,RAVE/ADA_1.0,-4.799999999999943e-05,95255.0,-513.3199999999924,899.0
3.4e-05,3168530652.03,110701.11,1947.04,1644924639,ASHIB/ADA_1.0,0.0,0.0,0.0,899.0
0.0,97209235408203.0,97723.73,1952.3,1644924639,BISON/ADA_0.3,0.0,-10910488731.0,11.0,899.0
0.033065,2702071.0,89344.54,3722.85,1644924639,FIRE/ADA_0.3,0.0,0.0,0.0,899.0
0.0,967987467429.0,68968.38,47298.66,1644924639,HOSKY/ADA_0.3,0.0,-19948714841.0,1403.9300000000076,899.0
0.320572,211841.36,67910.42,115442.47,1644924639,MIN/ADA_0.3,0.0,1500.0,480.8600000000006,899.0
0.657312,93303.01,61329.2,1000.5,1644924639,SUNDAE/ADA_0.05,0.0,-382.1600000000035,-251.20000000000437,899.0
0.005919,9218227.0,54565.03,12610.82,1644924639,FLICK/ADA_0.3,0.0,0.0,0.0,899.0
0.096791,508193.0,49188.98,9086.59,1644924639,cNETA/ADA_0.3,0.00026700000000000335,-701.0,68.0,899.0
0.138095,326978.64,45154.43,1464.5,1644924639,MELD/ADA_1.0,0.0,0.0,0.0,899.0
0.013504,3308437.0,44678.05,3274.49,1644924639,CNFT/ADA_0.3,0.0,0.0,0.0,899.0
0.107798,309874.03,33403.96,6307.3,1644924639,REVU/ADA_0.3,0.0,0.0,0.0,899.0
0.00287,11433641.48,32825.36,21945.37,1644924639,DRIP/ADA_1.0,-3.9999999999996635e-06,13000.0,-8.37999999999738,899.0
0.005393,5837730.0,31484.13,2187.37,1644924639,BDOGE/ADA_1.0,0.0,0.0,0.0,899.0
41.945935,718.0,30117.18,7216.41,1644924639,unsi…en/ADA_1.0,0.0,0.0,0.0,899.0
0.017458,1657089.0,28929.51,7443.74,1644924639,QUID/ADA_0.3,0.0,0.0,0.0,899.0
0.000849,33524545.34,28491.08,382.1,1644924639,MONET/ADA_0.3,0.0,0.0,0.0,899.0
0.00075,27864987.0,20911.59,60.6,1644924639,RAG/ADA_1.0,0.0,0.0,0.0,899.0
0.0,291340000774.0,20068.22,1420.28,1644924639,HOSKY/ADA_0.05,0.0,0.0,0.0,899.0
0.1049,187997.44,19720.95,1640.11,1644924639,MINt/ADA_0.05,0.0,0.0,0.0,899.0
26.585731,736.0,19567.09,4601.19,1644924639,XDIA…ND/ADA_1.0,0.0,0.0,0.0,899.0
0.337089,56851.04,19163.89,0.0,1644924639,MIN/ADA_0.05,0.0,0.0,0.0,899.0
0.016861,1118636.0,18861.63,993.72,1644924639,GOKEY/ADA_0.3,0.0,0.0,0.0,899.0
0.170985,102096.0,17456.98,2308.79,1644924639,SKULL/ADA_1.0,0.0,0.0,0.0,899.0
0.437798,39470.0,17279.9,3252.09,1644924639,CDX/ADA_1.0,0.0,40.0,17.510000000002037,899.0
0.039887,427625.0,17057.01,565.68,1644924639,cMETA/ADA_0.3,0.0,0.0,0.0,899.0
2.188129,6587.41,14414.11,0.0,1644924639,DANA/ADA_0.3,0.0,0.0,0.0,899.0
0.000435,31179466.0,13589.99,5744.5,1644924639,KIDZ/ADA_0.3,0.0,0.0,0.0,899.0
0.0,15413448860.0,13151.0,3786.86,1644924639,MEOW/ADA_0.3,0.0,965333.0,0.819999999999709,899.0
0.302374,42005.11,12701.27,2296.08,1644924639,CARGO/ADA_0.3,0.0,0.0,0.0,899.0
0.109176,97815.0,10679.11,49.65,1644924639,Card…rm/ADA_0.3,0.0,0.0,0.0,899.0
0.768512,13602.23,10453.49,0.0,1644924639,WMT/ADA_1.0,0.0,0.0,0.0,899.0
0.046783,201383.13,9421.46,0.0,1644924639,cbTHC/ADA_0.3,0.0,0.0,0.0,899.0
0.003002,2954846.44,8871.23,0.0,1644924639,DRIP/ADA_0.3,0.0,0.0,0.0,899.0
100.801593,87.9,8860.54,0.0,1644924639,LQ/ADA_1.0,0.0,0.0,0.0,899.0
0.734107,25599791.4,18793008.61,874072.04,1644925539,SUNDAE/ADA_0.3,1.999999999990898e-05,914.5399999991059,1196.789999999106,900.0
106.185893,149252.53,15848514.16,1783348.39,1644925539,LQ/ADA_0.3,-0.00623200000001134,15.720000000001164,739.7400000002235,900.0
0.804118,13592777.98,10930204.87,1420644.52,1644925539,WMT/ADA_0.3,0.00018499999999999073,-1562.5999999996275,1260.1499999985099,900.0
0.134995,10470485.46,1413463.58,413324.18,1644925539,MELD/ADA_0.3,-0.0004019999999999857,492487.3100000005,62472.20999999996,900.0
0.10761,10637678.0,1144725.86,207114.55,1644925539,PAVIA/ADA_0.3,0.0003019999999999967,-14957.0,1612.3100000000559,900.0
0.163028,6543322.0,1066747.96,31431.36,1644925539,XRAY/ADA_0.3,0.0,906.0,147.69999999995343,900.0
0.339822,2515885.0,854954.19,102868.26,1644925539,ADAX/ADA_0.3,0.0,0.0,0.0,900.0
2.053913,377142.31,774617.64,128823.72,1644925539,AADA/ADA_0.3,0.0,0.0,0.0,900.0
1.625525,329098.07,534957.29,123606.78,1644925539,VYFI/ADA_0.3,0.0,0.0,0.0,900.0
6.460373,50816.0,328290.33,195436.84,1644925539,MILK/ADA_0.3,0.00787499999999941,-30.0,206.5900000000256,900.0
0.03513,5610607.47,197101.57,22086.8,1644925539,CLAP/ADA_0.3,0.0,0.0,0.0,900.0
0.112139,1721671.89,193068.02,77921.38,1644925539,MINt/ADA_0.3,0.0005789999999999962,-4456.89000000013,500.0,900.0
0.0,6825138696516.0,154687.98,1344.23,1644925539,CHRLZ/ADA_0.3,0.0,0.0,0.0,900.0
2.215645,69235.48,153401.28,88773.64,1644925539,DANA/ADA_0.05,0.0431079999999997,-683.3400000000111,1500.0,900.0
0.812871,175619.8,142756.35,2799.33,1644925539,WMT/ADA_0.05,0.0,0.0,0.0,900.0
0.005419,21415291.0,116050.6,6655.79,1644925539,RAVE/ADA_1.0,0.0,0.0,0.0,900.0
3.4e-05,3166530639.28,110771.74,2018.37,1644925539,ASHIB/ADA_1.0,0.0,-2000012.75,70.63000000000466,900.0
0.0,97209235408203.0,97723.73,1952.3,1644925539,BISON/ADA_0.3,0.0,0.0,0.0,900.0
0.033065,2702071.0,89344.54,3722.85,1644925539,FIRE/ADA_0.3,0.0,0.0,0.0,900.0
0.0,967987467429.0,68968.38,47298.66,1644925539,HOSKY/ADA_0.3,0.0,0.0,0.0,900.0
0.317297,214995.54,68217.53,115793.05,1644925539,MIN/ADA_0.3,-0.003275000000000028,3154.180000000022,307.1100000000006,900.0
0.657312,93592.87,61519.73,1000.5,1644925539,SUNDAE/ADA_0.05,0.0,289.8600000000006,190.5300000000061,900.0
0.005919,9218227.0,54565.03,12610.82,1644925539,FLICK/ADA_0.3,0.0,0.0,0.0,900.0
0.096791,508193.0,49188.98,9086.59,1644925539,cNETA/ADA_0.3,0.0,0.0,0.0,900.0
0.138095,326978.64,45154.43,1464.5,1644925539,MELD/ADA_1.0,0.0,0.0,0.0,900.0
0.013669,3288437.0,44950.6,3547.85,1644925539,CNFT/ADA_0.3,0.00016500000000000022,-20000.0,272.54999999999563,900.0
0.107694,310024.03,33387.84,6323.41,1644925539,REVU/ADA_0.3,-0.00010400000000000686,150.0,-16.12000000000262,900.0
0.002865,11441781.84,32791.62,21973.77,1644925539,DRIP/ADA_1.0,-5.00000000000023e-06,8140.359999999404,-33.73999999999796,900.0
0.005393,5837730.0,31484.13,2187.37,1644925539,BDOGE/ADA_1.0,0.0,0.0,0.0,900.0
41.945935,718.0,30117.18,7216.41,1644925539,unsi…en/ADA_1.0,0.0,0.0,0.0,900.0
0.017458,1657089.0,28929.51,7443.74,1644925539,QUID/ADA_0.3,0.0,0.0,0.0,900.0
0.000849,33524545.34,28491.08,382.1,1644925539,MONET/ADA_0.3,0.0,0.0,0.0,900.0
0.00075,27864987.0,20911.59,60.6,1644925539,RAG/ADA_1.0,0.0,0.0,0.0,900.0
0.0,291340000774.0,20068.22,1420.28,1644925539,HOSKY/ADA_0.05,0.0,0.0,0.0,900.0
0.1049,187997.44,19720.95,1640.11,1644925539,MINt/ADA_0.05,0.0,0.0,0.0,900.0
26.585731,736.0,19567.09,4601.19,1644925539,XDIA…ND/ADA_1.0,0.0,0.0,0.0,900.0
0.337089,56851.04,19163.89,0.0,1644925539,MIN/ADA_0.05,0.0,0.0,0.0,900.0
0.016861,1118636.0,18861.63,993.72,1644925539,GOKEY/ADA_0.3,0.0,0.0,0.0,900.0
0.170985,102096.0,17456.98,2308.79,1644925539,SKULL/ADA_1.0,0.0,0.0,0.0,900.0
0.437798,39470.0,17279.9,3252.09,1644925539,CDX/ADA_1.0,0.0,0.0,0.0,900.0
0.039887,427625.0,17057.01,565.68,1644925539,cMETA/ADA_0.3,0.0,0.0,0.0,900.0
2.188129,6587.41,14414.11,0.0,1644925539,DANA/ADA_0.3,0.0,0.0,0.0,900.0
0.000441,31978930.0,14110.85,5829.76,1644925539,KIDZ/ADA_0.3,5.999999999999983e-06,799464.0,520.8600000000006,900.0
0.0,15413448860.0,13151.0,3786.86,1644925539,MEOW/ADA_0.3,0.0,0.0,0.0,900.0
0.302374,42005.11,12701.27,2296.08,1644925539,CARGO/ADA_0.3,0.0,0.0,0.0,900.0
0.109176,97815.0,10679.11,49.65,1644925539,Card…rm/ADA_0.3,0.0,0.0,0.0,900.0
0.768512,13602.23,10453.49,0.0,1644925539,WMT/ADA_1.0,0.0,0.0,0.0,900.0
0.046783,201383.13,9421.46,0.0,1644925539,cbTHC/ADA_0.3,0.0,0.0,0.0,900.0
0.003002,2955846.44,8874.24,0.0,1644925539,DRIP/ADA_0.3,0.0,1000.0,3.0100000000002183,900.0
100.801593,87.9,8860.54,0.0,1644925539,LQ/ADA_1.0,0.0,0.0,0.0,900.0
0.7344,25596728.35,18798250.56,847449.52,1644926439,SUNDAE/ADA_0.3,0.00029300000000009874,-3063.0499999970198,5241.949999999255,900.0
106.053485,149358.09,15839946.34,1789022.45,1644926439,LQ/ADA_0.3,-0.13240799999999808,105.55999999999767,-8567.820000000298,900.0
0.804615,13588828.27,10933777.66,1375862.81,1644926439,WMT/ADA_0.3,0.0004969999999999697,-3949.710000000894,3572.7900000009686,900.0
0.134959,10471869.07,1413277.47,406443.22,1644926439,MELD/ADA_0.3,-3.600000000000825e-05,1383.609999999404,-186.11000000010245,900.0
0.108363,10600730.0,1148727.83,210158.89,1644926439,PAVIA/ADA_0.3,0.0007530000000000037,-36948.0,4001.969999999972,900.0
0.163028,6543322.0,1066747.96,31431.36,1644926439,XRAY/ADA_0.3,0.0,0.0,0.0,900.0
0.339981,2515299.0,855154.19,101252.31,1644926439,ADAX/ADA_0.3,0.00015899999999996473,-586.0,200.0,900.0
2.049028,377611.75,773737.09,126223.22,1644926439,AADA/ADA_0.3,-0.00488500000000025,469.4400000000023,-880.5500000000466,900.0
1.623546,329298.85,534632.1,76105.27,1644926439,VYFI/ADA_0.3,-0.001979000000000175,200.77999999996973,-325.19000000006054,900.0
6.465476,50796.0,328420.33,194182.22,1644926439,MILK/ADA_0.3,0.00510300000000008,-20.0,130.0,900.0
0.034881,5630607.47,196403.55,22501.63,1644926439,CLAP/ADA_0.3,-0.0002489999999999992,20000.0,-698.0200000000186,900.0
0.112139,1721671.89,193068.02,75352.97,1644926439,MINt/ADA_0.3,0.0,0.0,0.0,900.0
0.0,6825138696516.0,154687.98,1344.23,1644926439,CHRLZ/ADA_0.3,0.0,0.0,0.0,900.0
2.193418,69585.48,152630.09,80766.79,1644926439,DANA/ADA_0.05,-0.022226999999999997,350.0,-771.1900000000023,900.0
0.812871,175619.8,142756.35,2799.33,1644926439,WMT/ADA_0.05,0.0,0.0,0.0,900.0
0.005419,21415291.0,116050.6,6650.18,1644926439,RAVE/ADA_1.0,0.0,0.0,0.0,900.0
3.4e-05,3166530639.28,110771.74,2008.27,1644926439,ASHIB/ADA_1.0,0.0,0.0,0.0,900.0
0.0,97209235408203.0,97723.73,1952.3,1644926439,BISON/ADA_0.3,0.0,0.0,0.0,900.0
0.033163,2698072.0,89477.39,3856.11,1644926439,FIRE/ADA_0.3,9.800000000000086e-05,-3999.0,132.85000000000582,900.0
0.0,962837554794.0,69338.38,39541.08,1644926439,HOSKY/ADA_0.3,0.0,-5149912635.0,370.0,900.0
0.314113,219614.47,68983.79,113114.37,1644926439,MIN/ADA_0.3,-0.00318400000000002,4618.929999999993,766.2599999999948,900.0
0.657312,94314.67,61994.18,1000.5,1644926439,SUNDAE/ADA_0.05,0.0,721.8000000000029,474.4499999999971,900.0
0.005932,9208228.0,54624.46,12630.31,1644926439,FLICK/ADA_0.3,1.299999999999999e-05,-9999.0,59.43000000000029,900.0
0.096791,508193.0,49188.98,8602.37,1644926439,cNETA/ADA_0.3,0.0,0.0,0.0,900.0
0.138095,326978.64,45154.43,1464.5,1644926439,MELD/ADA_1.0,0.0,0.0,0.0,900.0
0.013669,3288437.0,44950.6,1461.72,1644926439,CNFT/ADA_0.3,0.0,0.0,0.0,900.0
0.107694,310024.03,33387.84,6323.41,1644926439,REVU/ADA_0.3,0.0,0.0,0.0,900.0
0.002863,11445781.84,32780.28,19956.14,1644926439,DRIP/ADA_1.0,-1.9999999999998318e-06,4000.0,-11.340000000003783,900.0
0.005487,5787727.0,31758.88,2464.88,1644926439,BDOGE/ADA_1.0,9.399999999999947e-05,-50003.0,274.75,900.0
41.945935,718.0,30117.18,7120.46,1644926439,unsi…en/ADA_1.0,0.0,0.0,0.0,900.0
0.017458,1657089.0,28929.51,7180.61,1644926439,QUID/ADA_0.3,0.0,0.0,0.0,900.0
0.000849,33524545.34,28491.08,382.1,1644926439,MONET/ADA_0.3,0.0,0.0,0.0,900.0
0.00075,27864987.0,20911.59,60.6,1644926439,RAG/ADA_1.0,0.0,0.0,0.0,900.0
0.0,291340000774.0,20068.22,1420.28,1644926439,HOSKY/ADA_0.05,0.0,0.0,0.0,900.0
0.1049,187997.44,19720.95,1640.11,1644926439,MINt/ADA_0.05,0.0,0.0,0.0,900.0
26.694441,735.0,19620.41,4655.04,1644926439,XDIA…ND/ADA_1.0,0.10871000000000208,-1.0,53.31999999999971,900.0
0.337089,56851.04,19163.89,0.0,1644926439,MIN/ADA_0.05,0.0,0.0,0.0,900.0
0.016861,1118636.0,18861.63,993.72,1644926439,GOKEY/ADA_0.3,0.0,0.0,0.0,900.0
0.170985,102096.0,17456.98,2308.79,1644926439,SKULL/ADA_1.0,0.0,0.0,0.0,900.0
0.437798,39470.0,17279.9,1565.58,1644926439,CDX/ADA_1.0,0.0,0.0,0.0,900.0
0.039887,427625.0,17057.01,565.68,1644926439,cMETA/ADA_0.3,0.0,0.0,0.0,900.0
2.188129,6587.41,14414.11,0.0,1644926439,DANA/ADA_0.3,0.0,0.0,0.0,900.0
0.000449,31678923.0,14244.89,5964.19,1644926439,KIDZ/ADA_0.3,8.000000000000032e-06,-300007.0,134.03999999999905,900.0
0.0,15413448860.0,13151.0,3887.16,1644926439,MEOW/ADA_0.3,0.0,0.0,0.0,900.0
0.302374,42005.11,12701.27,2260.98,1644926439,CARGO/ADA_0.3,0.0,0.0,0.0,900.0
0.109176,97815.0,10679.11,49.65,1644926439,Card…rm/ADA_0.3,0.0,0.0,0.0,900.0
0.768512,13602.23,10453.49,0.0,1644926439,WMT/ADA_1.0,0.0,0.0,0.0,900.0
0.046783,201383.13,9421.46,0.0,1644926439,cbTHC/ADA_0.3,0.0,0.0,0.0,900.0
0.003002,2955846.44,8874.24,0.0,1644926439,DRIP/ADA_0.3,0.0,0.0,0.0,900.0
100.801593,87.9,8860.54,0.0,1644926439,LQ/ADA_1.0,0.0,0.0,0.0,900.0
0.734592,25599189.28,18804963.97,851040.0,1644927339,SUNDAE/ADA_0.3,0.00019199999999996997,2460.929999999702,6713.410000000149,899.0
106.059346,149356.98,15840704.21,1790206.28,1644927339,LQ/ADA_0.3,0.005861000000010108,-1.1099999999860302,757.8700000010431,899.0
0.804658,13595087.09,10939405.47,1376160.01,1644927339,WMT/ADA_0.3,4.300000000001525e-05,6258.820000000298,5627.8100000005215,899.0
0.133932,10512756.88,1407997.02,412331.82,1644927339,MELD/ADA_0.3,-0.0010270000000000001,40887.81000000052,-5280.449999999953,899.0
0.108159,10610730.0,1147648.47,211238.25,1644927339,PAVIA/ADA_0.3,-0.00020399999999999585,10000.0,-1079.3600000001024,899.0
0.162822,6547465.0,1066075.89,32383.86,1644927339,XRAY/ADA_0.3,-0.00020600000000001173,4143.0,-672.0700000000652,899.0
0.339981,2515299.0,855154.19,101276.38,1644927339,ADAX/ADA_0.3,0.0,0.0,0.0,899.0
2.049136,377601.75,773757.64,126745.34,1644927339,AADA/ADA_0.3,0.00010799999999999699,-10.0,20.550000000046566,899.0
1.6172,329945.33,533587.69,77149.68,1644927339,VYFI/ADA_0.3,-0.006345999999999963,646.4800000000396,-1044.4100000000326,899.0
6.465476,50796.0,328420.33,194182.22,1644927339,MILK/ADA_0.3,0.0,0.0,0.0,899.0
0.112453,1750709.28,196873.6,75624.1,1644927339,MINt/ADA_0.3,0.00031399999999999484,29037.39000000013,3805.5800000000163,899.0
0.034881,5630607.47,196403.55,22501.63,1644927339,CLAP/ADA_0.3,0.0,0.0,0.0,899.0
0.0,6825138696516.0,154687.98,1344.23,1644927339,CHRLZ/ADA_0.3,0.0,0.0,0.0,899.0
2.184024,69735.02,152303.02,81247.9,1644927339,DANA/ADA_0.05,-0.009393999999999902,149.54000000000815,-327.070000000007,899.0
0.812871,175752.43,142864.16,2799.33,1644927339,WMT/ADA_0.05,0.0,132.63000000000466,107.80999999999767,899.0
0.005419,21413830.0,116058.6,6658.26,1644927339,RAVE/ADA_1.0,0.0,-1461.0,8.0,899.0
3.4e-05,3166529092.81,110771.69,2008.27,1644927339,ASHIB/ADA_1.0,0.0,-1546.4700002670288,-0.05000000000291038,899.0
0.0,97209235408203.0,97723.73,1952.3,1644927339,BISON/ADA_0.3,0.0,0.0,0.0,899.0
0.033163,2698072.0,89477.39,3856.11,1644927339,FIRE/ADA_0.3,0.0,0.0,0.0,899.0
0.317121,216414.71,68629.66,113445.36,1644927339,MIN/ADA_0.3,0.0030080000000000107,-3199.7600000000093,-354.1299999999901,899.0
0.0,957698230390.0,68089.83,42722.87,1644927339,HOSKY/ADA_0.3,0.0,-5139324404.0,-1248.550000000003,899.0
0.657312,94624.37,62197.74,1000.5,1644927339,SUNDAE/ADA_0.05,0.0,309.6999999999971,203.55999999999767,899.0
0.783333,73415.06,57508.46,0.0,1644927339,SUNDAE/ADA_1.0,,,,
0.005964,9183031.0,54774.8,12781.1,1644927339,FLICK/ADA_0.3,3.199999999999991e-05,-25197.0,150.34000000000378,899.0
0.096791,508193.0,49188.98,8602.37,1644927339,cNETA/ADA_0.3,0.0,0.0,0.0,899.0
0.138095,326978.64,45154.43,1464.5,1644927339,MELD/ADA_1.0,0.0,0.0,0.0,899.0
0.013669,3292891.0,45011.48,1461.72,1644927339,CNFT/ADA_0.3,0.0,4454.0,60.88000000000466,899.0
0.107694,310024.03,33387.84,6323.41,1644927339,REVU/ADA_0.3,0.0,0.0,0.0,899.0
0.002861,11450781.84,32766.1,20035.01,1644927339,DRIP/ADA_1.0,-2.0000000000002655e-06,5000.0,-14.180000000000291,899.0
0.005487,5787727.0,31758.88,2464.88,1644927339,BDOGE/ADA_1.0,0.0,0.0,0.0,899.0
41.945935,718.0,30117.18,7120.46,1644927339,unsi…en/ADA_1.0,0.0,0.0,0.0,899.0
0.017458,1657089.0,28929.51,7180.61,1644927339,QUID/ADA_0.3,0.0,0.0,0.0,899.0
0.000849,33524545.34,28491.08,382.1,1644927339,MONET/ADA_0.3,0.0,0.0,0.0,899.0
0.00075,27864987.0,20911.59,60.6,1644927339,RAG/ADA_1.0,0.0,0.0,0.0,899.0
0.0,291340000774.0,20068.22,1420.28,1644927339,HOSKY/ADA_0.05,0.0,0.0,0.0,899.0
0.1049,187997.44,19720.95,1640.11,1644927339,MINt/ADA_0.05,0.0,0.0,0.0,899.0
26.694441,735.0,19620.41,4655.04,1644927339,XDIA…ND/ADA_1.0,0.0,0.0,0.0,899.0
0.337089,56851.04,19163.89,0.0,1644927339,MIN/ADA_0.05,0.0,0.0,0.0,899.0
0.016861,1118636.0,18861.63,993.72,1644927339,GOKEY/ADA_0.3,0.0,0.0,0.0,899.0
0.170985,102096.0,17456.98,2308.79,1644927339,SKULL/ADA_1.0,0.0,0.0,0.0,899.0
0.437798,39470.0,17279.9,1565.58,1644927339,CDX/ADA_1.0,0.0,0.0,0.0,899.0
0.039887,427625.0,17057.01,565.68,1644927339,cMETA/ADA_0.3,0.0,0.0,0.0,899.0
0.000462,31241604.0,14444.89,6164.79,1644927339,KIDZ/ADA_0.3,1.299999999999999e-05,-437319.0,200.0,899.0
2.188129,6587.41,14414.11,0.0,1644927339,DANA/ADA_0.3,0.0,0.0,0.0,899.0
0.0,15297476126.0,13251.0,3887.16,1644927339,MEOW/ADA_0.3,0.0,-115972734.0,100.0,899.0
0.302374,42005.11,12701.27,2260.98,1644927339,CARGO/ADA_0.3,0.0,0.0,0.0,899.0
0.109176,97815.0,10679.11,49.65,1644927339,Card…rm/ADA_0.3,0.0,0.0,0.0,899.0
0.768512,13602.23,10453.49,0.0,1644927339,WMT/ADA_1.0,0.0,0.0,0.0,899.0
0.046783,201382.97,9421.46,0.0,1644927339,cbTHC/ADA_0.3,0.0,-0.16000000000349246,0.0,899.0
0.003002,2955846.44,8874.24,0.0,1644927339,DRIP/ADA_0.3,0.0,0.0,0.0,899.0
0.735606,25587039.62,18821980.71,864032.38,1644928239,SUNDAE/ADA_0.3,0.0010139999999999594,-12149.660000000149,17016.740000002086,900.0
106.146447,149295.84,15847223.92,1796738.82,1644928239,LQ/ADA_0.3,0.08710099999998988,-61.14000000001397,6519.709999999031,900.0
0.80543,13589084.8,10945057.8,1381425.76,1644928239,WMT/ADA_0.3,0.0007719999999999949,-6002.289999999106,5652.3300000000745,900.0
0.134825,10537376.34,1420708.18,418406.29,1644928239,MELD/ADA_0.3,0.0008930000000000049,24619.45999999903,12711.159999999916,900.0
0.108161,10610638.0,1147658.47,211248.28,1644928239,PAVIA/ADA_0.3,1.9999999999881224e-06,-92.0,10.0,900.0
0.16302,6543488.0,1066725.89,33035.81,1644928239,XRAY/ADA_0.3,0.00019800000000000373,-3977.0,650.0,900.0
0.34,2515329.0,855212.19,101276.38,1644928239,ADAX/ADA_0.3,1.9000000000046757e-05,30.0,58.0,900.0
2.056031,377208.33,775552.04,128563.17,1644928239,AADA/ADA_0.3,0.0068950000000000955,-393.4199999999837,1794.4000000000233,900.0
1.62218,329439.19,534409.96,77974.42,1644928239,VYFI/ADA_0.3,0.0049799999999999844,-506.14000000001397,822.2700000000186,900.0
6.473233,50784.0,328736.71,194382.82,1644928239,MILK/ADA_0.3,0.007756999999999792,-12.0,316.38000000000466,900.0
0.112453,1750709.28,196873.6,75624.1,1644928239,MINt/ADA_0.3,0.0,0.0,0.0,900.0
0.034881,5630607.47,196403.55,22501.63,1644928239,CLAP/ADA_0.3,0.0,0.0,0.0,900.0
0.0,6825138696516.0,154687.98,1344.23,1644928239,CHRLZ/ADA_0.3,0.0,0.0,0.0,900.0
2.184024,69735.02,152303.02,81247.9,1644928239,DANA/ADA_0.05,0.0,0.0,0.0,900.0
0.812871,175752.43,142864.16,2799.33,1644928239,WMT/ADA_0.05,0.0,0.0,0.0,900.0
0.005419,21413830.0,116058.6,6658.26,1644928239,RAVE/ADA_1.0,0.0,0.0,0.0,900.0
3.4e-05,3166529092.81,110771.69,2008.27,1644928239,ASHIB/ADA_1.0,0.0,0.0,0.0,900.0
0.0,97209235408203.0,97723.73,1952.3,1644928239,BISON/ADA_0.3,0.0,0.0,0.0,900.0
0.033163,2698072.0,89477.39,3856.11,1644928239,FIRE/ADA_0.3,0.0,0.0,0.0,900.0
0.314335,217373.08,68327.99,113747.04,1644928239,MIN/ADA_0.3,-0.0027860000000000107,958.3699999999953,-301.66999999999825,900.0
0.0,957772578569.0,68084.83,42818.0,1644928239,HOSKY/ADA_0.3,0.0,74348179.0,-5.0,900.0
0.657312,95971.32,63083.11,1000.5,1644928239,SUNDAE/ADA_0.05,0.0,1346.9500000000116,885.3700000000026,900.0
0.783333,73415.06,57508.46,0.0,1644928239,SUNDAE/ADA_1.0,0.0,0.0,0.0,900.0
0.005971,9178069.0,54804.51,12813.25,1644928239,FLICK/ADA_0.3,7.000000000000062e-06,-4962.0,29.709999999999127,900.0
0.096639,508593.0,49150.41,8640.94,1644928239,cNETA/ADA_0.3,-0.00015199999999999936,400.0,-38.56999999999971,900.0
0.138095,326978.64,45154.43,1464.5,1644928239,MELD/ADA_1.0,0.0,0.0,0.0,900.0
0.013669,3292891.0,45011.48,1461.72,1644928239,CNFT/ADA_0.3,0.0,0.0,0.0,900.0
0.107659,310074.03,33382.47,6328.78,1644928239,REVU/ADA_0.3,-3.499999999999337e-05,50.0,-5.369999999995343,900.0
0.002862,11449509.16,32770.7,20066.21,1644928239,DRIP/ADA_1.0,1.0000000000001327e-06,-1272.679999999702,4.599999999998545,900.0
0.005487,5787727.0,31758.88,2464.88,1644928239,BDOGE/ADA_1.0,0.0,0.0,0.0,900.0
42.067199,717.0,30162.18,7165.91,1644928239,unsi…en/ADA_1.0,0.12126400000000359,-1.0,45.0,900.0
0.017458,1657089.0,28929.51,7180.61,1644928239,QUID/ADA_0.3,0.0,0.0,0.0,900.0
0.000849,33524545.34,28491.08,382.1,1644928239,MONET/ADA_0.3,0.0,0.0,0.0,900.0
0.00075,27864987.0,20911.59,60.6,1644928239,RAG/ADA_1.0,0.0,0.0,0.0,900.0
0.0,291340000774.0,20068.22,1420.28,1644928239,HOSKY/ADA_0.05,0.0,0.0,0.0,900.0
0.1049,187997.44,19720.95,1640.11,1644928239,MINt/ADA_0.05,0.0,0.0,0.0,900.0
26.694441,735.0,19620.41,4655.04,1644928239,XDIA…ND/ADA_1.0,0.0,0.0,0.0,900.0
0.337089,56851.04,19163.89,0.0,1644928239,MIN/ADA_0.05,0.0,0.0,0.0,900.0
0.016861,1118636.0,18861.63,993.72,1644928239,GOKEY/ADA_0.3,0.0,0.0,0.0,900.0
0.170985,102096.0,17456.98,2308.79,1644928239,SKULL/ADA_1.0,0.0,0.0,0.0,900.0
0.437798,39470.0,17279.9,1565.58,1644928239,CDX/ADA_1.0,0.0,0.0,0.0,900.0
0.039887,427625.0,17057.01,565.68,1644928239,cMETA/ADA_0.3,0.0,0.0,0.0,900.0
0.000519,29471944.0,15314.89,7037.4,1644928239,KIDZ/ADA_0.3,5.700000000000003e-05,-1769660.0,870.0,900.0
2.188129,6587.41,14414.11,0.0,1644928239,DANA/ADA_0.3,0.0,0.0,0.0,900.0
0.0,15297476126.0,13251.0,3887.16,1644928239,MEOW/ADA_0.3,0.0,0.0,0.0,900.0
0.302374,42005.11,12701.27,2260.98,1644928239,CARGO/ADA_0.3,0.0,0.0,0.0,900.0
0.109176,97815.0,10679.11,49.65,1644928239,Card…rm/ADA_0.3,0.0,0.0,0.0,900.0
0.768512,13602.23,10453.49,0.0,1644928239,WMT/ADA_1.0,0.0,0.0,0.0,900.0
0.046783,201382.97,9421.46,0.0,1644928239,cbTHC/ADA_0.3,0.0,0.0,0.0,900.0
0.003002,2957846.44,8880.24,0.0,1644928239,DRIP/ADA_0.3,0.0,2000.0,6.0,900.0
0.735194,25604334.16,18824175.12,870057.55,1644929139,SUNDAE/ADA_0.3,-0.00041199999999996795,17294.539999999106,2194.410000000149,899.0
106.143674,149289.48,15846134.18,1796955.49,1644929139,LQ/ADA_0.3,-0.0027729999999905885,-6.35999999998603,-1089.7400000002235,899.0
0.800313,13632521.16,10910291.31,1417103.61,1644929139,WMT/ADA_0.3,-0.005116999999999927,43436.359999999404,-34766.49000000022,899.0
0.135155,10524526.61,1422449.54,420670.92,1644929139,MELD/ADA_0.3,0.00032999999999999696,-12849.730000000447,1741.3600000001024,899.0
0.108161,10610924.0,1147689.4,211248.28,1644929139,PAVIA/ADA_0.3,0.0,286.0,30.929999999934807,899.0
0.163143,6541193.0,1067150.32,33437.01,1644929139,XRAY/ADA_0.3,0.000123000000000012,-2295.0,424.43000000016764,899.0
0.34,2515329.0,855212.19,101276.38,1644929139,ADAX/ADA_0.3,0.0,0.0,0.0,899.0
2.056031,377208.33,775552.04,128563.17,1644929139,AADA/ADA_0.3,0.0,0.0,0.0,899.0
1.62218,329439.19,534409.96,77974.42,1644929139,VYFI/ADA_0.3,0.0,0.0,0.0,899.0
6.511595,50665.0,329909.99,195364.84,1644929139,MILK/ADA_0.3,0.03836200000000023,-119.0,1173.2799999999697,899.0
0.112453,1750709.28,196873.6,75624.1,1644929139,MINt/ADA_0.3,0.0,0.0,0.0,899.0
0.034881,5630607.47,196403.55,22501.63,1644929139,CLAP/ADA_0.3,0.0,0.0,0.0,899.0
0.0,6825138696516.0,154687.98,1344.23,1644929139,CHRLZ/ADA_0.3,0.0,0.0,0.0,899.0
2.248707,68725.01,154542.44,83488.44,1644929139,DANA/ADA_0.05,0.06468300000000005,-1010.0100000000093,2239.420000000013,899.0
0.812871,174737.85,142039.44,2799.33,1644929139,WMT/ADA_0.05,0.0,-1014.5799999999872,-824.7200000000012,899.0
0.005466,21322887.0,116558.6,7163.26,1644929139,RAVE/ADA_1.0,4.700000000000017e-05,-90943.0,500.0,899.0
3.4e-05,3167029092.81,110754.37,2025.59,1644929139,ASHIB/ADA_1.0,0.0,500000.0,-17.320000000006985,899.0
0.0,97209235408203.0,97723.73,1952.3,1644929139,BISON/ADA_0.3,0.0,0.0,0.0,899.0
0.033163,2698072.0,89477.39,3856.11,1644929139,FIRE/ADA_0.3,0.0,0.0,0.0,899.0
0.314335,217373.08,68327.99,113747.04,1644929139,MIN/ADA_0.3,0.0,0.0,0.0,899.0
0.0,957772578569.0,68084.83,42818.0,1644929139,HOSKY/ADA_0.3,0.0,0.0,0.0,899.0
0.657312,95971.32,63083.11,1000.5,1644929139,SUNDAE/ADA_0.05,0.0,0.0,0.0,899.0
0.783333,73415.06,57508.46,0.0,1644929139,SUNDAE/ADA_1.0,0.0,0.0,0.0,899.0
0.005971,9178069.0,54804.51,12813.25,1644929139,FLICK/ADA_0.3,0.0,0.0,0.0,899.0
0.096639,508593.0,49150.41,8640.94,1644929139,cNETA/ADA_0.3,0.0,0.0,0.0,899.0
0.138095,326978.64,45154.43,1464.5,1644929139,MELD/ADA_1.0,0.0,0.0,0.0,899.0
0.013669,3292891.0,45011.48,1461.72,1644929139,CNFT/ADA_0.3,0.0,0.0,0.0,899.0
0.107659,310074.03,33382.47,6328.78,1644929139,REVU/ADA_0.3,0.0,0.0,0.0,899.0
0.00286,11457368.8,32771.21,20077.14,1644929139,DRIP/ADA_1.0,-1.9999999999998318e-06,7859.640000000596,0.5100000000020373,899.0
0.005487,5787727.0,31758.88,2464.88,1644929139,BDOGE/ADA_1.0,0.0,0.0,0.0,899.0
42.067199,717.0,30162.18,7165.91,1644929139,unsi…en/ADA_1.0,0.0,0.0,0.0,899.0
0.017458,1657089.0,28929.51,7180.61,1644929139,QUID/ADA_0.3,0.0,0.0,0.0,899.0
0.000849,33524545.34,28491.08,382.1,1644929139,MONET/ADA_0.3,0.0,0.0,0.0,899.0
0.00075,27864987.0,20911.59,60.6,1644929139,RAG/ADA_1.0,0.0,0.0,0.0,899.0
0.0,291340000774.0,20068.22,1420.28,1644929139,HOSKY/ADA_0.05,0.0,0.0,0.0,899.0
0.1049,187997.44,19720.95,1640.11,1644929139,MINt/ADA_0.05,0.0,0.0,0.0,899.0
26.694441,735.0,19620.41,4655.04,1644929139,XDIA…ND/ADA_1.0,0.0,0.0,0.0,899.0
0.337089,56851.04,19163.89,0.0,1644929139,MIN/ADA_0.05,0.0,0.0,0.0,899.0
0.016861,1118636.0,18861.63,993.72,1644929139,GOKEY/ADA_0.3,0.0,0.0,0.0,899.0
0.171151,102047.0,17465.53,2317.43,1644929139,SKULL/ADA_1.0,0.00016599999999999948,-49.0,8.549999999999272,899.0
0.437798,39470.0,17279.9,1565.58,1644929139,CDX/ADA_1.0,0.0,0.0,0.0,899.0
0.039887,427625.0,17057.01,565.68,1644929139,cMETA/ADA_0.3,0.0,0.0,0.0,899.0
0.000519,29471944.0,15314.89,7037.4,1644929139,KIDZ/ADA_0.3,0.0,0.0,0.0,899.0
2.188129,6587.41,14414.11,0.0,1644929139,DANA/ADA_0.3,0.0,0.0,0.0,899.0
0.0,15297476126.0,13251.0,3887.16,1644929139,MEOW/ADA_0.3,0.0,0.0,0.0,899.0
0.302374,42005.11,12701.27,2260.98,1644929139,CARGO/ADA_0.3,0.0,0.0,0.0,899.0
0.109176,97815.0,10679.11,49.65,1644929139,Card…rm/ADA_0.3,0.0,0.0,0.0,899.0
0.768512,13602.23,10453.49,0.0,1644929139,WMT/ADA_1.0,0.0,0.0,0.0,899.0
0.046783,201382.97,9421.46,0.0,1644929139,cbTHC/ADA_0.3,0.0,0.0,0.0,899.0
0.003002,2957846.44,8880.24,0.0,1644929139,DRIP/ADA_0.3,0.0,0.0,0.0,899.0
0.735242,25605267.38,18826085.33,751022.3,1644930040,SUNDAE/ADA_0.3,4.799999999993698e-05,933.2199999988079,1910.2099999971688,900.0
106.100719,149331.08,15844136.08,1239952.82,1644930040,LQ/ADA_0.3,-0.042955000000006294,41.59999999997672,-1998.0999999996275,900.0
0.799852,13644954.1,10913945.82,1300140.92,1644930040,WMT/ADA_0.3,-0.0004610000000000447,12432.939999999478,3654.5099999997765,900.0
0.134882,10535643.73,1421076.39,409482.82,1644930040,MELD/ADA_0.3,-0.00027299999999999547,11117.120000001043,-1373.1500000001397,900.0
0.108124,10612769.0,1147500.03,211855.36,1644930040,PAVIA/ADA_0.3,-3.699999999999537e-05,1845.0,-189.36999999987893,900.0
0.162894,6546193.0,1066337.67,33935.2,1644930040,XRAY/ADA_0.3,-0.0002489999999999992,5000.0,-812.6500000001397,900.0
0.340547,2513309.0,855902.29,101770.4,1644930040,ADAX/ADA_0.3,0.0005469999999999642,-2020.0,690.1000000000931,900.0
2.043182,378394.33,773128.51,130219.13,1644930040,AADA/ADA_0.3,-0.01284900000000011,1186.0,-2423.530000000028,900.0
1.612392,330439.19,532797.53,76621.41,1644930040,VYFI/ADA_0.3,-0.009787999999999908,1000.0,-1612.4299999999348,900.0
6.511595,50665.0,329909.99,170429.56,1644930040,MILK/ADA_0.3,0.0,0.0,0.0,900.0
0.034881,5630607.47,196403.55,21316.42,1644930040,CLAP/ADA_0.3,0.0,0.0,0.0,900.0
0.111561,1757709.28,196091.9,74575.46,1644930040,MINt/ADA_0.3,-0.0008920000000000039,7000.0,-781.7000000000116,900.0
0.0,6825138696516.0,154687.98,1344.23,1644930040,CHRLZ/ADA_0.3,0.0,0.0,0.0,900.0
2.252101,68673.21,154659.08,78852.22,1644930040,DANA/ADA_0.05,0.003394000000000119,-51.79999999998836,116.63999999998487,900.0
0.812871,174737.85,142039.44,2799.33,1644930040,WMT/ADA_0.05,0.0,0.0,0.0,900.0
0.00542,21415659.0,116078.51,7653.35,1644930040,RAVE/ADA_1.0,-4.6000000000000034e-05,92772.0,-480.09000000001106,900.0
3.4e-05,3167029092.81,110754.37,2025.59,1644930040,ASHIB/ADA_1.0,0.0,0.0,0.0,900.0
0.0,97209235408203.0,97723.73,1947.29,1644930040,BISON/ADA_0.3,0.0,0.0,0.0,900.0
0.034293,2653349.0,90992.83,6228.81,1644930040,FIRE/ADA_0.3,0.001129999999999999,-44723.0,1515.4400000000023,900.0
0.0,957502387569.0,68104.1,39345.96,1644930040,HOSKY/ADA_0.3,0.0,-270191000.0,19.270000000004075,900.0
0.310586,218682.82,67919.98,54989.42,1644930040,MIN/ADA_0.3,-0.0037490000000000023,1309.7400000000198,-408.0100000000093,900.0
0.688636,93763.7,64569.11,2487.24,1644930040,SUNDAE/ADA_0.05,0.03132400000000002,-2207.62000000001,1486.0,900.0
0.783333,73415.06,57508.46,0.0,1644930040,SUNDAE/ADA_1.0,0.0,0.0,0.0,900.0
0.005971,9178069.0,54804.51,12752.32,1644930040,FLICK/ADA_0.3,0.0,0.0,0.0,900.0
0.096639,508593.0,49150.41,8247.07,1644930040,cNETA/ADA_0.3,0.0,0.0,0.0,900.0
0.013669,3292891.0,45011.48,1461.72,1644930040,CNFT/ADA_0.3,0.0,0.0,0.0,900.0
0.138095,303320.41,41887.33,1464.5,1644930040,MELD/ADA_1.0,0.0,-23658.23000000004,-3267.0999999999985,900.0
0.107659,310074.03,33382.47,5073.84,1644930040,REVU/ADA_0.3,0.0,0.0,0.0,900.0
0.002848,11481768.8,32702.27,17560.69,1644930040,DRIP/ADA_1.0,-1.2000000000000292e-05,24400.0,-68.93999999999869,900.0
0.005487,5787727.0,31758.88,2464.88,1644930040,BDOGE/ADA_1.0,0.0,0.0,0.0,900.0
42.067199,717.0,30162.18,6877.99,1644930040,unsi…en/ADA_1.0,0.0,0.0,0.0,900.0
0.017292,1665032.0,28792.15,7376.2,1644930040,QUID/ADA_0.3,-0.00016600000000000295,7943.0,-137.35999999999694,900.0
0.000849,33524545.34,28491.08,343.49,1644930040,MONET/ADA_0.3,0.0,0.0,0.0,900.0
0.00075,27864987.0,20911.59,60.6,1644930040,RAG/ADA_1.0,0.0,0.0,0.0,900.0
0.0,291340000774.0,20068.22,1420.28,1644930040,HOSKY/ADA_0.05,0.0,0.0,0.0,900.0
0.1049,188303.55,19753.06,1640.11,1644930040,MINt/ADA_0.05,0.0,306.10999999998603,32.11000000000058,900.0
26.694441,735.0,19620.41,2298.0,1644930040,XDIA…ND/ADA_1.0,0.0,0.0,0.0,900.0
0.337089,56851.04,19163.89,0.0,1644930040,MIN/ADA_0.05,0.0,0.0,0.0,900.0
0.016861,1118636.0,18861.63,993.72,1644930040,GOKEY/ADA_0.3,0.0,0.0,0.0,900.0
0.17115,101999.0,17457.21,2317.43,1644930040,SKULL/ADA_1.0,-1.000000000001e-06,-48.0,-8.319999999999709,900.0
0.437798,39470.0,17279.9,1565.58,1644930040,CDX/ADA_1.0,0.0,0.0,0.0,900.0
0.039887,427625.0,17057.01,565.68,1644930040,cMETA/ADA_0.3,0.0,0.0,0.0,900.0
0.000535,29024940.0,15551.46,7274.69,1644930040,KIDZ/ADA_0.3,1.5999999999999955e-05,-447004.0,236.5699999999997,900.0
2.188129,6587.41,14414.11,0.0,1644930040,DANA/ADA_0.3,0.0,0.0,0.0,900.0
0.0,15297476126.0,13251.0,3887.16,1644930040,MEOW/ADA_0.3,0.0,0.0,0.0,900.0
0.302374,42005.11,12701.27,2165.12,1644930040,CARGO/ADA_0.3,0.0,0.0,0.0,900.0
0.109176,97815.0,10679.11,49.65,1644930040,Card…rm/ADA_0.3,0.0,0.0,0.0,900.0
0.768512,13602.23,10453.49,0.0,1644930040,WMT/ADA_1.0,0.0,0.0,0.0,900.0
0.046783,201382.97,9421.46,0.0,1644930040,cbTHC/ADA_0.3,0.0,0.0,0.0,900.0
0.003002,2957846.44,8880.24,0.0,1644930040,DRIP/ADA_0.3,0.0,0.0,0.0,900.0
0.735804,25596622.99,18834121.11,758900.82,1644930940,SUNDAE/ADA_0.3,0.0005620000000000624,-8644.390000000596,8035.780000001192,899.0
108.010601,148011.99,15986864.23,1401474.31,1644930940,LQ/ADA_0.3,1.909881999999996,-1319.0899999999965,142728.15000000037,899.0
0.802019,13628313.64,10930176.78,1317547.13,1644930940,WMT/ADA_0.3,0.00216700000000003,-16640.45999999903,16230.959999999031,899.0
0.135162,10524765.72,1422553.69,412328.77,1644930940,MELD/ADA_0.3,0.00028000000000000247,-10878.009999999776,1477.3000000000466,899.0
0.108085,10614684.0,1147293.71,212081.7,1644930940,PAVIA/ADA_0.3,-3.899999999999737e-05,1915.0,-206.3200000000652,899.0
0.162695,6550193.0,1065688.44,34584.43,1644930940,XRAY/ADA_0.3,-0.00019900000000000473,4000.0,-649.2299999999814,899.0
0.340547,2513309.0,855902.29,101770.4,1644930940,ADAX/ADA_0.3,0.0,0.0,0.0,899.0
2.043182,378394.33,773128.51,130219.13,1644930940,AADA/ADA_0.3,0.0,0.0,0.0,899.0
1.613465,330329.84,532975.75,77244.39,1644930940,VYFI/ADA_0.3,0.0010729999999998796,-109.34999999997672,178.21999999997206,899.0
6.511595,50665.0,329909.99,170429.56,1644930940,MILK/ADA_0.3,0.0,0.0,0.0,899.0
0.111902,1755030.93,196392.72,75100.2,1644930940,MINt/ADA_0.3,0.00034100000000000796,-2678.350000000093,300.820000000007,899.0
0.034844,5633607.47,196299.28,21420.7,1644930940,CLAP/ADA_0.3,-3.700000000000231e-05,3000.0,-104.26999999998952,899.0
2.367655,66977.09,158578.69,84935.1,1644930940,DANA/ADA_0.05,0.11555399999999993,-1696.12000000001,3919.610000000015,899.0
0.0,6825138696516.0,154687.98,1344.23,1644930940,CHRLZ/ADA_0.3,0.0,0.0,0.0,899.0
0.812871,174799.05,142089.18,2799.33,1644930940,WMT/ADA_0.05,0.0,61.19999999998254,49.73999999999069,899.0
0.00542,21415659.0,116078.51,7653.35,1644930940,RAVE/ADA_1.0,0.0,0.0,0.0,899.0
3.4e-05,3167029092.81,110754.37,2025.59,1644930940,ASHIB/ADA_1.0,0.0,0.0,0.0,899.0
0.0,97209235408203.0,97723.73,1947.29,1644930940,BISON/ADA_0.3,0.0,0.0,0.0,899.0
0.034293,2653349.0,90992.83,6228.81,1644930940,FIRE/ADA_0.3,0.0,0.0,0.0,899.0
0.0,957502387569.0,68104.1,39345.96,1644930940,HOSKY/ADA_0.3,0.0,0.0,0.0,899.0
0.310724,218640.49,67936.87,56235.62,1644930940,MIN/ADA_0.3,0.000138000000000027,-42.3300000000163,16.889999999999418,899.0
0.688636,91768.11,63194.87,2487.24,1644930940,SUNDAE/ADA_0.05,0.0,-1995.5899999999965,-1374.239999999998,899.0
0.739057,76620.17,56626.68,1663.16,1644930940,SUNDAE/ADA_1.0,-0.04427599999999998,3205.1100000000006,-881.7799999999988,899.0
0.005971,9177736.0,54806.51,12754.33,1644930940,FLICK/ADA_0.3,0.0,-333.0,2.0,899.0
0.096639,508643.0,49155.24,8247.07,1644930940,cNETA/ADA_0.3,0.0,50.0,4.82999999999447,899.0
0.013669,3292891.0,45011.48,1461.72,1644930940,CNFT/ADA_0.3,0.0,0.0,0.0,899.0
0.138095,303320.41,41887.33,1464.5,1644930940,MELD/ADA_1.0,0.0,0.0,0.0,899.0
0.107659,310074.03,33382.47,5073.84,1644930940,REVU/ADA_0.3,0.0,0.0,0.0,899.0
0.002839,11499768.8,32651.59,17586.0,1644930940,DRIP/ADA_1.0,-8.999999999999894e-06,18000.0,-50.68000000000029,899.0
0.005487,5787727.0,31758.88,2464.88,1644930940,BDOGE/ADA_1.0,0.0,0.0,0.0,899.0
42.067199,717.0,30162.18,6877.99,1644930940,unsi…en/ADA_1.0,0.0,0.0,0.0,899.0
0.017292,1665032.0,28792.15,7376.2,1644930940,QUID/ADA_0.3,0.0,0.0,0.0,899.0
0.000849,33524545.34,28491.08,343.49,1644930940,MONET/ADA_0.3,0.0,0.0,0.0,899.0
0.00075,27864987.0,20911.59,60.6,1644930940,RAG/ADA_1.0,0.0,0.0,0.0,899.0
0.0,291340000774.0,20068.22,1420.28,1644930940,HOSKY/ADA_0.05,0.0,0.0,0.0,899.0
0.1049,188303.55,19753.06,1640.11,1644930940,MINt/ADA_0.05,0.0,0.0,0.0,899.0
26.694441,735.0,19620.41,2298.0,1644930940,XDIA…ND/ADA_1.0,0.0,0.0,0.0,899.0
0.337089,56851.04,19163.89,0.0,1644930940,MIN/ADA_0.05,0.0,0.0,0.0,899.0
0.016861,1118636.0,18861.63,993.72,1644930940,GOKEY/ADA_0.3,0.0,0.0,0.0,899.0
0.17115,101999.0,17457.21,2317.43,1644930940,SKULL/ADA_1.0,0.0,0.0,0.0,899.0
0.437798,39470.0,17279.9,1565.58,1644930940,CDX/ADA_1.0,0.0,0.0,0.0,899.0
0.039887,427625.0,17057.01,565.68,1644930940,cMETA/ADA_0.3,0.0,0.0,0.0,899.0
0.00057,28123447.0,16051.46,7776.19,1644930940,KIDZ/ADA_0.3,3.499999999999998e-05,-901493.0,500.0,899.0
2.188129,6587.41,14414.11,0.0,1644930940,DANA/ADA_0.3,0.0,0.0,0.0,899.0
0.0,15297476126.0,13251.0,3887.16,1644930940,MEOW/ADA_0.3,0.0,0.0,0.0,899.0
0.302374,42005.11,12701.27,2165.12,1644930940,CARGO/ADA_0.3,0.0,0.0,0.0,899.0
0.109176,97815.0,10679.11,49.65,1644930940,Card…rm/ADA_0.3,0.0,0.0,0.0,899.0
0.768512,13602.23,10453.49,0.0,1644930940,WMT/ADA_1.0,0.0,0.0,0.0,899.0
0.046783,201382.97,9421.46,0.0,1644930940,cbTHC/ADA_0.3,0.0,0.0,0.0,899.0
0.003002,2957846.44,8880.24,0.0,1644930940,DRIP/ADA_0.3,0.0,0.0,0.0,899.0
0.739962,25525335.92,18887780.52,815672.63,1644931839,SUNDAE/ADA_0.3,0.004157999999999995,-71287.06999999657,53659.41000000015,899.0
107.915804,148077.1,15979859.62,1409774.85,1644931839,LQ/ADA_0.3,-0.0947969999999998,65.11000000001513,-7004.610000001267,899.0
0.802035,13629822.86,10931599.95,1320373.21,1644931839,WMT/ADA_0.3,1.6000000000016e-05,1509.219999998808,1423.1699999999255,899.0
0.135419,10514813.45,1423914.27,417047.99,1644931839,MELD/ADA_0.3,0.0002570000000000072,-9952.270000001416,1360.5800000000745,899.0
0.107898,10623888.0,1146302.87,213094.58,1644931839,PAVIA/ADA_0.3,-0.0001870000000000066,9204.0,-990.839999999851,899.0
0.162678,6550533.0,1065633.29,34639.58,1644931839,XRAY/ADA_0.3,-1.7000000000017e-05,340.0,-55.14999999990687,899.0
0.340547,2513309.0,855902.29,101770.4,1644931839,ADAX/ADA_0.3,0.0,0.0,0.0,899.0
2.051393,377637.88,774684.09,132533.35,1644931839,AADA/ADA_0.3,0.00821100000000019,-756.4500000000116,1555.579999999958,899.0
1.613465,330329.84,532975.75,77244.39,1644931839,VYFI/ADA_0.3,0.0,0.0,0.0,899.0
6.511595,50765.0,330561.14,170429.56,1644931839,MILK/ADA_0.3,0.0,100.0,651.1500000000233,899.0
0.111902,1755030.93,196392.72,75100.2,1644931839,MINt/ADA_0.3,0.0,0.0,0.0,899.0
0.034537,5658607.78,195434.6,22285.38,1644931839,CLAP/ADA_0.3,-0.0003070000000000017,25000.31000000052,-864.679999999993,899.0
2.291467,68081.71,156007.04,87506.75,1644931839,DANA/ADA_0.05,-0.07618800000000014,1104.62000000001,-2571.649999999994,899.0
0.0,6825138696516.0,154687.98,1344.23,1644931839,CHRLZ/ADA_0.3,0.0,0.0,0.0,899.0
0.812871,174805.2,142094.18,2799.33,1644931839,WMT/ADA_0.05,0.0,6.150000000023283,5.0,899.0
0.00542,21415659.0,116078.51,7653.35,1644931839,RAVE/ADA_1.0,0.0,0.0,0.0,899.0
3.4e-05,3167029092.81,110754.37,2025.59,1644931839,ASHIB/ADA_1.0,0.0,0.0,0.0,899.0
0.0,97208243667356.0,97724.73,1948.29,1644931839,BISON/ADA_0.3,0.0,-991740847.0,1.0,899.0
0.034267,2654349.0,90958.65,6262.99,1644931839,FIRE/ADA_0.3,-2.5999999999998247e-05,1000.0,-34.18000000000757,899.0
0.307883,226017.13,69586.98,57245.23,1644931839,MIN/ADA_0.3,-0.0028409999999999824,7376.640000000014,1650.1100000000006,899.0
0.0,956148919661.0,68201.65,39729.29,1644931839,HOSKY/ADA_0.3,0.0,-1353467908.0,97.54999999998836,899.0
0.688636,91768.11,63194.87,2487.24,1644931839,SUNDAE/ADA_0.05,0.0,0.0,0.0,899.0
0.708963,78317.51,55524.26,2822.29,1644931839,SUNDAE/ADA_1.0,-0.030093999999999954,1697.3399999999965,-1102.4199999999983,899.0
0.005976,9173731.0,54830.51,12778.4,1644931839,FLICK/ADA_0.3,5.000000000000664e-06,-4005.0,24.0,899.0
0.096639,508643.0,49155.24,8247.07,1644931839,cNETA/ADA_0.3,0.0,0.0,0.0,899.0
0.013669,3292891.0,45011.48,1461.72,1644931839,CNFT/ADA_0.3,0.0,0.0,0.0,899.0
0.138095,303320.41,41887.33,1464.5,1644931839,MELD/ADA_1.0,0.0,0.0,0.0,899.0
0.107659,310074.03,33382.47,5073.84,1644931839,REVU/ADA_0.3,0.0,0.0,0.0,899.0
0.002883,11407886.44,32896.83,17941.91,1644931839,DRIP/ADA_1.0,4.40000000000002e-05,-91882.36000000127,245.2400000000016,899.0
0.005487,5787727.0,31758.88,2464.88,1644931839,BDOGE/ADA_1.0,0.0,0.0,0.0,899.0
42.067199,717.0,30162.18,6877.99,1644931839,unsi…en/ADA_1.0,0.0,0.0,0.0,899.0
0.017292,1665032.0,28792.15,7376.2,1644931839,QUID/ADA_0.3,0.0,0.0,0.0,899.0
0.000849,33524545.34,28491.08,343.49,1644931839,MONET/ADA_0.3,0.0,0.0,0.0,899.0
0.00075,27864987.0,20911.59,60.6,1644931839,RAG/ADA_1.0,0.0,0.0,0.0,899.0
0.0,291340000774.0,20068.22,1420.28,1644931839,HOSKY/ADA_0.05,0.0,0.0,0.0,899.0
0.1049,188303.55,19753.06,1640.11,1644931839,MINt/ADA_0.05,0.0,0.0,0.0,899.0
26.694441,735.0,19620.41,2298.0,1644931839,XDIA…ND/ADA_1.0,0.0,0.0,0.0,899.0
0.337089,56851.04,19163.89,0.0,1644931839,MIN/ADA_0.05,0.0,0.0,0.0,899.0
0.016861,1118636.0,18861.63,993.72,1644931839,GOKEY/ADA_0.3,0.0,0.0,0.0,899.0
0.17115,101999.0,17457.21,2317.43,1644931839,SKULL/ADA_1.0,0.0,0.0,0.0,899.0
0.437798,39470.0,17279.9,1565.58,1644931839,CDX/ADA_1.0,0.0,0.0,0.0,899.0
0.039887,427625.0,17057.01,565.68,1644931839,cMETA/ADA_0.3,0.0,0.0,0.0,899.0
0.00057,28123447.0,16051.46,7776.19,1644931839,KIDZ/ADA_0.3,0.0,0.0,0.0,899.0
2.188129,6587.41,14414.11,0.0,1644931839,DANA/ADA_0.3,0.0,0.0,0.0,899.0
0.0,15297476126.0,13251.0,3887.16,1644931839,MEOW/ADA_0.3,0.0,0.0,0.0,899.0
0.302374,42005.11,12701.27,2165.12,1644931839,CARGO/ADA_0.3,0.0,0.0,0.0,899.0
0.109176,97815.0,10679.11,49.65,1644931839,Card…rm/ADA_0.3,0.0,0.0,0.0,899.0
0.768512,13602.23,10453.49,0.0,1644931839,WMT/ADA_1.0,0.0,0.0,0.0,899.0
0.046783,201382.97,9421.46,0.0,1644931839,cbTHC/ADA_0.3,0.0,0.0,0.0,899.0
0.003002,2957846.44,8880.24,0.0,1644931839,DRIP/ADA_0.3,0.0,0.0,0.0,899.0
0.73996,25526352.09,18888501.26,815774.77,1644932740,SUNDAE/ADA_0.3,-2.0000000000575113e-06,1016.1699999980628,720.7400000020862,900.0
107.767511,149587.17,16120637.67,1420741.7,1644932740,LQ/ADA_0.3,-0.14829299999999535,1510.070000000007,140778.05000000075,900.0
0.801901,13633548.43,10932757.77,1321456.74,1644932740,WMT/ADA_0.3,-0.0001340000000000785,3725.570000000298,1157.820000000298,900.0
0.134646,10545030.03,1419850.16,422416.79,1644932740,MELD/ADA_0.3,-0.0007730000000000237,30216.580000000075,-4064.1100000001024,900.0
0.107903,10624438.0,1146412.03,213119.65,1644932740,PAVIA/ADA_0.3,5.0000000000050004e-06,550.0,109.15999999991618,900.0
0.162684,6550411.0,1065653.29,34659.64,1644932740,XRAY/ADA_0.3,6.0000000000060005e-06,-122.0,20.0,900.0
0.340547,2513309.0,855902.29,101770.4,1644932740,ADAX/ADA_0.3,0.0,0.0,0.0,900.0
2.056685,377152.5,775684.09,133536.35,1644932740,AADA/ADA_0.3,0.005291999999999852,-485.38000000000466,1000.0,900.0
1.614057,330269.3,533073.75,77342.68,1644932740,VYFI/ADA_0.3,0.000592000000000148,-60.54000000003725,98.0,900.0
6.499573,50812.0,330256.3,170734.41,1644932740,MILK/ADA_0.3,-0.012021999999999977,47.0,-304.8400000000256,900.0
0.112472,1750587.45,196892.72,75601.7,1644932740,MINt/ADA_0.3,0.0005700000000000011,-4443.479999999981,500.0,900.0
0.034537,5658607.78,195434.6,22285.38,1644932740,CLAP/ADA_0.3,0.0,0.0,0.0,900.0
2.291467,68081.71,156007.04,87506.75,1644932740,DANA/ADA_0.05,0.0,0.0,0.0,900.0
0.0,6825138696516.0,154687.98,1344.23,1644932740,CHRLZ/ADA_0.3,0.0,0.0,0.0,900.0
0.812871,174805.2,142094.18,2799.33,1644932740,WMT/ADA_0.05,0.0,0.0,0.0,900.0
0.005408,21439659.0,115949.87,7781.99,1644932740,RAVE/ADA_1.0,-1.2000000000000725e-05,24000.0,-128.63999999999942,900.0
3.4e-05,3166604512.96,110769.37,2040.74,1644932740,ASHIB/ADA_1.0,0.0,-424579.84999990463,15.0,900.0
0.0,97208243667356.0,97724.73,1948.29,1644932740,BISON/ADA_0.3,0.0,0.0,0.0,900.0
0.033839,2671135.0,90389.42,7053.79,1644932740,FIRE/ADA_0.3,-0.0004279999999999978,16786.0,-569.2299999999959,900.0
0.307883,226017.13,69586.98,57245.23,1644932740,MIN/ADA_0.3,0.0,0.0,0.0,900.0
0.0,956165919661.0,68200.44,39730.49,1644932740,HOSKY/ADA_0.3,0.0,17000000.0,-1.209999999991851,900.0
0.688636,91769.11,63195.56,2487.24,1644932740,SUNDAE/ADA_0.05,0.0,1.0,0.6899999999950523,900.0
0.708963,78317.51,55524.26,2822.29,1644932740,SUNDAE/ADA_1.0,0.0,0.0,0.0,900.0
0.005976,9173731.0,54830.51,12778.4,1644932740,FLICK/ADA_0.3,0.0,0.0,0.0,900.0
0.096639,508643.0,49155.24,8247.07,1644932740,cNETA/ADA_0.3,0.0,0.0,0.0,900.0
0.013669,3292891.0,45011.48,1461.72,1644932740,CNFT/ADA_0.3,0.0,0.0,0.0,900.0
0.138095,303320.41,41887.33,1464.5,1644932740,MELD/ADA_1.0,0.0,0.0,0.0,900.0
0.107659,310074.03,33382.47,5073.84,1644932740,REVU/ADA_0.3,0.0,0.0,0.0,900.0
0.002865,11445876.56,32794.38,18126.94,1644932740,DRIP/ADA_1.0,-1.800000000000022e-05,37990.12000000104,-102.45000000000437,900.0
0.005487,5787727.0,31758.88,2464.88,1644932740,BDOGE/ADA_1.0,0.0,0.0,0.0,900.0
42.067199,717.0,30162.18,6877.99,1644932740,unsi…en/ADA_1.0,0.0,0.0,0.0,900.0
0.017292,1665032.0,28792.15,7376.2,1644932740,QUID/ADA_0.3,0.0,0.0,0.0,900.0
0.000849,33524545.34,28491.08,343.49,1644932740,MONET/ADA_0.3,0.0,0.0,0.0,900.0
0.00075,27864987.0,20911.59,60.6,1644932740,RAG/ADA_1.0,0.0,0.0,0.0,900.0
0.0,291340000774.0,20068.22,1420.28,1644932740,HOSKY/ADA_0.05,0.0,0.0,0.0,900.0
0.1049,188303.55,19753.06,1640.11,1644932740,MINt/ADA_0.05,0.0,0.0,0.0,900.0
26.694441,735.0,19620.41,2298.0,1644932740,XDIA…ND/ADA_1.0,0.0,0.0,0.0,900.0
0.337089,56851.04,19163.89,0.0,1644932740,MIN/ADA_0.05,0.0,0.0,0.0,900.0
0.016861,1118636.0,18861.63,993.72,1644932740,GOKEY/ADA_0.3,0.0,0.0,0.0,900.0
0.169493,102499.0,17372.9,2401.74,1644932740,SKULL/ADA_1.0,-0.0016569999999999918,500.0,-84.30999999999767,900.0
0.437798,39470.0,17279.9,1565.58,1644932740,CDX/ADA_1.0,0.0,0.0,0.0,900.0
0.039887,427625.0,17057.01,565.68,1644932740,cMETA/ADA_0.3,0.0,0.0,0.0,900.0
0.00057,28123447.0,16051.46,7776.19,1644932740,KIDZ/ADA_0.3,0.0,0.0,0.0,900.0
2.188129,6587.41,14414.11,0.0,1644932740,DANA/ADA_0.3,0.0,0.0,0.0,900.0
0.0,15297476126.0,13251.0,3887.16,1644932740,MEOW/ADA_0.3,0.0,0.0,0.0,900.0
0.302374,42005.11,12701.27,2165.12,1644932740,CARGO/ADA_0.3,0.0,0.0,0.0,900.0
0.109176,97815.0,10679.11,49.65,1644932740,Card…rm/ADA_0.3,0.0,0.0,0.0,900.0
0.768512,13602.23,10453.49,0.0,1644932740,WMT/ADA_1.0,0.0,0.0,0.0,900.0
0.046783,201382.97,9421.46,0.0,1644932740,cbTHC/ADA_0.3,0.0,0.0,0.0,900.0
0.003002,2957846.44,8880.24,0.0,1644932740,DRIP/ADA_0.3,0.0,0.0,0.0,900.0
0.740168,25524142.72,18892165.91,819501.85,1644933639,SUNDAE/ADA_0.3,0.000208000000000097,-2209.370000001043,3664.64999999851,899.0
107.788508,149572.64,16122211.99,1423396.99,1644933639,LQ/ADA_0.3,0.02099699999999416,-14.529999999998836,1574.320000000298,899.0
0.804842,13627695.64,10968145.04,1341607.01,1644933639,WMT/ADA_0.3,0.0029409999999999714,-5852.789999999106,35387.26999999955,899.0
0.134702,10542721.17,1420129.93,434312.51,1644933639,MELD/ADA_0.3,5.6000000000000494e-05,-2308.859999999404,279.7700000000186,899.0
0.107892,10626921.0,1146569.63,213174.73,1644933639,PAVIA/ADA_0.3,-1.0999999999997123e-05,2483.0,157.5999999998603,899.0
0.162633,6550111.0,1065265.14,35288.92,1644933639,XRAY/ADA_0.3,-5.099999999999549e-05,-300.0,-388.1500000001397,899.0
0.340547,2513309.0,855902.29,101770.4,1644933639,ADAX/ADA_0.3,0.0,0.0,0.0,899.0
2.05695,377128.26,775734.09,133586.5,1644933639,AADA/ADA_0.3,0.00026500000000018176,-24.239999999990687,50.0,899.0
1.619349,329730.06,533948.16,78222.94,1644933639,VYFI/ADA_0.3,0.005291999999999852,-539.2399999999907,874.4100000000326,899.0
6.499573,50812.0,330256.3,170734.41,1644933639,MILK/ADA_0.3,0.0,0.0,0.0,899.0
0.112891,1747345.8,197259.9,76797.19,1644933639,MINt/ADA_0.3,0.0004190000000000027,-3241.649999999907,367.179999999993,899.0
0.034537,5658607.78,195434.6,22285.38,1644933639,CLAP/ADA_0.3,0.0,0.0,0.0,899.0
2.264776,68481.82,155096.01,88417.78,1644933639,DANA/ADA_0.05,-0.02669100000000002,400.1100000000006,-911.0299999999988,899.0
0.0,6825138696516.0,154687.98,1344.23,1644933639,CHRLZ/ADA_0.3,0.0,0.0,0.0,899.0
0.812871,174805.2,142094.18,2799.33,1644933639,WMT/ADA_0.05,0.0,0.0,0.0,899.0
0.005408,21469151.0,116113.35,7683.01,1644933639,RAVE/ADA_1.0,0.0,29492.0,163.48000000001048,899.0
3.4e-05,3166604512.96,110769.37,2040.74,1644933639,ASHIB/ADA_1.0,0.0,0.0,0.0,899.0
0.0,97208243667356.0,97724.73,1887.11,1644933639,BISON/ADA_0.3,0.0,0.0,0.0,899.0
0.033876,2669663.0,90439.42,7070.2,1644933639,FIRE/ADA_0.3,3.700000000000231e-05,-1472.0,50.0,899.0
0.313386,224027.1,70206.98,49773.27,1644933639,MIN/ADA_0.3,0.00550299999999998,-1990.0299999999988,620.0,899.0
0.0,957167919661.0,68129.54,37757.43,1644933639,HOSKY/ADA_0.3,0.0,1002000000.0,-70.90000000000873,899.0
0.688636,87430.04,60207.52,2487.24,1644933639,SUNDAE/ADA_0.05,0.0,-4339.070000000007,-2988.040000000001,899.0
0.005976,9173731.0,54830.51,12778.4,1644933639,FLICK/ADA_0.3,0.0,0.0,0.0,899.0
0.708963,77269.8,54781.47,2822.29,1644933639,SUNDAE/ADA_1.0,0.0,-1047.7099999999919,-742.7900000000009,899.0
0.096261,509643.0,49059.08,7874.33,1644933639,cNETA/ADA_0.3,-0.00037800000000000333,1000.0,-96.15999999999622,899.0
0.013669,3292891.0,45011.48,1163.67,1644933639,CNFT/ADA_0.3,0.0,0.0,0.0,899.0
0.138095,303320.41,41887.33,1464.5,1644933639,MELD/ADA_1.0,0.0,0.0,0.0,899.0
0.107659,310074.03,33382.47,3890.31,1644933639,REVU/ADA_0.3,0.0,0.0,0.0,899.0
0.002788,11639246.08,32451.02,17975.28,1644933639,DRIP/ADA_1.0,-7.699999999999981e-05,193369.51999999955,-343.35999999999694,899.0
0.005487,5787727.0,31758.88,2464.88,1644933639,BDOGE/ADA_1.0,0.0,0.0,0.0,899.0
42.067199,717.0,30162.18,4506.62,1644933639,unsi…en/ADA_1.0,0.0,0.0,0.0,899.0
0.017292,1665032.0,28792.15,7376.2,1644933639,QUID/ADA_0.3,0.0,0.0,0.0,899.0
0.000849,33524545.34,28491.08,343.49,1644933639,MONET/ADA_0.3,0.0,0.0,0.0,899.0
0.00075,27864987.0,20911.59,60.6,1644933639,RAG/ADA_1.0,0.0,0.0,0.0,899.0
0.0,291340000774.0,20068.22,1420.28,1644933639,HOSKY/ADA_0.05,0.0,0.0,0.0,899.0
0.1049,188303.55,19753.06,1640.11,1644933639,MINt/ADA_0.05,0.0,0.0,0.0,899.0
26.694441,735.0,19620.41,923.99,1644933639,XDIA…ND/ADA_1.0,0.0,0.0,0.0,899.0
0.337089,56851.04,19163.89,0.0,1644933639,MIN/ADA_0.05,0.0,0.0,0.0,899.0
0.016861,1118636.0,18861.63,967.9,1644933639,GOKEY/ADA_0.3,0.0,0.0,0.0,899.0
0.169493,102499.0,17372.9,1992.69,1644933639,SKULL/ADA_1.0,0.0,0.0,0.0,899.0
0.437798,39470.0,17279.9,1565.58,1644933639,CDX/ADA_1.0,0.0,0.0,0.0,899.0
0.04007,426653.0,17096.01,604.8,1644933639,cMETA/ADA_0.3,0.0001830000000000026,-972.0,39.0,899.0
0.000576,27984393.0,16131.46,7856.43,1644933639,KIDZ/ADA_0.3,6.000000000000037e-06,-139054.0,80.0,899.0
2.188129,6587.41,14414.11,0.0,1644933639,DANA/ADA_0.3,0.0,0.0,0.0,899.0
0.0,15297476126.0,13251.0,3867.1,1644933639,MEOW/ADA_0.3,0.0,0.0,0.0,899.0
0.302374,42005.11,12701.27,2165.12,1644933639,CARGO/ADA_0.3,0.0,0.0,0.0,899.0
0.109176,97815.0,10679.11,49.65,1644933639,Card…rm/ADA_0.3,0.0,0.0,0.0,899.0
0.768512,13602.23,10453.49,0.0,1644933639,WMT/ADA_1.0,0.0,0.0,0.0,899.0
0.046783,201382.97,9421.46,0.0,1644933639,cbTHC/ADA_0.3,0.0,0.0,0.0,899.0
0.003002,2958846.44,8883.24,0.0,1644933639,DRIP/ADA_0.3,0.0,1000.0,3.0,899.0
0.740535,25520914.2,18899150.19,779241.67,1644934541,SUNDAE/ADA_0.3,0.0003670000000000062,-3228.519999999553,6984.280000001192,901.0
107.915986,149481.5,16131443.77,1410765.51,1644934541,LQ/ADA_0.3,0.12747800000001064,-91.14000000001397,9231.77999999933,901.0
0.802779,13647922.14,10956278.48,1321954.19,1644934541,WMT/ADA_0.3,-0.002062999999999926,20226.5,-11866.559999998659,901.0
0.134488,10551755.28,1419093.4,424789.82,1644934541,MELD/ADA_0.3,-0.00021399999999999197,9034.109999999404,-1036.530000000028,901.0
0.107902,10626459.0,1146619.63,212460.47,1644934541,PAVIA/ADA_0.3,9.999999999996123e-06,-462.0,50.0,901.0
0.162938,6543952.0,1066259.39,36237.98,1644934541,XRAY/ADA_0.3,0.0003049999999999997,-6159.0,994.25,901.0
0.340002,2515327.0,855217.67,95436.51,1644934541,ADAX/ADA_0.3,-0.0005449999999999622,2018.0,-684.6199999999953,901.0
2.063816,376501.61,777030.33,132136.66,1644934541,AADA/ADA_0.3,0.006866000000000039,-626.6500000000233,1296.2399999999907,901.0
1.623513,329307.63,534635.25,76202.6,1644934541,VYFI/ADA_0.3,0.0041640000000000565,-422.429999999993,687.0899999999674,901.0
6.465986,50944.0,329403.2,166232.42,1644934541,MILK/ADA_0.3,-0.03358699999999981,132.0,-853.0999999999767,901.0
0.112248,1752345.8,196698.74,77193.7,1644934541,MINt/ADA_0.3,-0.0006430000000000047,5000.0,-561.1600000000035,901.0
0.034539,5658488.78,195438.72,15941.14,1644934541,CLAP/ADA_0.3,2.000000000002e-06,-119.0,4.119999999995343,901.0
0.0,6825138696516.0,154687.98,1344.23,1644934541,CHRLZ/ADA_0.3,0.0,0.0,0.0,901.0
2.183755,69741.23,152297.77,91471.36,1644934541,DANA/ADA_0.05,-0.08102099999999979,1259.409999999989,-2798.24000000002,901.0
0.812871,174653.45,141970.83,2799.33,1644934541,WMT/ADA_0.05,0.0,-151.75,-123.35000000000582,901.0
0.005408,21469151.0,116113.35,7683.01,1644934541,RAVE/ADA_1.0,0.0,0.0,0.0,901.0
3.4e-05,3167029092.81,110784.22,2040.74,1644934541,ASHIB/ADA_1.0,0.0,424579.84999990463,14.85000000000582,901.0
0.0,97208243667356.0,97724.73,1887.11,1644934541,BISON/ADA_0.3,0.0,0.0,0.0,901.0
0.033876,2669663.0,90439.42,7070.2,1644934541,FIRE/ADA_0.3,0.0,0.0,0.0,901.0
0.313084,223810.58,70071.64,50124.48,1644934541,MIN/ADA_0.3,-0.00030200000000002447,-216.52000000001863,-135.3399999999965,901.0
0.0,965680921523.0,68735.48,37757.43,1644934541,HOSKY/ADA_0.3,0.0,8513001862.0,605.9400000000023,901.0
0.688636,88888.53,61211.89,2487.24,1644934541,SUNDAE/ADA_0.05,0.0,1458.4900000000052,1004.3700000000026,901.0
0.005976,9173731.0,54830.51,12778.4,1644934541,FLICK/ADA_0.3,0.0,0.0,0.0,901.0
0.708963,77307.55,54808.24,2822.29,1644934541,SUNDAE/ADA_1.0,0.0,37.75,26.7699999999968,901.0
0.096186,509843.0,49039.89,7893.52,1644934541,cNETA/ADA_0.3,-7.500000000000562e-05,200.0,-19.19000000000233,901.0
0.013669,3292891.0,45011.48,1163.67,1644934541,CNFT/ADA_0.3,0.0,0.0,0.0,901.0
0.138095,303320.41,41887.33,1464.5,1644934541,MELD/ADA_1.0,0.0,0.0,0.0,901.0
0.107659,310074.03,33382.47,3890.31,1644934541,REVU/ADA_0.3,0.0,0.0,0.0,901.0
0.002781,11664246.08,32448.61,18011.1,1644934541,DRIP/ADA_1.0,-7.000000000000062e-06,25000.0,-2.4099999999998545,901.0
0.005487,5787727.0,31758.88,2464.88,1644934541,BDOGE/ADA_1.0,0.0,0.0,0.0,901.0
42.067199,717.0,30162.18,4506.62,1644934541,unsi…en/ADA_1.0,0.0,0.0,0.0,901.0
0.017292,1665032.0,28792.15,7376.2,1644934541,QUID/ADA_0.3,0.0,0.0,0.0,901.0
0.000849,33524545.34,28491.08,343.49,1644934541,MONET/ADA_0.3,0.0,0.0,0.0,901.0
0.00075,27864987.0,20911.59,60.6,1644934541,RAG/ADA_1.0,0.0,0.0,0.0,901.0
0.111367,182755.14,20353.06,2240.41,1644934541,MINt/ADA_0.05,0.0064670000000000005,-5548.409999999974,600.0,901.0
0.0,291341000774.0,20068.29,1420.28,1644934541,HOSKY/ADA_0.05,0.0,1000000.0,0.06999999999970896,901.0
26.694441,735.0,19620.41,923.99,1644934541,XDIA…ND/ADA_1.0,0.0,0.0,0.0,901.0
0.337089,56851.04,19163.89,0.0,1644934541,MIN/ADA_0.05,0.0,0.0,0.0,901.0
0.016861,1118636.0,18861.63,967.9,1644934541,GOKEY/ADA_0.3,0.0,0.0,0.0,901.0
0.169493,102499.0,17372.9,1992.69,1644934541,SKULL/ADA_1.0,0.0,0.0,0.0,901.0
0.437798,39470.0,17279.9,1565.58,1644934541,CDX/ADA_1.0,0.0,0.0,0.0,901.0
0.04007,426653.0,17096.01,604.8,1644934541,cMETA/ADA_0.3,0.0,0.0,0.0,901.0
0.000576,27984393.0,16131.46,7856.43,1644934541,KIDZ/ADA_0.3,0.0,0.0,0.0,901.0
2.188129,6587.41,14414.11,0.0,1644934541,DANA/ADA_0.3,0.0,0.0,0.0,901.0
0.0,15297476126.0,13251.0,3867.1,1644934541,MEOW/ADA_0.3,0.0,0.0,0.0,901.0
0.302374,42005.11,12701.27,2165.12,1644934541,CARGO/ADA_0.3,0.0,0.0,0.0,901.0
0.109176,97815.0,10679.11,49.65,1644934541,Card…rm/ADA_0.3,0.0,0.0,0.0,901.0
0.768512,13602.23,10453.49,0.0,1644934541,WMT/ADA_1.0,0.0,0.0,0.0,901.0
0.046783,201382.97,9421.46,0.0,1644934541,cbTHC/ADA_0.3,0.0,0.0,0.0,901.0
0.003002,2958846.44,8883.24,0.0,1644934541,DRIP/ADA_0.3,0.0,0.0,0.0,901.0
0.740763,25517610.09,18902502.05,782154.28,1644935439,SUNDAE/ADA_0.3,0.00022799999999989495,-3304.109999999404,3351.859999999404,898.0
107.99942,149618.53,16158715.47,1414786.84,1644935439,LQ/ADA_0.3,0.0834339999999969,137.02999999999884,27271.700000001118,898.0
0.802884,13647920.48,10957709.28,1322809.94,1644935439,WMT/ADA_0.3,0.00010500000000002174,-1.6600000001490116,1430.7999999988824,898.0
0.133872,10612940.74,1420780.53,428240.31,1644935439,MELD/ADA_0.3,-0.0006160000000000054,61185.460000000894,1687.130000000121,898.0
0.107481,10649791.0,1144655.02,215495.97,1644935439,PAVIA/ADA_0.3,-0.0004210000000000047,23332.0,-1964.6099999998696,898.0
0.162921,6543660.0,1066105.06,36291.26,1644935439,XRAY/ADA_0.3,-1.6999999999989246e-05,-292.0,-154.32999999984168,898.0
0.340002,2515327.0,855217.67,95436.51,1644935439,ADAX/ADA_0.3,0.0,0.0,0.0,898.0
2.062513,376659.96,776866.12,132381.74,1644935439,AADA/ADA_0.3,-0.0013030000000000541,158.35000000003492,-164.20999999996275,898.0
1.623584,329301.2,534648.19,77036.16,1644935439,VYFI/ADA_0.3,7.099999999993223e-05,-6.429999999993015,12.93999999994412,898.0
6.465986,50944.0,329403.2,166232.42,1644935439,MILK/ADA_0.3,0.0,0.0,0.0,898.0
0.111542,1757894.21,196079.76,77193.7,1644935439,MINt/ADA_0.3,-0.0007059999999999983,5548.409999999916,-618.9799999999814,898.0
0.034539,5658488.78,195438.72,15941.14,1644935439,CLAP/ADA_0.3,0.0,0.0,0.0,898.0
0.0,6825138696516.0,154687.98,1344.23,1644935439,CHRLZ/ADA_0.3,0.0,0.0,0.0,898.0
2.171138,69943.63,151857.28,91911.86,1644935439,DANA/ADA_0.05,-0.0126170000000001,202.40000000000873,-440.4899999999907,898.0
0.812871,174653.45,141970.83,2799.33,1644935439,WMT/ADA_0.05,0.0,0.0,0.0,898.0
0.005408,21469151.0,116113.35,7683.01,1644935439,RAVE/ADA_1.0,0.0,0.0,0.0,898.0
3.4e-05,3166972490.84,110786.22,2042.76,1644935439,ASHIB/ADA_1.0,0.0,-56601.96999979019,2.0,898.0
0.0,97308745496480.0,97624.1,1987.73,1644935439,BISON/ADA_0.3,0.0,100501829124.0,-100.6299999999901,898.0
0.033876,2669663.0,90439.42,7070.2,1644935439,FIRE/ADA_0.3,0.0,0.0,0.0,898.0
0.310535,224728.91,69786.25,50124.48,1644935439,MIN/ADA_0.3,-0.002548999999999968,918.3300000000163,-285.3899999999994,898.0
0.0,965680921523.0,68735.48,37757.43,1644935439,HOSKY/ADA_0.3,0.0,0.0,0.0,898.0
0.688636,89071.09,61337.6,2487.24,1644935439,SUNDAE/ADA_0.05,0.0,182.55999999999767,125.70999999999913,898.0
0.00599,9163567.0,54891.51,12839.58,1644935439,FLICK/ADA_0.3,1.3999999999999256e-05,-10164.0,61.0,898.0
0.708963,77307.55,54808.24,2822.29,1644935439,SUNDAE/ADA_1.0,0.0,0.0,0.0,898.0
0.096186,509843.0,49039.89,7893.52,1644935439,cNETA/ADA_0.3,0.0,0.0,0.0,898.0
0.013669,3292891.0,45011.48,1163.67,1644935439,CNFT/ADA_0.3,0.0,0.0,0.0,898.0
0.138095,303320.41,41887.33,1464.5,1644935439,MELD/ADA_1.0,0.0,0.0,0.0,898.0
0.107775,309907.42,33400.47,3908.36,1644935439,REVU/ADA_0.3,0.00011599999999999111,-166.61000000004424,18.0,898.0
0.002779,11668246.08,32437.59,18011.1,1644935439,DRIP/ADA_1.0,-2.0000000000002655e-06,4000.0,-11.020000000000437,898.0
0.00545,5807491.0,31651.88,2571.88,1644935439,BDOGE/ADA_1.0,-3.699999999999971e-05,19764.0,-107.0,898.0
42.067199,717.0,30162.18,4506.62,1644935439,unsi…en/ADA_1.0,0.0,0.0,0.0,898.0
0.017292,1665071.0,28792.82,7376.2,1644935439,QUID/ADA_0.3,0.0,39.0,0.6699999999982538,898.0
0.000849,33524545.34,28491.08,343.49,1644935439,MONET/ADA_0.3,0.0,0.0,0.0,898.0
0.00075,27864987.0,20911.59,60.6,1644935439,RAG/ADA_1.0,0.0,0.0,0.0,898.0
0.111367,182755.14,20353.06,2240.41,1644935439,MINt/ADA_0.05,0.0,0.0,0.0,898.0
0.0,291341000774.0,20068.29,1420.28,1644935439,HOSKY/ADA_0.05,0.0,0.0,0.0,898.0
26.694441,735.0,19620.41,923.99,1644935439,XDIA…ND/ADA_1.0,0.0,0.0,0.0,898.0
0.337089,56851.04,19163.89,0.0,1644935439,MIN/ADA_0.05,0.0,0.0,0.0,898.0
0.016861,1118636.0,18861.63,967.9,1644935439,GOKEY/ADA_0.3,0.0,0.0,0.0,898.0
0.169493,102499.0,17372.9,1992.69,1644935439,SKULL/ADA_1.0,0.0,0.0,0.0,898.0
0.437798,39470.0,17279.9,1565.58,1644935439,CDX/ADA_1.0,0.0,0.0,0.0,898.0
0.04007,426653.0,17096.01,604.8,1644935439,cMETA/ADA_0.3,0.0,0.0,0.0,898.0
0.000576,27984393.0,16131.46,7856.43,1644935439,KIDZ/ADA_0.3,0.0,0.0,0.0,898.0
2.188129,6587.41,14414.11,0.0,1644935439,DANA/ADA_0.3,0.0,0.0,0.0,898.0
0.0,15297476126.0,13251.0,3867.1,1644935439,MEOW/ADA_0.3,0.0,0.0,0.0,898.0
0.303906,41899.25,12733.46,2197.4,1644935439,CARGO/ADA_0.3,0.0015320000000000333,-105.86000000000058,32.18999999999869,898.0
0.109176,97815.0,10679.11,49.65,1644935439,Card…rm/ADA_0.3,0.0,0.0,0.0,898.0
0.768512,13602.23,10453.49,0.0,1644935439,WMT/ADA_1.0,0.0,0.0,0.0,898.0
0.046783,201382.97,9421.46,0.0,1644935439,cbTHC/ADA_0.3,0.0,0.0,0.0,898.0
0.003002,2958846.44,8883.24,0.0,1644935439,DRIP/ADA_0.3,0.0,0.0,0.0,898.0
0.740906,25516900.63,18905641.8,784054.42,1644936340,SUNDAE/ADA_0.3,0.00014300000000000423,-709.4600000008941,3139.75,900.0
108.016969,149652.62,16165023.56,1415313.41,1644936340,LQ/ADA_0.3,0.01754900000000248,34.08999999999651,6308.089999999851,900.0
0.801844,13688485.85,10976035.19,1329918.35,1644936340,WMT/ADA_0.3,-0.001040000000000041,40565.36999999918,18325.91000000015,900.0
0.133149,10645990.54,1417504.73,432788.53,1644936340,MELD/ADA_0.3,-0.0007230000000000014,33049.79999999888,-3275.8000000000466,900.0
0.107712,10638364.0,1145888.3,216732.95,1644936340,PAVIA/ADA_0.3,0.00023100000000000898,-11427.0,1233.280000000028,900.0
0.162921,6544530.0,1066246.81,36291.26,1644936340,XRAY/ADA_0.3,0.0,870.0,141.75,900.0
0.340002,2515327.0,855217.67,95436.51,1644936340,ADAX/ADA_0.3,0.0,0.0,0.0,900.0
2.063611,376559.9,777073.18,132589.42,1644936340,AADA/ADA_0.3,0.0010979999999998213,-100.05999999999767,207.06000000005588,900.0
1.623584,329301.2,534648.19,77036.16,1644936340,VYFI/ADA_0.3,0.0,0.0,0.0,900.0
6.465986,50944.0,329403.2,166232.42,1644936340,MILK/ADA_0.3,0.0,0.0,0.0,900.0
0.111542,1757894.21,196079.76,77193.7,1644936340,MINt/ADA_0.3,0.0,0.0,0.0,900.0
0.034539,5658488.78,195438.72,15941.14,1644936340,CLAP/ADA_0.3,0.0,0.0,0.0,900.0
0.0,6825138696516.0,154687.98,1344.23,1644936340,CHRLZ/ADA_0.3,0.0,0.0,0.0,900.0
2.171138,69943.63,151857.28,91911.86,1644936340,DANA/ADA_0.05,0.0,0.0,0.0,900.0
0.812871,174294.14,141678.76,2799.33,1644936340,WMT/ADA_0.05,0.0,-359.3099999999977,-292.0699999999779,900.0
0.005408,21469151.0,116113.35,7683.01,1644936340,RAVE/ADA_1.0,0.0,0.0,0.0,900.0
3.5e-05,3165547915.44,110806.72,2078.46,1644936340,ASHIB/ADA_1.0,9.999999999999972e-07,-1424575.4000000954,20.5,900.0
0.0,97308745496480.0,97624.1,1987.73,1644936340,BISON/ADA_0.3,0.0,0.0,0.0,900.0
0.033876,2671135.0,90489.29,7070.2,1644936340,FIRE/ADA_0.3,0.0,1472.0,49.86999999999534,900.0
0.310535,224728.91,69786.25,50124.48,1644936340,MIN/ADA_0.3,0.0,0.0,0.0,900.0
0.0,970540870979.0,68392.38,38120.56,1644936340,HOSKY/ADA_0.3,0.0,4859949456.0,-343.09999999999127,900.0
0.688636,89146.11,61389.27,2487.24,1644936340,SUNDAE/ADA_0.05,0.0,75.02000000000407,51.669999999998254,900.0
0.006177,9023964.0,55743.25,13693.88,1644936340,FLICK/ADA_0.3,0.00018700000000000053,-139603.0,851.739999999998,900.0
0.708963,77307.55,54808.24,2822.29,1644936340,SUNDAE/ADA_1.0,0.0,0.0,0.0,900.0
0.096186,509843.0,49039.89,7893.52,1644936340,cNETA/ADA_0.3,0.0,0.0,0.0,900.0
0.013669,3292891.0,45011.48,1163.67,1644936340,CNFT/ADA_0.3,0.0,0.0,0.0,900.0
0.138095,303320.41,41887.33,1464.5,1644936340,MELD/ADA_1.0,0.0,0.0,0.0,900.0
0.107775,309907.42,33400.47,3908.36,1644936340,REVU/ADA_0.3,0.0,0.0,0.0,900.0
0.002775,11678246.08,32410.1,18038.6,1644936340,DRIP/ADA_1.0,-3.9999999999996635e-06,10000.0,-27.4900000000016,900.0
0.00545,5807491.0,31651.88,2571.88,1644936340,BDOGE/ADA_1.0,0.0,0.0,0.0,900.0
42.067199,717.0,30162.18,4506.62,1644936340,unsi…en/ADA_1.0,0.0,0.0,0.0,900.0
0.017292,1665071.0,28792.82,7376.2,1644936340,QUID/ADA_0.3,0.0,0.0,0.0,900.0
0.000849,33524545.34,28491.08,343.49,1644936340,MONET/ADA_0.3,0.0,0.0,0.0,900.0
0.00075,27864987.0,20911.59,60.6,1644936340,RAG/ADA_1.0,0.0,0.0,0.0,900.0
0.111367,182755.14,20353.06,2240.41,1644936340,MINt/ADA_0.05,0.0,0.0,0.0,900.0
0.0,291341000774.0,20068.29,1420.28,1644936340,HOSKY/ADA_0.05,0.0,0.0,0.0,900.0
26.694441,735.0,19620.41,923.99,1644936340,XDIA…ND/ADA_1.0,0.0,0.0,0.0,900.0
0.016861,1118636.0,18861.63,967.9,1644936340,GOKEY/ADA_0.3,0.0,0.0,0.0,900.0
0.314679,58841.07,18516.07,5773.02,1644936340,MIN/ADA_0.05,-0.02241000000000004,1990.0299999999988,-647.8199999999997,900.0
0.169493,102499.0,17372.9,1992.69,1644936340,SKULL/ADA_1.0,0.0,0.0,0.0,900.0
0.437798,39470.0,17279.9,1565.58,1644936340,CDX/ADA_1.0,0.0,0.0,0.0,900.0
0.04007,426653.0,17096.01,604.8,1644936340,cMETA/ADA_0.3,0.0,0.0,0.0,900.0
0.000502,29984393.0,15058.48,8929.4,1644936340,KIDZ/ADA_0.3,-7.400000000000006e-05,2000000.0,-1072.9799999999996,900.0
2.188129,6587.41,14414.11,0.0,1644936340,DANA/ADA_0.3,0.0,0.0,0.0,900.0
0.0,15297476126.0,13251.0,3867.1,1644936340,MEOW/ADA_0.3,0.0,0.0,0.0,900.0
0.303906,41899.25,12733.46,2197.4,1644936340,CARGO/ADA_0.3,0.0,0.0,0.0,900.0
0.109176,97815.0,10679.11,49.65,1644936340,Card…rm/ADA_0.3,0.0,0.0,0.0,900.0
0.768512,13602.23,10453.49,0.0,1644936340,WMT/ADA_1.0,0.0,0.0,0.0,900.0
0.046783,201382.97,9421.46,0.0,1644936340,cbTHC/ADA_0.3,0.0,0.0,0.0,900.0
0.003002,2958846.44,8883.24,0.0,1644936340,DRIP/ADA_0.3,0.0,0.0,0.0,900.0
0.74099,25520353.98,18910343.14,785130.64,1644937239,SUNDAE/ADA_0.3,8.400000000008401e-05,3453.35000000149,4701.339999999851,899.0
107.994243,149715.05,16168364.71,1417991.72,1644937239,LQ/ADA_0.3,-0.022726000000005797,62.429999999993015,3341.1500000003725,899.0
0.799221,13719562.34,10964968.36,1352557.74,1644937239,WMT/ADA_0.3,-0.002623000000000042,31076.490000000224,-11066.830000000075,899.0
0.13318,10644756.92,1417669.5,432953.79,1644937239,MELD/ADA_0.3,3.100000000000325e-05,-1233.6199999991804,164.77000000001863,899.0
0.107731,10637439.0,1145988.3,216833.25,1644937239,PAVIA/ADA_0.3,1.8999999999991246e-05,-925.0,100.0,899.0
0.162921,6550981.0,1067297.81,36291.26,1644937239,XRAY/ADA_0.3,0.0,6451.0,1051.0,899.0
0.340002,2515171.0,855164.32,95436.51,1644937239,ADAX/ADA_0.3,0.0,-156.0,-53.35000000009313,899.0
2.064141,376289.9,776715.59,132689.72,1644937239,AADA/ADA_0.3,0.0005299999999999194,-270.0,-357.5900000000838,899.0
1.625033,329154.5,534887.19,77275.87,1644937239,VYFI/ADA_0.3,0.0014490000000000336,-146.70000000001164,239.0,899.0
6.467382,50939.0,329442.01,166271.34,1644937239,MILK/ADA_0.3,0.0013959999999997308,-5.0,38.80999999999767,899.0
0.112543,1750073.53,196958.63,78075.21,1644937239,MINt/ADA_0.3,0.0010010000000000019,-7820.679999999935,878.8699999999953,899.0
0.034539,5658488.78,195438.72,15941.14,1644937239,CLAP/ADA_0.3,0.0,0.0,0.0,899.0
0.0,6825138696516.0,154687.98,1344.23,1644937239,CHRLZ/ADA_0.3,0.0,0.0,0.0,899.0
2.167792,69997.62,151740.3,92228.89,1644937239,DANA/ADA_0.05,-0.003346000000000071,53.98999999999069,-116.98000000001048,899.0
0.812871,174294.14,141678.76,2799.33,1644937239,WMT/ADA_0.05,0.0,0.0,0.0,899.0
0.005408,21469151.0,116113.35,7683.01,1644937239,RAVE/ADA_1.0,0.0,0.0,0.0,899.0
3.5e-05,3165547915.44,110806.72,2078.46,1644937239,ASHIB/ADA_1.0,0.0,0.0,0.0,899.0
0.0,97293841089509.0,97639.1,2002.78,1644937239,BISON/ADA_0.3,0.0,-14904406971.0,15.0,899.0
0.033876,2671135.0,90489.29,7070.2,1644937239,FIRE/ADA_0.3,0.0,0.0,0.0,899.0
0.310504,224745.88,69784.7,51374.21,1644937239,MIN/ADA_0.3,-3.100000000000325e-05,16.970000000001164,-1.5500000000029104,899.0
0.0,958855384337.0,69228.38,38959.07,1644937239,HOSKY/ADA_0.3,0.0,-11685486642.0,836.0,899.0
0.688636,89078.31,61342.58,2487.24,1644937239,SUNDAE/ADA_0.05,0.0,-67.80000000000291,-46.68999999999505,899.0
0.006177,9023964.0,55743.25,13693.88,1644937239,FLICK/ADA_0.3,0.0,0.0,0.0,899.0
0.708963,77307.55,54808.24,2822.29,1644937239,SUNDAE/ADA_1.0,0.0,0.0,0.0,899.0
0.098,505159.0,49505.7,8355.9,1644937239,cNETA/ADA_0.3,0.00181400000000001,-4684.0,465.8099999999977,899.0
0.013669,3292891.0,45011.48,1163.67,1644937239,CNFT/ADA_0.3,0.0,0.0,0.0,899.0
0.138095,303320.41,41887.33,1464.5,1644937239,MELD/ADA_1.0,0.0,0.0,0.0,899.0
0.107891,309741.0,33418.47,3926.41,1644937239,REVU/ADA_0.3,0.00011600000000000499,-166.4199999999837,18.0,899.0
0.002815,11594812.38,32646.62,18371.43,1644937239,DRIP/ADA_1.0,3.999999999999967e-05,-83433.69999999925,236.52000000000044,899.0
0.00545,5807491.0,31651.88,2571.88,1644937239,BDOGE/ADA_1.0,0.0,0.0,0.0,899.0
42.067199,717.0,30162.18,3375.76,1644937239,unsi…en/ADA_1.0,0.0,0.0,0.0,899.0
0.017292,1665071.0,28792.82,7376.2,1644937239,QUID/ADA_0.3,0.0,0.0,0.0,899.0
0.000849,33524545.34,28491.08,343.49,1644937239,MONET/ADA_0.3,0.0,0.0,0.0,899.0
0.00075,27864987.0,20911.59,60.6,1644937239,RAG/ADA_1.0,0.0,0.0,0.0,899.0
0.111367,182755.14,20353.06,2240.41,1644937239,MINt/ADA_0.05,0.0,0.0,0.0,899.0
0.0,290642481888.0,20020.18,1420.28,1644937239,HOSKY/ADA_0.05,0.0,-698518886.0,-48.11000000000058,899.0
26.694441,735.0,19620.41,423.95,1644937239,XDIA…ND/ADA_1.0,0.0,0.0,0.0,899.0
0.016861,1118636.0,18861.63,965.89,1644937239,GOKEY/ADA_0.3,0.0,0.0,0.0,899.0
0.314679,58841.07,18516.07,5773.02,1644937239,MIN/ADA_0.05,0.0,0.0,0.0,899.0
0.169493,102499.0,17372.9,1959.36,1644937239,SKULL/ADA_1.0,0.0,0.0,0.0,899.0
0.437798,39470.0,17279.9,1565.58,1644937239,CDX/ADA_1.0,0.0,0.0,0.0,899.0
0.04007,426653.0,17096.01,353.32,1644937239,cMETA/ADA_0.3,0.0,0.0,0.0,899.0
0.000536,29023589.0,15558.48,9429.9,1644937239,KIDZ/ADA_0.3,3.400000000000007e-05,-960804.0,500.0,899.0
2.188129,6587.41,14414.11,0.0,1644937239,DANA/ADA_0.3,0.0,0.0,0.0,899.0
0.0,15297476126.0,13251.0,3867.1,1644937239,MEOW/ADA_0.3,0.0,0.0,0.0,899.0
0.303906,41899.25,12733.46,2197.4,1644937239,CARGO/ADA_0.3,0.0,0.0,0.0,899.0
0.109176,97815.0,10679.11,49.65,1644937239,Card…rm/ADA_0.3,0.0,0.0,0.0,899.0
0.768512,13602.23,10453.49,0.0,1644937239,WMT/ADA_1.0,0.0,0.0,0.0,899.0
0.046783,201382.97,9421.46,0.0,1644937239,cbTHC/ADA_0.3,0.0,0.0,0.0,899.0
0.003002,2958846.44,8883.24,0.0,1644937239,DRIP/ADA_0.3,0.0,0.0,0.0,899.0
0.740994,25521876.77,18911561.38,767175.09,1644938139,SUNDAE/ADA_0.3,4.000000000004e-06,1522.789999999106,1218.2399999983609,900.0
108.000631,149721.17,16169981.11,1369579.93,1644938139,LQ/ADA_0.3,0.0063880000000011705,6.120000000024447,1616.3999999985099,900.0
0.799221,13733502.26,10976109.44,1347498.28,1644938139,WMT/ADA_0.3,0.0,13939.919999999925,11141.080000000075,900.0
0.133001,10625215.98,1413174.71,430158.8,1644938139,MELD/ADA_0.3,-0.00017899999999998473,-19540.93999999948,-4494.790000000037,900.0
0.107731,10683852.0,1150988.43,210200.14,1644938139,PAVIA/ADA_0.3,0.0,46413.0,5000.129999999888,900.0
0.162921,6550981.0,1067297.81,36186.84,1644938139,XRAY/ADA_0.3,0.0,0.0,0.0,900.0
0.340002,2515171.0,855164.32,85451.8,1644938139,ADAX/ADA_0.3,0.0,0.0,0.0,900.0
2.021703,380224.71,768701.51,134706.7,1644938139,AADA/ADA_0.3,-0.042437999999999754,3934.8099999999977,-8014.079999999958,900.0
1.625033,329154.5,534887.19,72526.97,1644938139,VYFI/ADA_0.3,0.0,0.0,0.0,900.0
6.464848,50949.0,329377.54,132760.14,1644938139,MILK/ADA_0.3,-0.002533999999999814,10.0,-64.47000000003027,900.0
0.112543,1750073.53,196958.63,76400.7,1644938139,MINt/ADA_0.3,0.0,0.0,0.0,900.0
0.034715,5644092.56,195938.72,13899.52,1644938139,CLAP/ADA_0.3,0.00017600000000000254,-14396.22000000067,500.0,900.0
0.0,6825138696516.0,154687.98,1344.23,1644938139,CHRLZ/ADA_0.3,0.0,0.0,0.0,900.0
2.167792,69997.62,151740.3,87810.06,1644938139,DANA/ADA_0.05,0.0,0.0,0.0,900.0
0.812871,174294.14,141678.76,2799.33,1644938139,WMT/ADA_0.05,0.0,0.0,0.0,900.0
0.005383,21519151.0,115846.25,7950.11,1644938139,RAVE/ADA_1.0,-2.499999999999985e-05,50000.0,-267.1000000000058,900.0
3.5e-05,3165547915.44,110806.72,2014.47,1644938139,ASHIB/ADA_1.0,0.0,0.0,0.0,900.0
0.0,97288873970690.0,97644.1,1997.76,1644938139,BISON/ADA_0.3,0.0,-4967118819.0,5.0,900.0
0.033953,2668136.0,90591.34,7172.56,1644938139,FIRE/ADA_0.3,7.699999999999374e-05,-2999.0,102.05000000000291,900.0
0.313314,223737.58,70100.14,41802.57,1644938139,MIN/ADA_0.3,0.002809999999999979,-1008.3000000000175,315.4400000000023,900.0
0.0,993586344016.0,66815.53,40891.78,1644938139,HOSKY/ADA_0.3,0.0,34730959679.0,-2412.850000000006,900.0
0.688636,87878.56,60516.39,2487.24,1644938139,SUNDAE/ADA_0.05,0.0,-1199.75,-826.1900000000023,900.0
0.006177,9023964.0,55743.25,13693.88,1644938139,FLICK/ADA_0.3,0.0,0.0,0.0,900.0
0.708963,77307.55,54808.24,2822.29,1644938139,SUNDAE/ADA_1.0,0.0,0.0,0.0,900.0
0.097561,506297.0,49394.84,8391.3,1644938139,cNETA/ADA_0.3,-0.00043900000000000883,1138.0,-110.86000000000058,900.0
0.013669,3292891.0,45011.48,1163.67,1644938139,CNFT/ADA_0.3,0.0,0.0,0.0,900.0
0.138095,303320.41,41887.33,1464.5,1644938139,MELD/ADA_1.0,0.0,0.0,0.0,900.0
0.107891,309741.0,33418.47,3926.41,1644938139,REVU/ADA_0.3,0.0,0.0,0.0,900.0
0.002797,11632809.13,32541.05,18113.06,1644938139,DRIP/ADA_1.0,-1.7999999999999787e-05,37996.75,-105.56999999999971,900.0
0.00545,5807491.0,31651.88,2571.88,1644938139,BDOGE/ADA_1.0,0.0,0.0,0.0,900.0
42.067199,717.0,30162.18,3375.76,1644938139,unsi…en/ADA_1.0,0.0,0.0,0.0,900.0
0.017292,1665077.0,28792.92,7376.2,1644938139,QUID/ADA_0.3,0.0,6.0,0.09999999999854481,900.0
0.000849,33524545.34,28491.08,343.49,1644938139,MONET/ADA_0.3,0.0,0.0,0.0,900.0
0.00075,27864987.0,20911.59,60.6,1644938139,RAG/ADA_1.0,0.0,0.0,0.0,900.0
0.111367,182755.14,20353.06,2240.41,1644938139,MINt/ADA_0.05,0.0,0.0,0.0,900.0
0.0,290642481888.0,20020.18,1420.28,1644938139,HOSKY/ADA_0.05,0.0,0.0,0.0,900.0
26.694441,735.0,19620.41,423.95,1644938139,XDIA…ND/ADA_1.0,0.0,0.0,0.0,900.0
0.016861,1118636.0,18861.63,965.89,1644938139,GOKEY/ADA_0.3,0.0,0.0,0.0,900.0
0.314679,58841.07,18516.07,5773.02,1644938139,MIN/ADA_0.05,0.0,0.0,0.0,900.0
0.169493,102499.0,17372.9,1959.36,1644938139,SKULL/ADA_1.0,0.0,0.0,0.0,900.0
0.437798,39470.0,17279.9,1565.58,1644938139,CDX/ADA_1.0,0.0,0.0,0.0,900.0
0.04007,426653.0,17096.01,353.32,1644938139,cMETA/ADA_0.3,0.0,0.0,0.0,900.0
0.000536,29023589.0,15558.48,9429.9,1644938139,KIDZ/ADA_0.3,0.0,0.0,0.0,900.0
2.188129,6587.41,14414.11,0.0,1644938139,DANA/ADA_0.3,0.0,0.0,0.0,900.0
0.0,15297476126.0,13251.0,3867.1,1644938139,MEOW/ADA_0.3,0.0,0.0,0.0,900.0
0.303906,41899.25,12733.46,2197.4,1644938139,CARGO/ADA_0.3,0.0,0.0,0.0,900.0
0.109176,97815.0,10679.11,49.65,1644938139,Card…rm/ADA_0.3,0.0,0.0,0.0,900.0
0.768512,13602.23,10453.49,0.0,1644938139,WMT/ADA_1.0,0.0,0.0,0.0,900.0
0.046783,201382.97,9421.46,0.0,1644938139,cbTHC/ADA_0.3,0.0,0.0,0.0,900.0
0.003002,2953578.74,8867.43,0.0,1644938139,DRIP/ADA_0.3,0.0,-5267.699999999721,-15.80999999999949,900.0
0.741052,25521576.5,18912836.6,768077.79,1644939041,SUNDAE/ADA_0.3,5.8000000000002494e-05,-300.26999999955297,1275.2200000025332,901.0
108.01397,149717.84,16171619.29,1370582.93,1644939041,LQ/ADA_0.3,0.013339000000001988,-3.330000000016298,1638.179999999702,901.0
0.799224,13733477.31,10976129.44,1351149.2,1644939041,WMT/ADA_0.3,3.000000000086267e-06,-24.949999999254942,20.0,901.0
0.133003,10625141.02,1413184.71,430168.83,1644939041,MELD/ADA_0.3,2.000000000002e-06,-74.96000000089407,10.0,901.0
0.107661,10678590.0,1149673.32,211285.57,1644939041,PAVIA/ADA_0.3,-6.999999999998674e-05,-5262.0,-1315.1099999998696,901.0
0.162921,6550981.0,1067297.81,36186.84,1644939041,XRAY/ADA_0.3,0.0,0.0,0.0,901.0
0.340002,2515171.0,855164.32,85451.8,1644939041,ADAX/ADA_0.3,0.0,0.0,0.0,901.0
2.024524,379960.07,769238.51,135783.92,1644939041,AADA/ADA_0.3,0.0028209999999999624,-264.64000000001397,537.0,901.0
1.625033,329154.5,534887.19,72526.97,1644939041,VYFI/ADA_0.3,0.0,0.0,0.0,901.0
6.464848,50949.0,329377.54,132760.14,1644939041,MILK/ADA_0.3,0.0,0.0,0.0,901.0
0.111413,1758938.66,195969.51,77590.12,1644939041,MINt/ADA_0.3,-0.001130000000000006,8865.129999999888,-989.1199999999953,901.0
0.034715,5644092.56,195938.72,13899.52,1644939041,CLAP/ADA_0.3,0.0,0.0,0.0,901.0
0.0,6825138696516.0,154687.98,1344.23,1644939041,CHRLZ/ADA_0.3,0.0,0.0,0.0,901.0
2.169792,69965.36,151810.3,87950.13,1644939041,DANA/ADA_0.05,0.002000000000000224,-32.25999999999476,70.0,901.0
0.812871,174804.14,142093.32,2799.33,1644939041,WMT/ADA_0.05,0.0,510.0,414.5599999999977,901.0
0.005383,21519151.0,115846.25,7950.11,1644939041,RAVE/ADA_1.0,0.0,0.0,0.0,901.0
3.5e-05,3165547915.44,110806.72,2014.47,1644939041,ASHIB/ADA_1.0,0.0,0.0,0.0,901.0
0.0,97288873970690.0,97644.1,1997.76,1644939041,BISON/ADA_0.3,0.0,0.0,0.0,901.0
0.033953,2668136.0,90591.34,7172.56,1644939041,FIRE/ADA_0.3,0.0,0.0,0.0,901.0
0.316112,222746.42,70413.0,42116.37,1644939041,MIN/ADA_0.3,0.0027980000000000227,-991.1599999999744,312.8600000000006,901.0
0.0,993364004112.0,66830.53,40906.82,1644939041,HOSKY/ADA_0.3,0.0,-222339904.0,15.0,901.0
0.688636,87878.56,60516.39,2487.24,1644939041,SUNDAE/ADA_0.05,0.0,0.0,0.0,901.0
0.00615,9043961.0,55620.37,13816.77,1644939041,FLICK/ADA_0.3,-2.7000000000000114e-05,19997.0,-122.87999999999738,901.0
0.708963,77307.55,54808.24,2822.29,1644939041,SUNDAE/ADA_1.0,0.0,0.0,0.0,901.0
0.097568,506277.0,49396.84,8393.31,1644939041,cNETA/ADA_0.3,7.000000000007001e-06,-20.0,2.0,901.0
0.013669,3292891.0,45011.48,1163.67,1644939041,CNFT/ADA_0.3,0.0,0.0,0.0,901.0
0.138095,303320.41,41887.33,1464.5,1644939041,MELD/ADA_1.0,0.0,0.0,0.0,901.0
0.107891,309741.0,33418.47,4039.34,1644939041,REVU/ADA_0.3,0.0,0.0,0.0,901.0
0.002807,11612671.35,32598.05,18273.13,1644939041,DRIP/ADA_1.0,1.0000000000000026e-05,-20137.780000001192,57.0,901.0
0.00545,5807491.0,31651.88,2571.88,1644939041,BDOGE/ADA_1.0,0.0,0.0,0.0,901.0
42.067199,717.0,30162.18,3375.76,1644939041,unsi…en/ADA_1.0,0.0,0.0,0.0,901.0
0.017304,1664501.0,28802.92,7386.23,1644939041,QUID/ADA_0.3,1.2000000000001593e-05,-576.0,10.0,901.0
0.000849,33524545.34,28491.08,343.49,1644939041,MONET/ADA_0.3,0.0,0.0,0.0,901.0
0.00075,27864987.0,20911.59,60.6,1644939041,RAG/ADA_1.0,0.0,0.0,0.0,901.0
0.111367,182755.14,20353.06,2240.41,1644939041,MINt/ADA_0.05,0.0,0.0,0.0,901.0
0.0,290642481888.0,20020.18,1420.28,1644939041,HOSKY/ADA_0.05,0.0,0.0,0.0,901.0
26.694441,735.0,19620.41,423.95,1644939041,XDIA…ND/ADA_1.0,0.0,0.0,0.0,901.0
0.016861,1118636.0,18861.63,965.89,1644939041,GOKEY/ADA_0.3,0.0,0.0,0.0,901.0
0.314679,58841.07,18516.07,5773.02,1644939041,MIN/ADA_0.05,0.0,0.0,0.0,901.0
0.169493,102499.0,17372.9,1959.36,1644939041,SKULL/ADA_1.0,0.0,0.0,0.0,901.0
0.437798,39470.0,17279.9,1565.58,1644939041,CDX/ADA_1.0,0.0,0.0,0.0,901.0
0.04007,426653.0,17096.01,353.32,1644939041,cMETA/ADA_0.3,0.0,0.0,0.0,901.0
0.000536,29023589.0,15558.48,9429.9,1644939041,KIDZ/ADA_0.3,0.0,0.0,0.0,901.0
2.188129,6587.41,14414.11,0.0,1644939041,DANA/ADA_0.3,0.0,0.0,0.0,901.0
0.0,15297476126.0,13251.0,3867.1,1644939041,MEOW/ADA_0.3,0.0,0.0,0.0,901.0
0.303906,41899.25,12733.46,2197.4,1644939041,CARGO/ADA_0.3,0.0,0.0,0.0,901.0
0.109176,97815.0,10679.11,49.65,1644939041,Card…rm/ADA_0.3,0.0,0.0,0.0,901.0
0.768512,13602.23,10453.49,0.0,1644939041,WMT/ADA_1.0,0.0,0.0,0.0,901.0
0.046783,201382.97,9421.46,0.0,1644939041,cbTHC/ADA_0.3,0.0,0.0,0.0,901.0
0.003002,2953578.74,8867.43,0.0,1644939041,DRIP/ADA_0.3,0.0,0.0,0.0,901.0
0.741171,25522041.52,18916198.07,769592.96,1644939940,SUNDAE/ADA_0.3,0.00011899999999998023,465.01999999955297,3361.469999998808,898.0
108.020639,149738.23,16174819.64,1371084.43,1644939940,LQ/ADA_0.3,0.0066690000000022565,20.39000000001397,3200.35000000149,898.0
0.800586,13724100.0,10987334.03,1358739.07,1644939940,WMT/ADA_0.3,0.0013619999999999743,-9377.310000000522,11204.589999999851,898.0
0.131939,10667857.56,1407510.5,440920.25,1644939940,MELD/ADA_0.3,-0.0010640000000000094,42716.54000000097,-5674.209999999963,898.0
0.107259,10706862.0,1148417.81,213614.57,1644939940,PAVIA/ADA_0.3,-0.00040200000000001346,28272.0,-1255.5100000000093,898.0
0.163671,6535767.0,1069716.7,38649.56,1644939940,XRAY/ADA_0.3,0.0007500000000000007,-15214.0,2418.8899999998976,898.0
0.340002,2515171.0,855164.32,85451.8,1644939940,ADAX/ADA_0.3,0.0,0.0,0.0,898.0
2.037926,378760.03,771885.16,140263.26,1644939940,AADA/ADA_0.3,0.013402000000000136,-1200.039999999979,2646.6500000000233,898.0
1.625426,329117.75,534956.83,75832.2,1644939940,VYFI/ADA_0.3,0.0003930000000000877,-36.75,69.64000000001397,898.0
6.243647,51845.0,323701.92,138435.75,1644939940,MILK/ADA_0.3,-0.22120099999999976,896.0,-5675.619999999995,898.0
0.111541,1757928.52,196082.45,77703.41,1644939940,MINt/ADA_0.3,0.0001280000000000031,-1010.1399999998976,112.94000000000233,898.0
0.034715,5644092.56,195938.72,13899.52,1644939940,CLAP/ADA_0.3,0.0,0.0,0.0,898.0
0.0,6825138696516.0,154687.98,1344.23,1644939940,CHRLZ/ADA_0.3,0.0,0.0,0.0,898.0
2.182242,69765.55,152245.32,88385.36,1644939940,DANA/ADA_0.05,0.01244999999999985,-199.80999999999767,435.0200000000186,898.0
0.812871,174547.67,141884.84,2799.33,1644939940,WMT/ADA_0.05,0.0,-256.47000000000116,-208.48000000001048,898.0
0.005383,21519151.0,115846.25,7950.11,1644939940,RAVE/ADA_1.0,0.0,0.0,0.0,898.0
3.5e-05,3165547915.44,110806.72,2014.47,1644939940,ASHIB/ADA_1.0,0.0,0.0,0.0,898.0
0.0,97288873970690.0,97644.1,1997.76,1644939940,BISON/ADA_0.3,0.0,0.0,0.0,898.0
0.0337,2678136.0,90254.09,7509.81,1644939940,FIRE/ADA_0.3,-0.0002529999999999963,10000.0,-337.25,898.0
0.316112,237989.44,75231.52,42116.37,1644939940,MIN/ADA_0.3,0.0,15243.01999999999,4818.520000000004,898.0
0.0,993364004112.0,66830.53,40906.82,1644939940,HOSKY/ADA_0.3,0.0,0.0,0.0,898.0
0.688636,87928.56,60550.82,2487.24,1644939940,SUNDAE/ADA_0.05,0.0,50.0,34.43000000000029,898.0
0.00615,9043485.0,55617.44,13816.77,1644939940,FLICK/ADA_0.3,0.0,-476.0,-2.930000000000291,898.0
0.708963,77307.55,54808.24,2822.29,1644939940,SUNDAE/ADA_1.0,0.0,0.0,0.0,898.0
0.09914,502253.0,49793.84,8791.5,1644939940,cNETA/ADA_0.3,0.001572000000000004,-4024.0,397.0,898.0
0.013669,3292891.0,45011.48,1163.67,1644939940,CNFT/ADA_0.3,0.0,0.0,0.0,898.0
0.138095,303320.41,41887.33,1464.5,1644939940,MELD/ADA_1.0,0.0,0.0,0.0,898.0
0.107162,310794.35,33305.55,4039.34,1644939940,REVU/ADA_0.3,-0.0007290000000000074,1053.3499999999767,-112.91999999999825,898.0
0.002795,11639364.66,32541.79,18343.23,1644939940,DRIP/ADA_1.0,-1.1999999999999858e-05,26693.31000000052,-56.2599999999984,898.0
0.00545,5807491.0,31651.88,2571.88,1644939940,BDOGE/ADA_1.0,0.0,0.0,0.0,898.0
42.067199,717.0,30162.18,3375.76,1644939940,unsi…en/ADA_1.0,0.0,0.0,0.0,898.0
0.017304,1664501.0,28802.92,7386.23,1644939940,QUID/ADA_0.3,0.0,0.0,0.0,898.0
0.000849,33524545.34,28491.08,343.49,1644939940,MONET/ADA_0.3,0.0,0.0,0.0,898.0
0.00075,27864987.0,20911.59,60.6,1644939940,RAG/ADA_1.0,0.0,0.0,0.0,898.0
0.111367,182755.14,20353.06,2240.41,1644939940,MINt/ADA_0.05,0.0,0.0,0.0,898.0
0.0,290642481888.0,20020.18,1420.28,1644939940,HOSKY/ADA_0.05,0.0,0.0,0.0,898.0
26.694441,735.0,19620.41,423.95,1644939940,XDIA…ND/ADA_1.0,0.0,0.0,0.0,898.0
0.016861,1118636.0,18861.63,965.89,1644939940,GOKEY/ADA_0.3,0.0,0.0,0.0,898.0
0.314679,58841.07,18516.07,5773.02,1644939940,MIN/ADA_0.05,0.0,0.0,0.0,898.0
0.169493,102499.0,17372.9,1959.36,1644939940,SKULL/ADA_1.0,0.0,0.0,0.0,898.0
0.437798,39470.0,17279.9,1565.58,1644939940,CDX/ADA_1.0,0.0,0.0,0.0,898.0
0.04007,426653.0,17096.01,353.32,1644939940,cMETA/ADA_0.3,0.0,0.0,0.0,898.0
0.000542,28838788.0,15658.48,9630.5,1644939940,KIDZ/ADA_0.3,5.999999999999929e-06,-184801.0,100.0,898.0
2.188129,6587.41,14414.11,0.0,1644939940,DANA/ADA_0.3,0.0,0.0,0.0,898.0
0.0,15297476126.0,13251.0,3867.1,1644939940,MEOW/ADA_0.3,0.0,0.0,0.0,898.0
0.303906,41899.25,12733.46,2197.4,1644939940,CARGO/ADA_0.3,0.0,0.0,0.0,898.0
0.109176,97815.0,10679.11,49.65,1644939940,Card…rm/ADA_0.3,0.0,0.0,0.0,898.0
0.768512,13602.23,10453.49,0.0,1644939940,WMT/ADA_1.0,0.0,0.0,0.0,898.0
0.046783,201382.97,9421.46,0.0,1644939940,cbTHC/ADA_0.3,0.0,0.0,0.0,898.0
0.003002,2953578.74,8867.43,0.0,1644939940,DRIP/ADA_0.3,0.0,0.0,0.0,898.0
0.741331,25520976.45,18919495.52,602115.19,1644940841,SUNDAE/ADA_0.3,0.00015999999999993797,-1065.070000000298,3297.449999999255,901.0
107.948643,149788.23,16169436.6,1280644.98,1644940841,LQ/ADA_0.3,-0.07199599999999862,50.0,-5383.040000000969,901.0
0.796841,13758955.32,10963709.69,1357051.55,1644940841,WMT/ADA_0.3,-0.0037449999999999983,34855.3200000003,-23624.33999999985,901.0
0.13168,10678376.15,1406137.72,409954.22,1644940841,MELD/ADA_0.3,-0.0002590000000000092,10518.589999999851,-1372.780000000028,901.0
0.107502,10694792.0,1149718.27,195935.88,1644940841,PAVIA/ADA_0.3,0.0002430000000000071,-12070.0,1300.4599999999627,901.0
0.16554,6498820.0,1075816.7,43724.07,1644940841,XRAY/ADA_0.3,0.0018689999999999818,-36947.0,6100.0,901.0
0.340478,2513413.0,855764.32,58859.41,1644940841,ADAX/ADA_0.3,0.00047599999999997644,-1758.0,600.0,901.0
2.04044,378527.59,772363.2,140266.28,1644940841,AADA/ADA_0.3,0.002513999999999683,-232.44000000000233,478.03999999992084,901.0
1.638163,327837.73,537051.83,71900.4,1644940841,VYFI/ADA_0.3,0.012736999999999998,-1280.0200000000186,2095.0,901.0
6.245455,51838.0,323751.92,133079.96,1644940841,MILK/ADA_0.3,0.0018079999999995877,-7.0,50.0,901.0
0.112017,1754196.2,196500.91,78123.11,1644940841,MINt/ADA_0.3,0.0004760000000000042,-3732.320000000065,418.45999999999185,901.0
0.034715,5644092.56,195938.72,13899.52,1644940841,CLAP/ADA_0.3,0.0,0.0,0.0,901.0
0.0,6827162134016.0,154642.27,1389.94,1644940841,CHRLZ/ADA_0.3,0.0,2023437500.0,-45.710000000020955,901.0
2.171648,69935.55,151875.42,89007.58,1644940841,DANA/ADA_0.05,-0.010594000000000214,170.0,-369.8999999999942,901.0
0.812871,173693.79,141190.75,2799.33,1644940841,WMT/ADA_0.05,0.0,-853.8800000000047,-694.0899999999965,901.0
0.005384,21516393.0,115861.25,7965.26,1644940841,RAVE/ADA_1.0,1.0000000000001327e-06,-2758.0,15.0,901.0
3.5e-05,3165547915.44,110806.72,2014.47,1644940841,ASHIB/ADA_1.0,0.0,0.0,0.0,901.0
0.0,97288873970690.0,97644.1,1997.76,1644940841,BISON/ADA_0.3,0.0,0.0,0.0,901.0
0.0337,2678136.0,90254.09,7509.81,1644940841,FIRE/ADA_0.3,0.0,0.0,0.0,901.0
0.310922,239970.54,74612.29,42735.61,1644940841,MIN/ADA_0.3,-0.005190000000000028,1981.1000000000058,-619.2300000000105,901.0
0.688636,106492.88,73334.89,2487.24,1644940841,SUNDAE/ADA_0.05,0.0,18564.320000000007,12784.07,901.0
0.0,987576816524.0,67225.05,40162.21,1644940841,HOSKY/ADA_0.3,0.0,-5787187588.0,394.5200000000041,901.0
0.00615,9043485.0,55617.44,13816.77,1644940841,FLICK/ADA_0.3,0.0,0.0,0.0,901.0
0.708963,77307.55,54808.24,2822.29,1644940841,SUNDAE/ADA_1.0,0.0,0.0,0.0,901.0
0.014484,3199009.0,46336.43,2492.6,1644940841,CNFT/ADA_0.3,0.0008149999999999998,-93882.0,1324.949999999997,901.0
0.138095,303320.41,41887.33,1464.5,1644940841,MELD/ADA_1.0,0.0,0.0,0.0,901.0
0.107162,310794.35,33305.55,4039.34,1644940841,REVU/ADA_0.3,0.0,0.0,0.0,901.0
0.002789,11652464.66,32505.57,17720.5,1644940841,DRIP/ADA_1.0,-6.000000000000363e-06,13100.0,-36.220000000001164,901.0
0.044427,723282.0,32133.76,8666.3,1644940841,cNETA/ADA_0.3,-0.054713000000000005,221029.0,-17660.079999999998,901.0
0.00545,5807491.0,31651.88,2470.88,1644940841,BDOGE/ADA_1.0,0.0,0.0,0.0,901.0
42.067199,717.0,30162.18,3375.76,1644940841,unsi…en/ADA_1.0,0.0,0.0,0.0,901.0
0.017304,1664501.0,28802.92,7386.23,1644940841,QUID/ADA_0.3,0.0,0.0,0.0,901.0
0.000849,33524545.34,28491.08,343.49,1644940841,MONET/ADA_0.3,0.0,0.0,0.0,901.0
0.00075,27864987.0,20911.59,60.6,1644940841,RAG/ADA_1.0,0.0,0.0,0.0,901.0
0.111367,182755.14,20353.06,2240.41,1644940841,MINt/ADA_0.05,0.0,0.0,0.0,901.0
0.0,290642481888.0,20020.18,1420.28,1644940841,HOSKY/ADA_0.05,0.0,0.0,0.0,901.0
26.694441,735.0,19620.41,423.95,1644940841,XDIA…ND/ADA_1.0,0.0,0.0,0.0,901.0
0.016861,1118636.0,18861.63,965.89,1644940841,GOKEY/ADA_0.3,0.0,0.0,0.0,901.0
0.314679,58841.07,18516.07,5773.02,1644940841,MIN/ADA_0.05,0.0,0.0,0.0,901.0
0.169493,102499.0,17372.9,1959.36,1644940841,SKULL/ADA_1.0,0.0,0.0,0.0,901.0
0.04007,426653.0,17096.01,353.32,1644940841,cMETA/ADA_0.3,0.0,0.0,0.0,901.0
0.426967,39970.0,17065.87,1779.61,1644940841,CDX/ADA_1.0,-0.010831000000000035,500.0,-214.03000000000247,901.0
0.000542,28838788.0,15658.48,9630.5,1644940841,KIDZ/ADA_0.3,0.0,0.0,0.0,901.0
2.188129,6587.41,14414.11,0.0,1644940841,DANA/ADA_0.3,0.0,0.0,0.0,901.0
0.0,15297476126.0,13251.0,3787.56,1644940841,MEOW/ADA_0.3,0.0,0.0,0.0,901.0
0.306294,41735.86,12783.46,2247.55,1644940841,CARGO/ADA_0.3,0.0023880000000000012,-163.38999999999942,50.0,901.0
0.109176,97815.0,10679.11,49.65,1644940841,Card…rm/ADA_0.3,0.0,0.0,0.0,901.0
0.768512,13602.23,10453.49,0.0,1644940841,WMT/ADA_1.0,0.0,0.0,0.0,901.0
0.046783,201382.97,9421.46,0.0,1644940841,cbTHC/ADA_0.3,0.0,0.0,0.0,901.0
0.003002,2953578.74,8867.43,0.0,1644940841,DRIP/ADA_0.3,0.0,0.0,0.0,901.0
0.74124,25522833.28,18918552.72,605755.13,1644941739,SUNDAE/ADA_0.3,-9.099999999995223e-05,1856.8300000019372,-942.8000000007451,898.0
107.567416,150053.88,16140909.21,1313631.03,1644941739,LQ/ADA_0.3,-0.38122700000000975,265.6499999999942,-28527.389999998733,898.0
0.79687,13760575.92,10965400.48,1357252.15,1644941739,WMT/ADA_0.3,2.8999999999945736e-05,1620.5999999996275,1690.7900000009686,898.0
0.131807,10674556.16,1406988.47,411003.29,1644941739,MELD/ADA_0.3,0.000127000000000016,-3819.9900000002235,850.75,898.0
0.106604,10739792.0,1144915.31,200738.84,1644941739,PAVIA/ADA_0.3,-0.000897999999999996,45000.0,-4802.959999999963,898.0
0.16554,6498820.0,1075816.7,43724.07,1644941739,XRAY/ADA_0.3,0.0,0.0,0.0,898.0
0.340424,2513613.0,855696.44,58927.3,1644941739,ADAX/ADA_0.3,-5.3999999999998494e-05,200.0,-67.88000000000466,898.0
2.038495,378708.47,771995.62,140703.97,1644941739,AADA/ADA_0.3,-0.0019449999999996415,180.87999999994645,-367.5799999999581,898.0
1.638163,327837.73,537051.83,71900.4,1644941739,VYFI/ADA_0.3,0.0,0.0,0.0,898.0
6.306003,51589.0,325320.4,134653.14,1644941739,MILK/ADA_0.3,0.060547999999999824,-249.0,1568.4800000000396,898.0
0.112029,1754107.2,196510.91,66462.68,1644941739,MINt/ADA_0.3,1.1999999999998123e-05,-89.0,10.0,898.0
0.034715,5644092.56,195938.72,13627.41,1644941739,CLAP/ADA_0.3,0.0,0.0,0.0,898.0
0.0,6832162134016.0,154529.44,1388.95,1644941739,CHRLZ/ADA_0.3,0.0,5000000000.0,-112.8299999999872,898.0
2.16017,70121.15,151473.63,88626.04,1644941739,DANA/ADA_0.05,-0.011477999999999877,185.59999999999127,-401.79000000000815,898.0
0.812871,173693.79,141190.75,2799.33,1644941739,WMT/ADA_0.05,0.0,0.0,0.0,898.0
0.005397,21491400.0,115997.35,7051.49,1644941739,RAVE/ADA_1.0,1.299999999999999e-05,-24993.0,136.10000000000582,898.0
3.5e-05,3164982366.27,110826.72,2034.67,1644941739,ASHIB/ADA_1.0,0.0,-565549.1700000763,20.0,898.0
0.0,97288873970690.0,97644.1,1752.53,1644941739,BISON/ADA_0.3,0.0,0.0,0.0,898.0
0.033559,2683743.0,90066.09,7663.73,1644941739,FIRE/ADA_0.3,-0.00014100000000000223,5607.0,-188.0,898.0
0.308439,240936.04,74314.19,38574.73,1644941739,MIN/ADA_0.3,-0.0024829999999999575,965.5,-298.09999999999127,898.0
0.688636,106442.88,73300.45,2487.24,1644941739,SUNDAE/ADA_0.05,0.0,-50.0,-34.44000000000233,898.0
0.0,989576816524.0,67089.59,40297.67,1644941739,HOSKY/ADA_0.3,0.0,2000000000.0,-135.4600000000064,898.0
0.00615,9043485.0,55617.44,13816.77,1644941739,FLICK/ADA_0.3,0.0,0.0,0.0,898.0
0.708963,77307.55,54808.24,2822.29,1644941739,SUNDAE/ADA_1.0,0.0,0.0,0.0,898.0
0.099531,501269.0,49891.89,8666.3,1644941739,cNETA/ADA_0.3,0.05510399999999999,-222013.0,17758.13,898.0
0.014394,3209009.0,46192.47,2636.56,1644941739,CNFT/ADA_0.3,-8.99999999999998e-05,10000.0,-143.95999999999913,898.0
0.138095,303320.41,41887.33,1464.5,1644941739,MELD/ADA_1.0,0.0,0.0,0.0,898.0
0.107162,310794.35,33305.55,4039.34,1644941739,REVU/ADA_0.3,0.0,0.0,0.0,898.0
0.00545,5807491.0,31651.88,2470.88,1644941739,BDOGE/ADA_1.0,0.0,0.0,0.0,898.0
0.002612,12041985.74,31464.3,18761.78,1644941739,DRIP/ADA_1.0,-0.00017699999999999964,389521.0800000001,-1041.2700000000004,898.0
42.067199,717.0,30162.18,3375.76,1644941739,unsi…en/ADA_1.0,0.0,0.0,0.0,898.0
0.017304,1664501.0,28802.92,6104.21,1644941739,QUID/ADA_0.3,0.0,0.0,0.0,898.0
0.000849,33524545.34,28491.08,343.49,1644941739,MONET/ADA_0.3,0.0,0.0,0.0,898.0
0.00075,27864987.0,20911.59,60.6,1644941739,RAG/ADA_1.0,0.0,0.0,0.0,898.0
0.111367,182755.14,20353.06,2240.41,1644941739,MINt/ADA_0.05,0.0,0.0,0.0,898.0
0.0,290642481888.0,20020.18,1420.28,1644941739,HOSKY/ADA_0.05,0.0,0.0,0.0,898.0
26.694441,735.0,19620.41,423.95,1644941739,XDIA…ND/ADA_1.0,0.0,0.0,0.0,898.0
0.016861,1118636.0,18861.63,771.9,1644941739,GOKEY/ADA_0.3,0.0,0.0,0.0,898.0
0.314679,58841.07,18516.07,5072.67,1644941739,MIN/ADA_0.05,0.0,0.0,0.0,898.0
0.169493,102499.0,17372.9,1596.14,1644941739,SKULL/ADA_1.0,0.0,0.0,0.0,898.0
0.4395,39399.0,17315.87,2032.11,1644941739,CDX/ADA_1.0,0.012533000000000016,-571.0,250.0,898.0
0.04007,426653.0,17096.01,353.32,1644941739,cMETA/ADA_0.3,0.0,0.0,0.0,898.0
0.00056,28378767.0,15913.07,9885.85,1644941739,KIDZ/ADA_0.3,1.8000000000000004e-05,-460021.0,254.59000000000015,898.0
2.188129,6587.41,14414.11,0.0,1644941739,DANA/ADA_0.3,0.0,0.0,0.0,898.0
0.0,15297476126.0,13251.0,3787.56,1644941739,MEOW/ADA_0.3,0.0,0.0,0.0,898.0
0.306294,41735.86,12783.46,2247.55,1644941739,CARGO/ADA_0.3,0.0,0.0,0.0,898.0
0.109176,97815.0,10679.11,49.65,1644941739,Card…rm/ADA_0.3,0.0,0.0,0.0,898.0
0.768512,13742.41,10561.21,0.0,1644941739,WMT/ADA_1.0,0.0,140.1800000000003,107.71999999999935,898.0
0.046783,201382.97,9421.46,0.0,1644941739,cbTHC/ADA_0.3,0.0,0.0,0.0,898.0
0.003002,2954578.74,8870.43,0.0,1644941739,DRIP/ADA_0.3,0.0,1000.0,3.0,898.0
0.741482,25519670.93,18922390.02,608859.97,1644942640,SUNDAE/ADA_0.3,0.00024199999999996447,-3162.35000000149,3837.300000000745,900.0
107.558532,150060.12,16140247.05,1316553.51,1644942640,LQ/ADA_0.3,-0.008883999999994785,6.239999999990687,-662.160000000149,900.0
0.797009,13760569.39,10967298.13,1358719.59,1644942640,WMT/ADA_0.3,0.00013900000000000023,-6.529999999329448,1897.6500000003725,900.0
0.131951,10668735.02,1407758.47,411775.6,1644942640,MELD/ADA_0.3,0.00014400000000000523,-5821.140000000596,770.0,900.0
0.107972,10671684.0,1152244.8,208090.32,1644942640,PAVIA/ADA_0.3,0.0013679999999999942,-68108.0,7329.489999999991,900.0
0.165528,6499043.0,1075779.9,43760.87,1644942640,XRAY/ADA_0.3,-1.1999999999984245e-05,223.0,-36.800000000046566,900.0
0.340469,2513449.0,855752.92,59079.12,1644942640,ADAX/ADA_0.3,4.500000000001725e-05,-164.0,56.48000000009779,900.0
2.03783,378771.14,771871.48,141901.44,1644942640,AADA/ADA_0.3,-0.0006650000000001377,62.67000000004191,-124.14000000001397,900.0
1.63925,327729.23,537230.15,72079.26,1644942640,VYFI/ADA_0.3,0.0010870000000000601,-108.5,178.3200000000652,900.0
6.306003,51589.0,325320.4,134653.14,1644942640,MILK/ADA_0.3,0.0,0.0,0.0,900.0
0.112027,1754117.2,196509.79,66463.79,1644942640,MINt/ADA_0.3,-2.000000000002e-06,10.0,-1.1199999999953434,900.0
0.034715,5644092.56,195938.72,13627.41,1644942640,CLAP/ADA_0.3,0.0,0.0,0.0,900.0
0.0,6832162134016.0,154529.44,1388.95,1644942640,CHRLZ/ADA_0.3,0.0,0.0,0.0,900.0
2.163022,70074.91,151573.63,88726.09,1644942640,DANA/ADA_0.05,0.0028519999999998547,-46.23999999999069,100.0,900.0
0.812871,173745.59,141232.85,2799.33,1644942640,WMT/ADA_0.05,0.0,51.79999999998836,42.10000000000582,900.0
0.005398,21488907.0,116010.95,7065.22,1644942640,RAVE/ADA_1.0,1.0000000000001327e-06,-2493.0,13.599999999991269,900.0
3.4e-05,3171982366.27,110584.58,2276.8,1644942640,ASHIB/ADA_1.0,-9.999999999999972e-07,7000000.0,-242.13999999999942,900.0
0.0,97288873970690.0,97644.1,1752.53,1644942640,BISON/ADA_0.3,0.0,0.0,0.0,900.0
0.034566,2644440.0,91408.75,9010.42,1644942640,FIRE/ADA_0.3,0.001007000000000001,-39303.0,1342.6600000000035,900.0
0.305898,242936.31,74313.92,39201.93,1644942640,MIN/ADA_0.3,-0.0025410000000000155,2000.2699999999895,-0.27000000000407454,900.0
0.688636,106804.65,73549.58,2487.24,1644942640,SUNDAE/ADA_0.05,0.0,361.7699999999895,249.13000000000466,900.0
0.0,980388640423.0,67720.55,41032.1,1644942640,HOSKY/ADA_0.3,0.0,-9188176101.0,630.9600000000064,900.0
0.006152,9041865.0,55627.44,13826.8,1644942640,FLICK/ADA_0.3,2.0000000000002655e-06,-1620.0,10.0,900.0
0.708963,77307.55,54808.24,2822.29,1644942640,SUNDAE/ADA_1.0,0.0,0.0,0.0,900.0
0.099531,501319.0,49896.85,8666.3,1644942640,cNETA/ADA_0.3,0.0,50.0,4.959999999999127,900.0
0.014394,3209009.0,46192.47,2636.56,1644942640,CNFT/ADA_0.3,0.0,0.0,0.0,900.0
0.138095,303320.41,41887.33,1464.5,1644942640,MELD/ADA_1.0,0.0,0.0,0.0,900.0
0.107162,310794.35,33305.55,4039.34,1644942640,REVU/ADA_0.3,0.0,0.0,0.0,900.0
0.00545,5807491.0,31651.88,2470.88,1644942640,BDOGE/ADA_1.0,0.0,0.0,0.0,900.0
0.002612,12044985.74,31472.13,18761.78,1644942640,DRIP/ADA_1.0,0.0,3000.0,7.830000000001746,900.0
42.067199,717.0,30162.18,3375.76,1644942640,unsi…en/ADA_1.0,0.0,0.0,0.0,900.0
0.017304,1664501.0,28802.92,6104.21,1644942640,QUID/ADA_0.3,0.0,0.0,0.0,900.0
0.000849,33524545.34,28491.08,343.49,1644942640,MONET/ADA_0.3,0.0,0.0,0.0,900.0
0.00075,27864987.0,20911.59,60.6,1644942640,RAG/ADA_1.0,0.0,0.0,0.0,900.0
0.111367,182755.14,20353.06,2240.41,1644942640,MINt/ADA_0.05,0.0,0.0,0.0,900.0
0.0,290642481888.0,20020.18,1420.28,1644942640,HOSKY/ADA_0.05,0.0,0.0,0.0,900.0
26.694441,735.0,19620.41,423.95,1644942640,XDIA…ND/ADA_1.0,0.0,0.0,0.0,900.0
0.016861,1118636.0,18861.63,771.9,1644942640,GOKEY/ADA_0.3,0.0,0.0,0.0,900.0
0.314679,58841.07,18516.07,5072.67,1644942640,MIN/ADA_0.05,0.0,0.0,0.0,900.0
0.169493,102499.0,17372.9,1596.14,1644942640,SKULL/ADA_1.0,0.0,0.0,0.0,900.0
0.4395,39399.0,17315.87,2032.11,1644942640,CDX/ADA_1.0,0.0,0.0,0.0,900.0
0.04007,426653.0,17096.01,353.32,1644942640,cMETA/ADA_0.3,0.0,0.0,0.0,900.0
0.00056,28378767.0,15913.07,9885.85,1644942640,KIDZ/ADA_0.3,0.0,0.0,0.0,900.0
2.188129,6587.41,14414.11,0.0,1644942640,DANA/ADA_0.3,0.0,0.0,0.0,900.0
0.0,15297476126.0,13251.0,3787.56,1644942640,MEOW/ADA_0.3,0.0,0.0,0.0,900.0
0.306294,41735.86,12783.46,2247.55,1644942640,CARGO/ADA_0.3,0.0,0.0,0.0,900.0
0.109176,97815.0,10679.11,49.65,1644942640,Card…rm/ADA_0.3,0.0,0.0,0.0,900.0
0.768512,13742.41,10561.21,0.0,1644942640,WMT/ADA_1.0,0.0,0.0,0.0,900.0
0.046783,201382.97,9421.46,0.0,1644942640,cbTHC/ADA_0.3,0.0,0.0,0.0,900.0
0.003002,2954578.74,8870.43,0.0,1644942640,DRIP/ADA_0.3,0.0,0.0,0.0,900.0
0.741646,25555147.01,18952888.73,612972.27,1644943540,SUNDAE/ADA_0.3,0.000164000000000053,35476.08000000194,30498.710000000894,899.0
107.253375,150281.94,16118246.26,1339432.13,1644943540,LQ/ADA_0.3,-0.3051569999999941,221.82000000000698,-22000.79000000097,899.0
0.796525,13777384.98,10974031.86,1364933.86,1644943540,WMT/ADA_0.3,-0.00048399999999992893,16815.58999999985,6733.729999998584,899.0
0.130199,10703039.47,1393528.62,424575.95,1644943540,MELD/ADA_0.3,-0.0017520000000000036,34304.45000000112,-14229.84999999986,899.0
0.107872,10676837.0,1151736.44,210790.72,1644943540,PAVIA/ADA_0.3,-0.00010000000000000286,5153.0,-508.36000000010245,899.0
0.165034,6536810.0,1078800.77,45372.31,1644943540,XRAY/ADA_0.3,-0.0004940000000000222,37767.0,3020.8700000001118,899.0
0.340477,2513420.0,855762.92,59099.18,1644943540,ADAX/ADA_0.3,7.99999999995249e-06,-29.0,10.0,899.0
2.03783,378771.14,771871.48,141901.44,1644943540,AADA/ADA_0.3,0.0,0.0,0.0,899.0
1.63931,327723.15,537240.15,72089.29,1644943540,VYFI/ADA_0.3,5.999999999994898e-05,-6.0799999999580905,10.0,899.0
6.306003,51589.0,325320.4,134653.14,1644943540,MILK/ADA_0.3,0.0,0.0,0.0,899.0
0.112734,1748616.76,197129.79,67085.65,1644943540,MINt/ADA_0.3,0.0007069999999999993,-5500.439999999944,620.0,899.0
0.034715,5644092.56,195938.72,13627.41,1644943540,CLAP/ADA_0.3,0.0,0.0,0.0,899.0
0.0,6832162134016.0,154529.44,1388.95,1644943540,CHRLZ/ADA_0.3,0.0,0.0,0.0,899.0
2.163022,70074.91,151573.63,88726.09,1644943540,DANA/ADA_0.05,0.0,0.0,0.0,899.0
0.812871,173745.59,141232.85,2799.33,1644943540,WMT/ADA_0.05,0.0,0.0,0.0,899.0
0.005398,21503614.0,116090.34,7065.22,1644943540,RAVE/ADA_1.0,0.0,14707.0,79.38999999999942,899.0
3.4e-05,3171982366.27,110584.58,2276.8,1644943540,ASHIB/ADA_1.0,0.0,0.0,0.0,899.0
0.0,97288873970690.0,97644.1,1752.53,1644943540,BISON/ADA_0.3,0.0,0.0,0.0,899.0
0.034641,2641559.0,91508.75,9110.72,1644943540,FIRE/ADA_0.3,7.499999999999868e-05,-2881.0,100.0,899.0
0.688636,106874.35,73597.58,2487.24,1644943540,SUNDAE/ADA_0.05,0.0,69.70000000001164,48.0,899.0
0.299031,245717.83,73477.43,40482.62,1644943540,MIN/ADA_0.3,-0.006867000000000012,2781.5199999999895,-836.4900000000052,899.0
0.0,980389637207.0,67720.62,41032.1,1644943540,HOSKY/ADA_0.3,0.0,996784.0,0.069999999992433,899.0
0.006152,9041865.0,55627.44,13826.8,1644943540,FLICK/ADA_0.3,0.0,0.0,0.0,899.0
0.708963,77307.55,54808.24,2822.29,1644943540,SUNDAE/ADA_1.0,0.0,0.0,0.0,899.0
0.099135,502319.0,49797.81,8765.34,1644943540,cNETA/ADA_0.3,-0.0003959999999999936,1000.0,-99.04000000000087,899.0
0.014394,3209009.0,46192.47,2636.56,1644943540,CNFT/ADA_0.3,0.0,0.0,0.0,899.0
0.138095,303320.41,41887.33,1464.5,1644943540,MELD/ADA_1.0,0.0,0.0,0.0,899.0
0.107162,310794.35,33305.55,4039.34,1644943540,REVU/ADA_0.3,0.0,0.0,0.0,899.0
0.002659,11939712.22,31752.43,19044.88,1644943540,DRIP/ADA_1.0,4.699999999999973e-05,-105273.51999999955,280.2999999999993,899.0
0.00545,5807491.0,31651.88,2470.88,1644943540,BDOGE/ADA_1.0,0.0,0.0,0.0,899.0
42.067199,717.0,30162.18,3375.76,1644943540,unsi…en/ADA_1.0,0.0,0.0,0.0,899.0
0.017304,1664501.0,28802.92,6104.21,1644943540,QUID/ADA_0.3,0.0,0.0,0.0,899.0
0.000849,33524545.34,28491.08,343.49,1644943540,MONET/ADA_0.3,0.0,0.0,0.0,899.0
0.00075,27864987.0,20911.59,60.6,1644943540,RAG/ADA_1.0,0.0,0.0,0.0,899.0
0.111367,182755.14,20353.06,2240.41,1644943540,MINt/ADA_0.05,0.0,0.0,0.0,899.0
0.0,290642481888.0,20020.18,1420.28,1644943540,HOSKY/ADA_0.05,0.0,0.0,0.0,899.0
26.694441,735.0,19620.41,423.95,1644943540,XDIA…ND/ADA_1.0,0.0,0.0,0.0,899.0
0.016861,1118636.0,18861.63,771.9,1644943540,GOKEY/ADA_0.3,0.0,0.0,0.0,899.0
0.314679,58841.07,18516.07,5072.67,1644943540,MIN/ADA_0.05,0.0,0.0,0.0,899.0
0.169763,102418.0,17386.86,1610.24,1644943540,SKULL/ADA_1.0,0.00026999999999999247,-81.0,13.959999999999127,899.0
0.4395,39399.0,17315.87,2032.11,1644943540,CDX/ADA_1.0,0.0,0.0,0.0,899.0
0.04007,426653.0,17096.01,353.32,1644943540,cMETA/ADA_0.3,0.0,0.0,0.0,899.0
0.00056,28378767.0,15913.07,9885.85,1644943540,KIDZ/ADA_0.3,0.0,0.0,0.0,899.0
2.188129,6587.41,14414.11,0.0,1644943540,DANA/ADA_0.3,0.0,0.0,0.0,899.0
0.0,15297476126.0,13251.0,3787.56,1644943540,MEOW/ADA_0.3,0.0,0.0,0.0,899.0
0.306294,41735.86,12783.46,2247.55,1644943540,CARGO/ADA_0.3,0.0,0.0,0.0,899.0
0.109176,97815.0,10679.11,49.65,1644943540,Card…rm/ADA_0.3,0.0,0.0,0.0,899.0
0.768512,13742.41,10561.21,0.0,1644943540,WMT/ADA_1.0,0.0,0.0,0.0,899.0
0.046783,201382.97,9421.46,0.0,1644943540,cbTHC/ADA_0.3,0.0,0.0,0.0,899.0
0.003002,2954578.74,8870.43,0.0,1644943540,DRIP/ADA_0.3,0.0,0.0,0.0,899.0
0.741666,25556488.76,18954403.61,609084.04,1644944440,SUNDAE/ADA_0.3,2.0000000000020002e-05,1341.75,1514.879999998957,899.0
107.183699,150336.94,16113670.41,1320586.21,1644944440,LQ/ADA_0.3,-0.06967600000000118,55.0,-4575.8499999996275,899.0
0.796732,13775843.13,10975664.68,1340444.68,1644944440,WMT/ADA_0.3,0.00020699999999995722,-1541.8499999996275,1632.820000000298,899.0
0.130199,10703039.47,1393528.62,420734.02,1644944440,MELD/ADA_0.3,0.0,0.0,0.0,899.0
0.107923,10674297.0,1152011.44,207561.1,1644944440,PAVIA/ADA_0.3,5.100000000000937e-05,-2540.0,275.0,899.0
0.165034,6536810.0,1078800.77,31873.75,1644944440,XRAY/ADA_0.3,0.0,0.0,0.0,899.0
0.342068,2507578.0,857762.92,58429.63,1644944440,ADAX/ADA_0.3,0.001591000000000009,-5842.0,2000.0,899.0
2.031247,381112.18,774133.21,143036.07,1644944440,AADA/ADA_0.3,-0.0065830000000000055,2341.039999999979,2261.7299999999814,899.0
1.63931,327723.15,537240.15,71146.35,1644944440,VYFI/ADA_0.3,0.0,0.0,0.0,899.0
6.356577,51380.0,326600.97,122520.77,1644944440,MILK/ADA_0.3,0.05057400000000012,-209.0,1280.5699999999488,899.0
0.112963,1746849.8,197329.79,65874.68,1644944440,MINt/ADA_0.3,0.0002289999999999931,-1766.9599999999627,200.0,899.0
0.034715,5644092.56,195938.72,13179.75,1644944440,CLAP/ADA_0.3,0.0,0.0,0.0,899.0
0.0,6832162134016.0,154529.44,1039.62,1644944440,CHRLZ/ADA_0.3,0.0,0.0,0.0,899.0
2.163022,70074.91,151573.63,87897.22,1644944440,DANA/ADA_0.05,0.0,0.0,0.0,899.0
0.812871,173781.59,141262.12,2799.33,1644944440,WMT/ADA_0.05,0.0,36.0,29.269999999989523,899.0
0.005399,21484833.0,115999.8,7070.73,1644944440,RAVE/ADA_1.0,1.0000000000001327e-06,-18781.0,-90.5399999999936,899.0
3.4e-05,3171982366.27,110584.58,2276.8,1644944440,ASHIB/ADA_1.0,0.0,0.0,0.0,899.0
0.0,97288873970690.0,97644.1,1456.6,1644944440,BISON/ADA_0.3,0.0,0.0,0.0,899.0
0.03472,2638566.0,91612.88,8683.43,1644944440,FIRE/ADA_0.3,7.900000000000268e-05,-2993.0,104.13000000000466,899.0
0.312591,240337.12,75127.43,42137.57,1644944440,MIN/ADA_0.3,0.013560000000000016,-5380.709999999992,1650.0,899.0
0.688636,107874.35,74286.22,2487.24,1644944440,SUNDAE/ADA_0.05,0.0,1000.0,688.6399999999994,899.0
0.0,980389637207.0,67720.62,39702.97,1644944440,HOSKY/ADA_0.3,0.0,0.0,0.0,899.0
0.006152,9041865.0,55627.44,13826.8,1644944440,FLICK/ADA_0.3,0.0,0.0,0.0,899.0
0.708963,77307.55,54808.24,2822.29,1644944440,SUNDAE/ADA_1.0,0.0,0.0,0.0,899.0
0.099116,502369.0,49792.87,8645.57,1644944440,cNETA/ADA_0.3,-1.9000000000005124e-05,50.0,-4.939999999995052,899.0
0.014394,3209009.0,46192.47,2636.56,1644944440,CNFT/ADA_0.3,0.0,0.0,0.0,899.0
0.138095,303320.41,41887.33,1464.5,1644944440,MELD/ADA_1.0,0.0,0.0,0.0,899.0
0.107162,310794.35,33305.55,3949.39,1644944440,REVU/ADA_0.3,0.0,0.0,0.0,899.0
0.002652,11954712.22,31712.99,18127.99,1644944440,DRIP/ADA_1.0,-7.000000000000062e-06,15000.0,-39.43999999999869,899.0
0.00545,5807491.0,31651.88,1946.08,1644944440,BDOGE/ADA_1.0,0.0,0.0,0.0,899.0
42.067199,717.0,30162.18,3102.98,1644944440,unsi…en/ADA_1.0,0.0,0.0,0.0,899.0
0.017304,1664501.0,28802.92,3465.32,1644944440,QUID/ADA_0.3,0.0,0.0,0.0,899.0
0.000849,33524545.34,28491.08,343.49,1644944440,MONET/ADA_0.3,0.0,0.0,0.0,899.0
0.00075,27864987.0,20911.59,60.6,1644944440,RAG/ADA_1.0,0.0,0.0,0.0,899.0
0.111367,182755.14,20353.06,2240.41,1644944440,MINt/ADA_0.05,0.0,0.0,0.0,899.0
0.0,290642481888.0,20020.18,1420.28,1644944440,HOSKY/ADA_0.05,0.0,0.0,0.0,899.0
26.694441,735.0,19620.41,423.95,1644944440,XDIA…ND/ADA_1.0,0.0,0.0,0.0,899.0
0.016861,1118636.0,18861.63,771.9,1644944440,GOKEY/ADA_0.3,0.0,0.0,0.0,899.0
0.314679,58841.07,18516.07,4129.3,1644944440,MIN/ADA_0.05,0.0,0.0,0.0,899.0
0.4395,39399.0,17315.87,2032.11,1644944440,CDX/ADA_1.0,0.0,0.0,0.0,899.0
0.166512,103418.0,17220.41,1776.69,1644944440,SKULL/ADA_1.0,-0.003251000000000004,1000.0,-166.45000000000073,899.0
0.04007,426653.0,17096.01,258.04,1644944440,cMETA/ADA_0.3,0.0,0.0,0.0,899.0
0.00056,28378767.0,15913.07,9083.45,1644944440,KIDZ/ADA_0.3,0.0,0.0,0.0,899.0
2.188129,6587.41,14414.11,0.0,1644944440,DANA/ADA_0.3,0.0,0.0,0.0,899.0
0.0,15297476126.0,13251.0,3787.56,1644944440,MEOW/ADA_0.3,0.0,0.0,0.0,899.0
0.306294,41735.86,12783.46,1906.53,1644944440,CARGO/ADA_0.3,0.0,0.0,0.0,899.0
0.768512,14339.21,11019.86,0.0,1644944440,WMT/ADA_1.0,0.0,596.7999999999993,458.65000000000146,899.0
0.109176,97815.0,10679.11,49.65,1644944440,Card…rm/ADA_0.3,0.0,0.0,0.0,899.0
0.046783,201382.97,9421.46,0.0,1644944440,cbTHC/ADA_0.3,0.0,0.0,0.0,899.0
0.003002,2954578.74,8870.43,0.0,1644944440,DRIP/ADA_0.3,0.0,0.0,0.0,899.0
0.742307,25553025.02,18968210.86,616305.64,1644945339,SUNDAE/ADA_0.3,0.0006410000000000027,-3463.740000002086,13807.25,899.0
107.251158,150323.35,16122354.31,1327825.35,1644945339,LQ/ADA_0.3,0.06745899999999949,-13.589999999996508,8683.900000000373,899.0
0.797812,13766660.8,10983219.19,1347915.83,1644945339,WMT/ADA_0.3,0.0010799999999999699,-9182.330000000075,7554.5099999997765,899.0
0.130253,10704780.77,1394336.61,420734.02,1644945339,MELD/ADA_0.3,5.3999999999998494e-05,1741.2999999988824,807.9899999999907,899.0
0.107909,10675008.0,1151937.28,208386.39,1644945339,PAVIA/ADA_0.3,-1.4000000000000123e-05,711.0,-74.15999999991618,899.0
0.16504,6536692.0,1078821.39,32253.73,1644945339,XRAY/ADA_0.3,6.0000000000060005e-06,-118.0,20.619999999878928,899.0
0.343451,2502531.0,859498.2,60170.12,1644945339,ADAX/ADA_0.3,0.001383000000000023,-5047.0,1735.2799999999115,899.0
2.031247,381112.18,774133.21,143036.07,1644945339,AADA/ADA_0.3,0.0,0.0,0.0,899.0
1.636101,328044.89,536714.82,71671.68,1644945339,VYFI/ADA_0.3,-0.0032090000000000174,321.7399999999907,-525.3300000000745,899.0
6.373596,51312.0,327041.98,123370.66,1644945339,MILK/ADA_0.3,0.01701900000000034,-68.0,441.0100000000093,899.0
0.112963,1746849.8,197329.79,65874.68,1644945339,MINt/ADA_0.3,0.0,0.0,0.0,899.0
0.034528,5659390.06,195410.68,13707.79,1644945339,CLAP/ADA_0.3,-0.00018699999999999967,15297.5,-528.0400000000081,899.0
0.0,6832162134016.0,154529.44,1039.62,1644945339,CHRLZ/ADA_0.3,0.0,0.0,0.0,899.0
2.163022,70074.91,151573.63,87897.22,1644945339,DANA/ADA_0.05,0.0,0.0,0.0,899.0
0.812871,173662.18,141165.05,2799.33,1644945339,WMT/ADA_0.05,0.0,-119.41000000000349,-97.07000000000698,899.0
0.005404,21474753.0,116054.8,7126.28,1644945339,RAVE/ADA_1.0,4.999999999999796e-06,-10080.0,55.0,899.0
3.4e-05,3171982366.27,110584.58,2276.8,1644945339,ASHIB/ADA_1.0,0.0,0.0,0.0,899.0
0.0,97288873970690.0,97644.1,1456.6,1644945339,BISON/ADA_0.3,0.0,0.0,0.0,899.0
0.03472,2638566.0,91612.88,8683.43,1644945339,FIRE/ADA_0.3,0.0,0.0,0.0,899.0
0.322054,236964.53,76315.44,44529.36,1644945339,MIN/ADA_0.3,0.009463,-3372.5899999999965,1188.0100000000093,899.0
0.688636,107201.19,73822.65,2487.24,1644945339,SUNDAE/ADA_0.05,0.0,-673.1600000000035,-463.570000000007,899.0
0.0,980086626514.0,67741.62,39724.03,1644945339,HOSKY/ADA_0.3,0.0,-303010693.0,21.0,899.0
0.006152,9044475.0,55643.5,13826.8,1644945339,FLICK/ADA_0.3,0.0,2610.0,16.05999999999767,899.0
0.708963,77307.55,54808.24,2822.29,1644945339,SUNDAE/ADA_1.0,0.0,0.0,0.0,899.0
0.093995,514943.0,48402.15,9945.52,1644945339,cNETA/ADA_0.3,-0.0051210000000000006,12574.0,-1390.7200000000012,899.0
0.014394,3209009.0,46192.47,2636.56,1644945339,CNFT/ADA_0.3,0.0,0.0,0.0,899.0
0.138095,303320.41,41887.33,1464.5,1644945339,MELD/ADA_1.0,0.0,0.0,0.0,899.0
0.107162,310794.35,33305.55,3949.39,1644945339,REVU/ADA_0.3,0.0,0.0,0.0,899.0
0.002671,11915471.49,31837.59,18461.54,1644945339,DRIP/ADA_1.0,1.9000000000000353e-05,-39240.73000000045,124.59999999999854,899.0
0.00545,5807491.0,31651.88,1946.08,1644945339,BDOGE/ADA_1.0,0.0,0.0,0.0,899.0
42.067199,717.0,30162.18,3102.98,1644945339,unsi…en/ADA_1.0,0.0,0.0,0.0,899.0
0.017304,1664501.0,28802.92,3465.32,1644945339,QUID/ADA_0.3,0.0,0.0,0.0,899.0
0.000849,33524545.34,28491.08,343.49,1644945339,MONET/ADA_0.3,0.0,0.0,0.0,899.0
0.00075,27864987.0,20911.59,60.6,1644945339,RAG/ADA_1.0,0.0,0.0,0.0,899.0
0.111367,182755.14,20353.06,2240.41,1644945339,MINt/ADA_0.05,0.0,0.0,0.0,899.0
0.0,290642481888.0,20020.18,1420.28,1644945339,HOSKY/ADA_0.05,0.0,0.0,0.0,899.0
26.76859,734.0,19648.14,479.97,1644945339,XDIA…ND/ADA_1.0,0.07414899999999847,-1.0,27.729999999999563,899.0
0.016861,1118636.0,18861.63,771.9,1644945339,GOKEY/ADA_0.3,0.0,0.0,0.0,899.0
0.314679,58841.07,18516.07,4129.3,1644945339,MIN/ADA_0.05,0.0,0.0,0.0,899.0
0.4395,39399.0,17315.87,2032.11,1644945339,CDX/ADA_1.0,0.0,0.0,0.0,899.0
0.166512,103418.0,17220.41,1776.69,1644945339,SKULL/ADA_1.0,0.0,0.0,0.0,899.0
0.04007,426653.0,17096.01,258.04,1644945339,cMETA/ADA_0.3,0.0,0.0,0.0,899.0
0.000582,27855212.0,16213.07,9384.35,1644945339,KIDZ/ADA_0.3,2.20000000000001e-05,-523555.0,300.0,899.0
2.188129,6587.41,14414.11,0.0,1644945339,DANA/ADA_0.3,0.0,0.0,0.0,899.0
0.0,15297476126.0,13251.0,3787.56,1644945339,MEOW/ADA_0.3,0.0,0.0,0.0,899.0
0.306294,41735.86,12783.46,1906.53,1644945339,CARGO/ADA_0.3,0.0,0.0,0.0,899.0
0.768512,14339.21,11019.86,0.0,1644945339,WMT/ADA_1.0,0.0,0.0,0.0,899.0
0.109176,97815.0,10679.11,49.65,1644945339,Card…rm/ADA_0.3,0.0,0.0,0.0,899.0
0.046783,201382.97,9421.46,0.0,1644945339,cbTHC/ADA_0.3,0.0,0.0,0.0,899.0
0.003002,2962578.74,8894.45,0.0,1644945339,DRIP/ADA_0.3,0.0,8000.0,24.020000000000437,899.0
0.742307,25555363.65,18969946.84,616305.64,1644946239,SUNDAE/ADA_0.3,0.0,2338.629999998957,1735.980000000447,900.0
107.249241,150325.08,16122251.36,1348216.44,1644946239,LQ/ADA_0.3,-0.0019170000000059417,1.7299999999813735,-102.95000000111759,900.0
0.797383,13770566.31,10980415.99,1351095.84,1644946239,WMT/ADA_0.3,-0.0004290000000000127,3905.5099999997765,-2803.199999999255,900.0
0.129333,10748807.28,1390183.75,428129.18,1644946239,MELD/ADA_0.3,-0.0009200000000000041,44026.50999999978,-4152.860000000102,900.0
0.10786,10677459.0,1151674.52,208919.91,1644946239,PAVIA/ADA_0.3,-4.900000000000737e-05,2451.0,-262.7600000000093,900.0
0.16504,6536692.0,1078821.39,32253.73,1644946239,XRAY/ADA_0.3,0.0,0.0,0.0,900.0
0.343447,2502546.0,859493.07,60175.26,1644946239,ADAX/ADA_0.3,-4.000000000004e-06,15.0,-5.130000000004657,900.0
2.03046,381186.18,773983.38,143185.9,1644946239,AADA/ADA_0.3,-0.0007869999999998711,74.0,-149.8299999999581,900.0
1.651724,326492.15,539275.03,74239.57,1644946239,VYFI/ADA_0.3,0.015622999999999942,-1552.7399999999907,2560.210000000079,900.0
6.485547,50377.0,326722.4,126248.18,1644946239,MILK/ADA_0.3,0.11195100000000036,-935.0,-319.5799999999581,900.0
0.111682,1756850.64,196209.84,66994.63,1644946239,MINt/ADA_0.3,-0.0012809999999999905,10000.839999999851,-1119.9500000000116,900.0
0.034528,5659390.06,195410.68,13707.79,1644946239,CLAP/ADA_0.3,0.0,0.0,0.0,900.0
0.0,6832162134016.0,154529.44,1039.62,1644946239,CHRLZ/ADA_0.3,0.0,0.0,0.0,900.0
2.164021,70058.74,151608.63,87932.23,1644946239,DANA/ADA_0.05,0.0009990000000001942,-16.169999999998254,35.0,900.0
0.812871,173674.48,141175.05,2799.33,1644946239,WMT/ADA_0.05,0.0,12.300000000017462,10.0,900.0
0.005405,21472855.0,116065.16,7136.74,1644946239,RAVE/ADA_1.0,1.0000000000001327e-06,-1898.0,10.360000000000582,900.0
3.4e-05,3171982366.27,110584.58,2276.8,1644946239,ASHIB/ADA_1.0,0.0,0.0,0.0,900.0
0.0,97252897493640.0,97680.33,1492.94,1644946239,BISON/ADA_0.3,0.0,-35976477050.0,36.229999999995925,900.0
0.03472,2638566.0,91612.88,8683.43,1644946239,FIRE/ADA_0.3,0.0,0.0,0.0,900.0
0.314063,239964.53,75364.18,45480.62,1644946239,MIN/ADA_0.3,-0.007991000000000026,3000.0,-951.2600000000093,900.0
0.688636,108167.15,74487.85,2487.24,1644946239,SUNDAE/ADA_0.05,0.0,965.9599999999919,665.2000000000116,900.0
0.0,980086626514.0,67741.62,39724.03,1644946239,HOSKY/ADA_0.3,0.0,0.0,0.0,900.0
0.006152,9044475.0,55643.5,13826.8,1644946239,FLICK/ADA_0.3,0.0,0.0,0.0,900.0
0.708963,77307.55,54808.24,2822.29,1644946239,SUNDAE/ADA_1.0,0.0,0.0,0.0,900.0
0.093995,514943.0,48402.15,9945.52,1644946239,cNETA/ADA_0.3,0.0,0.0,0.0,900.0
0.014394,3209009.0,46192.47,2636.56,1644946239,CNFT/ADA_0.3,0.0,0.0,0.0,900.0
0.137194,304320.41,41751.06,1600.77,1644946239,MELD/ADA_1.0,-0.0009009999999999851,1000.0,-136.27000000000407,900.0
0.107239,310682.75,33317.55,3961.43,1644946239,REVU/ADA_0.3,7.700000000000762e-05,-111.59999999997672,12.0,900.0
0.002667,11927495.86,31816.56,18487.97,1644946239,DRIP/ADA_1.0,-4.000000000000097e-06,12024.36999999918,-21.029999999998836,900.0
0.00545,5807491.0,31651.88,1946.08,1644946239,BDOGE/ADA_1.0,0.0,0.0,0.0,900.0
42.067199,717.0,30162.18,3102.98,1644946239,unsi…en/ADA_1.0,0.0,0.0,0.0,900.0
0.017304,1664501.0,28802.92,3465.32,1644946239,QUID/ADA_0.3,0.0,0.0,0.0,900.0
0.000849,33524545.34,28491.08,343.49,1644946239,MONET/ADA_0.3,0.0,0.0,0.0,900.0
0.00075,27864987.0,20911.59,60.6,1644946239,RAG/ADA_1.0,0.0,0.0,0.0,900.0
0.111367,182755.14,20353.06,2240.41,1644946239,MINt/ADA_0.05,0.0,0.0,0.0,900.0
0.0,290642481888.0,20020.18,1420.28,1644946239,HOSKY/ADA_0.05,0.0,0.0,0.0,900.0
26.76859,734.0,19648.14,479.97,1644946239,XDIA…ND/ADA_1.0,0.0,0.0,0.0,900.0
0.016861,1118636.0,18861.63,771.9,1644946239,GOKEY/ADA_0.3,0.0,0.0,0.0,900.0
0.314679,58841.07,18516.07,4129.3,1644946239,MIN/ADA_0.05,0.0,0.0,0.0,900.0
0.4395,39399.0,17315.87,2032.11,1644946239,CDX/ADA_1.0,0.0,0.0,0.0,900.0
0.166512,103418.0,17220.41,1776.69,1644946239,SKULL/ADA_1.0,0.0,0.0,0.0,900.0
0.04007,426653.0,17096.01,258.04,1644946239,cMETA/ADA_0.3,0.0,0.0,0.0,900.0
0.000582,27855212.0,16213.07,9384.35,1644946239,KIDZ/ADA_0.3,0.0,0.0,0.0,900.0
2.188129,6587.41,14414.11,0.0,1644946239,DANA/ADA_0.3,0.0,0.0,0.0,900.0
0.0,15297476126.0,13251.0,3787.56,1644946239,MEOW/ADA_0.3,0.0,0.0,0.0,900.0
0.306294,41735.86,12783.46,1906.53,1644946239,CARGO/ADA_0.3,0.0,0.0,0.0,900.0
0.768512,14339.21,11019.86,0.0,1644946239,WMT/ADA_1.0,0.0,0.0,0.0,900.0
0.109176,97815.0,10679.11,49.65,1644946239,Card…rm/ADA_0.3,0.0,0.0,0.0,900.0
0.046783,201382.97,9421.46,0.0,1644946239,cbTHC/ADA_0.3,0.0,0.0,0.0,900.0
0.003002,2962578.74,8894.45,0.0,1644946239,DRIP/ADA_0.3,0.0,0.0,0.0,900.0
0.742622,25550996.13,18974736.21,620339.71,1644947140,SUNDAE/ADA_0.3,0.0003149999999999542,-4367.519999999553,4789.370000001043,900.0
107.26887,150312.5,16123852.24,1349912.92,1644947140,LQ/ADA_0.3,0.019629000000009,-12.579999999987194,1600.8800000008196,900.0
0.797435,13784073.89,10991911.18,1351459.6,1644947140,WMT/ADA_0.3,5.2000000000052005e-05,13507.580000000075,11495.189999999478,900.0
0.129376,10747076.06,1390421.33,428360.97,1644947140,MELD/ADA_0.3,4.299999999998749e-05,-1731.219999998808,237.5800000000745,900.0
0.107868,10681634.0,1152214.37,208964.92,1644947140,PAVIA/ADA_0.3,8.000000000008e-06,4175.0,539.8500000000931,900.0
0.164839,6540692.0,1078163.61,32911.51,1644947140,XRAY/ADA_0.3,-0.00020099999999997897,4000.0,-657.7799999997951,900.0
0.343404,2502702.0,859439.65,60228.67,1644947140,ADAX/ADA_0.3,-4.300000000001525e-05,156.0,-53.419999999925494,900.0
2.030617,381171.45,774013.38,143215.99,1644947140,AADA/ADA_0.3,0.00015699999999974068,-14.729999999981374,30.0,900.0
1.651724,326492.15,539275.03,74239.57,1644947140,VYFI/ADA_0.3,0.0,0.0,0.0,900.0
6.480408,50397.0,326593.13,126377.45,1644947140,MILK/ADA_0.3,-0.005139000000000671,20.0,-129.27000000001863,900.0
0.111555,1757850.64,196098.56,67105.91,1644947140,MINt/ADA_0.3,-0.0001270000000000021,1000.0,-111.27999999999884,900.0
0.034528,5659390.06,195410.68,13742.53,1644947140,CLAP/ADA_0.3,0.0,0.0,0.0,900.0
0.0,6832162134016.0,154529.44,1039.62,1644947140,CHRLZ/ADA_0.3,0.0,0.0,0.0,900.0
2.164021,70058.74,151608.63,87932.23,1644947140,DANA/ADA_0.05,0.0,0.0,0.0,900.0
0.812871,173638.48,141145.79,2799.33,1644947140,WMT/ADA_0.05,0.0,-36.0,-29.25999999998021,900.0
0.005405,21472855.0,116065.16,7136.74,1644947140,RAVE/ADA_1.0,0.0,0.0,0.0,900.0
3.4e-05,3171983366.27,110584.62,2276.8,1644947140,ASHIB/ADA_1.0,0.0,1000.0,0.03999999999359716,900.0
0.0,97104229519491.0,97830.33,1643.39,1644947140,BISON/ADA_0.3,0.0,-148667974149.0,150.0,900.0
0.03472,2638566.0,91612.88,8683.43,1644947140,FIRE/ADA_0.3,0.0,0.0,0.0,900.0
0.319259,238006.79,75985.96,46104.26,1644947140,MIN/ADA_0.3,0.005196000000000034,-1957.7399999999907,621.7800000000134,900.0
0.688636,109427.12,75355.51,2487.24,1644947140,SUNDAE/ADA_0.05,0.0,1259.9700000000012,867.6599999999889,900.0
0.0,980086626514.0,67741.62,39724.03,1644947140,HOSKY/ADA_0.3,0.0,0.0,0.0,900.0
0.006187,9018621.0,55803.5,13987.28,1644947140,FLICK/ADA_0.3,3.499999999999944e-05,-25854.0,160.0,900.0
0.708963,77307.55,54808.24,2822.29,1644947140,SUNDAE/ADA_1.0,0.0,0.0,0.0,900.0
0.093995,514943.0,48402.15,9945.52,1644947140,cNETA/ADA_0.3,0.0,0.0,0.0,900.0
0.014394,3209009.0,46192.47,2636.56,1644947140,CNFT/ADA_0.3,0.0,0.0,0.0,900.0
0.137194,304320.41,41751.06,1600.77,1644947140,MELD/ADA_1.0,0.0,0.0,0.0,900.0
0.107239,310682.75,33317.55,3961.43,1644947140,REVU/ADA_0.3,0.0,0.0,0.0,900.0
0.00271,11833156.71,32073.43,18811.23,1644947140,DRIP/ADA_1.0,4.300000000000007e-05,-94339.14999999851,256.869999999999,900.0
0.00545,5807491.0,31651.88,1946.08,1644947140,BDOGE/ADA_1.0,0.0,0.0,0.0,900.0
42.067199,717.0,30162.18,3102.98,1644947140,unsi…en/ADA_1.0,0.0,0.0,0.0,900.0
0.017304,1664501.0,28802.92,3465.32,1644947140,QUID/ADA_0.3,0.0,0.0,0.0,900.0
0.000849,33524545.34,28491.08,343.49,1644947140,MONET/ADA_0.3,0.0,0.0,0.0,900.0
0.00075,27864987.0,20911.59,60.6,1644947140,RAG/ADA_1.0,0.0,0.0,0.0,900.0
0.111367,182755.14,20353.06,2240.41,1644947140,MINt/ADA_0.05,0.0,0.0,0.0,900.0
0.0,290642481888.0,20020.18,1420.28,1644947140,HOSKY/ADA_0.05,0.0,0.0,0.0,900.0
26.76859,734.0,19648.14,479.97,1644947140,XDIA…ND/ADA_1.0,0.0,0.0,0.0,900.0
0.016861,1118636.0,18861.63,771.9,1644947140,GOKEY/ADA_0.3,0.0,0.0,0.0,900.0
0.314679,58841.07,18516.07,4129.3,1644947140,MIN/ADA_0.05,0.0,0.0,0.0,900.0
0.4395,39399.0,17315.87,2032.11,1644947140,CDX/ADA_1.0,0.0,0.0,0.0,900.0
0.166512,103418.0,17220.41,1776.69,1644947140,SKULL/ADA_1.0,0.0,0.0,0.0,900.0
0.04007,426653.0,17096.01,258.04,1644947140,cMETA/ADA_0.3,0.0,0.0,0.0,900.0
0.000582,27855212.0,16213.07,9384.35,1644947140,KIDZ/ADA_0.3,0.0,0.0,0.0,900.0
2.188129,6587.41,14414.11,0.0,1644947140,DANA/ADA_0.3,0.0,0.0,0.0,900.0
0.0,15309427196.0,13261.36,3787.56,1644947140,MEOW/ADA_0.3,0.0,11951070.0,10.360000000000582,900.0
0.306294,41735.86,12783.46,1906.53,1644947140,CARGO/ADA_0.3,0.0,0.0,0.0,900.0
0.768512,14339.21,11019.86,0.0,1644947140,WMT/ADA_1.0,0.0,0.0,0.0,900.0
0.109176,97815.0,10679.11,49.65,1644947140,Card…rm/ADA_0.3,0.0,0.0,0.0,900.0
0.046783,201382.97,9421.46,0.0,1644947140,cbTHC/ADA_0.3,0.0,0.0,0.0,900.0
0.003002,2959535.98,8885.31,0.0,1644947140,DRIP/ADA_0.3,0.0,-3042.760000000242,-9.140000000001237,900.0
0.742628,25552709.38,18976158.28,620414.93,1644948041,SUNDAE/ADA_0.3,5.999999999950489e-06,1713.25,1422.070000000298,901.0
107.270009,150315.24,16124317.59,1351877.48,1644948041,LQ/ADA_0.3,0.001138999999994894,2.7399999999906868,465.34999999962747,901.0
0.79787,13773263.14,10989280.51,1354468.6,1644948041,WMT/ADA_0.3,0.0004349999999999632,-10810.75,-2630.6699999999255,901.0
0.12943,10747208.59,1391020.14,428653.13,1644948041,MELD/ADA_0.3,5.3999999999998494e-05,132.52999999932945,598.809999999823,901.0
0.11003,10576367.0,1163719.03,221128.73,1644948041,PAVIA/ADA_0.3,0.0021619999999999973,-105267.0,11504.659999999916,901.0
0.16486,6540269.0,1078233.61,32981.72,1644948041,XRAY/ADA_0.3,2.0999999999993246e-05,-423.0,70.0,901.0
0.346603,2491143.0,863439.65,64240.67,1644948041,ADAX/ADA_0.3,0.0031990000000000074,-11559.0,4000.0,901.0
2.030617,381171.45,774013.38,143215.99,1644948041,AADA/ADA_0.3,0.0,0.0,0.0,901.0
1.656833,325989.15,540109.63,75076.68,1644948041,VYFI/ADA_0.3,0.00510900000000003,-503.0,834.5999999999767,901.0
6.518704,50249.0,327558.38,127345.6,1644948041,MILK/ADA_0.3,0.038295999999999886,-148.0,965.25,901.0
0.111555,1759617.6,196295.67,67100.66,1644948041,MINt/ADA_0.3,0.0,1766.9600000001956,197.11000000001513,901.0
0.03454,5658390.06,195445.31,11955.07,1644948041,CLAP/ADA_0.3,1.1999999999998123e-05,-1000.0,34.63000000000466,901.0
0.0,6833162134016.0,154506.89,1062.17,1644948041,CHRLZ/ADA_0.3,0.0,1000000000.0,-22.54999999998836,901.0
2.164021,70058.74,151608.63,85170.53,1644948041,DANA/ADA_0.05,0.0,0.0,0.0,901.0
0.812871,173638.48,141145.79,2799.33,1644948041,WMT/ADA_0.05,0.0,0.0,0.0,901.0
0.005357,21569476.0,115550.42,7520.69,1644948041,RAVE/ADA_1.0,-4.80000000000003e-05,96621.0,-514.7400000000052,901.0
3.4e-05,3171983366.27,110584.62,2207.11,1644948041,ASHIB/ADA_1.0,0.0,0.0,0.0,901.0
0.0,97104229519491.0,97830.33,1643.39,1644948041,BISON/ADA_0.3,0.0,0.0,0.0,901.0
0.03472,2638566.0,91612.88,8683.43,1644948041,FIRE/ADA_0.3,0.0,0.0,0.0,901.0
0.688636,110847.38,76333.55,2487.24,1644948041,SUNDAE/ADA_0.05,0.0,1420.2600000000093,978.0400000000081,901.0
0.319259,223492.31,71352.07,44540.98,1644948041,MIN/ADA_0.3,0.0,-14514.48000000001,-4633.889999999999,901.0
0.0,980086626514.0,67741.62,38824.15,1644948041,HOSKY/ADA_0.3,0.0,0.0,0.0,901.0
0.006188,9018299.0,55805.5,13989.28,1644948041,FLICK/ADA_0.3,1.0000000000001327e-06,-322.0,2.0,901.0
0.708963,77307.55,54808.24,2822.29,1644948041,SUNDAE/ADA_1.0,0.0,0.0,0.0,901.0
0.093904,515193.0,48378.74,9968.94,1644948041,cNETA/ADA_0.3,-9.099999999999386e-05,250.0,-23.410000000003492,901.0
0.014394,3209009.0,46192.47,2636.56,1644948041,CNFT/ADA_0.3,0.0,0.0,0.0,901.0
0.137194,304320.41,41751.06,1600.77,1644948041,MELD/ADA_1.0,0.0,0.0,0.0,901.0
0.107239,310682.75,33317.55,3395.71,1644948041,REVU/ADA_0.3,0.0,0.0,0.0,901.0
0.002696,11871071.17,32009.16,17667.22,1644948041,DRIP/ADA_1.0,-1.4000000000000123e-05,37914.45999999903,-64.27000000000044,901.0
0.005446,5809491.0,31641.09,1956.87,1644948041,BDOGE/ADA_1.0,-3.9999999999996635e-06,2000.0,-10.790000000000873,901.0
42.067199,717.0,30162.18,3102.98,1644948041,unsi…en/ADA_1.0,0.0,0.0,0.0,901.0
0.017304,1664501.0,28802.92,3459.41,1644948041,QUID/ADA_0.3,0.0,0.0,0.0,901.0
0.000849,33524545.34,28491.08,343.49,1644948041,MONET/ADA_0.3,0.0,0.0,0.0,901.0
0.00075,27864987.0,20911.59,60.6,1644948041,RAG/ADA_1.0,0.0,0.0,0.0,901.0
0.111367,182755.14,20353.06,2240.41,1644948041,MINt/ADA_0.05,0.0,0.0,0.0,901.0
0.0,290642481888.0,20020.18,1420.28,1644948041,HOSKY/ADA_0.05,0.0,0.0,0.0,901.0
26.843043,733.0,19675.95,508.05,1644948041,XDIA…ND/ADA_1.0,0.07445300000000188,-1.0,27.81000000000131,901.0
0.016861,1118636.0,18861.63,771.9,1644948041,GOKEY/ADA_0.3,0.0,0.0,0.0,901.0
0.314679,58841.07,18516.07,4129.3,1644948041,MIN/ADA_0.05,0.0,0.0,0.0,901.0
0.4395,39399.0,17315.87,2032.11,1644948041,CDX/ADA_1.0,0.0,0.0,0.0,901.0
0.166512,103418.0,17220.41,1776.69,1644948041,SKULL/ADA_1.0,0.0,0.0,0.0,901.0
0.04007,429673.0,17217.02,258.04,1644948041,cMETA/ADA_0.3,0.0,3020.0,121.01000000000204,901.0
0.000584,27807333.0,16241.07,7092.92,1644948041,KIDZ/ADA_0.3,1.99999999999994e-06,-47879.0,28.0,901.0
2.188129,6587.41,14414.11,0.0,1644948041,DANA/ADA_0.3,0.0,0.0,0.0,901.0
0.0,15309427196.0,13261.36,3787.56,1644948041,MEOW/ADA_0.3,0.0,0.0,0.0,901.0
0.306294,41735.86,12783.46,1573.02,1644948041,CARGO/ADA_0.3,0.0,0.0,0.0,901.0
0.768512,14339.21,11019.86,0.0,1644948041,WMT/ADA_1.0,0.0,0.0,0.0,901.0
0.109176,97815.0,10679.11,49.65,1644948041,Card…rm/ADA_0.3,0.0,0.0,0.0,901.0
0.001174,8040388.0,9440.39,25.25,1644948041,FLANO/ADA_1.0,0.0,638775.0,750.0,40502.0
0.046783,201382.97,9421.46,0.0,1644948041,cbTHC/ADA_0.3,0.0,0.0,0.0,901.0
0.742686,25552034.27,18977154.65,609766.79,1644948941,SUNDAE/ADA_0.3,5.8000000000002494e-05,-675.109999999404,996.3699999973178,899.0
107.210756,150403.38,16124860.38,1241184.94,1644948941,LQ/ADA_0.3,-0.059252999999998224,88.14000000001397,542.7900000009686,899.0
0.79805,13772188.2,10990899.19,1382120.37,1644948941,WMT/ADA_0.3,0.000180000000000069,-1074.940000001341,1618.679999999702,899.0
0.129626,10739770.07,1392155.95,391524.36,1644948941,MELD/ADA_0.3,0.00019600000000000173,-7438.519999999553,1135.8100000000559,899.0
0.109807,10587245.0,1162558.02,205919.37,1644948941,PAVIA/ADA_0.3,-0.00022300000000000098,10878.0,-1161.0100000000093,899.0
0.16486,6541477.0,1078432.76,32733.09,1644948941,XRAY/ADA_0.3,0.0,1208.0,199.14999999990687,899.0
0.346603,2491143.0,863439.65,61960.67,1644948941,ADAX/ADA_0.3,0.0,0.0,0.0,899.0
2.031086,381127.49,774102.93,142370.84,1644948941,AADA/ADA_0.3,0.00046900000000027475,-43.960000000020955,89.55000000004657,899.0
1.646729,326989.15,538462.81,68290.81,1644948941,VYFI/ADA_0.3,-0.01010399999999989,1000.0,-1646.8199999999488,899.0
6.518623,50245.0,327528.21,101501.39,1644948941,MILK/ADA_0.3,-8.09999999997757e-05,-4.0,-30.169999999983702,899.0
0.111621,1759102.6,196353.32,67158.47,1644948941,MINt/ADA_0.3,6.599999999999662e-05,-515.0,57.64999999999418,899.0
0.03454,5658390.06,195445.31,11955.07,1644948941,CLAP/ADA_0.3,0.0,0.0,0.0,899.0
0.0,6833162134016.0,154506.89,1062.17,1644948941,CHRLZ/ADA_0.3,0.0,0.0,0.0,899.0
2.159832,70126.67,151461.84,85317.32,1644948941,DANA/ADA_0.05,-0.004188999999999776,67.92999999999302,-146.79000000000815,899.0
0.812871,173638.48,141145.79,2799.33,1644948941,WMT/ADA_0.05,0.0,0.0,0.0,899.0
0.005362,21558579.0,115609.42,7580.28,1644948941,RAVE/ADA_1.0,4.999999999999796e-06,-10897.0,59.0,899.0
3.4e-05,3171983366.27,110584.62,2207.11,1644948941,ASHIB/ADA_1.0,0.0,0.0,0.0,899.0
0.0,97104229519491.0,97830.33,1643.39,1644948941,BISON/ADA_0.3,0.0,0.0,0.0,899.0
0.03472,2638566.0,91612.88,8683.43,1644948941,FIRE/ADA_0.3,0.0,0.0,0.0,899.0
0.688636,110847.38,76333.55,2487.24,1644948941,SUNDAE/ADA_0.05,0.0,0.0,0.0,899.0
0.314079,225331.16,70771.8,45212.97,1644948941,MIN/ADA_0.3,-0.005180000000000018,1838.8500000000058,-580.2700000000041,899.0
0.0,973638260351.0,68191.62,39275.5,1644948941,HOSKY/ADA_0.3,0.0,-6448366163.0,450.0,899.0
0.006188,9018299.0,55805.5,13989.28,1644948941,FLICK/ADA_0.3,0.0,0.0,0.0,899.0
0.708963,77897.52,55226.51,2822.29,1644948941,SUNDAE/ADA_1.0,0.0,589.9700000000012,418.2700000000041,899.0
0.093904,515193.0,48378.74,9968.94,1644948941,cNETA/ADA_0.3,0.0,0.0,0.0,899.0
0.014394,3209008.0,46192.5,2636.59,1644948941,CNFT/ADA_0.3,0.0,-1.0,0.029999999998835847,899.0
0.137194,304320.41,41751.06,1600.77,1644948941,MELD/ADA_1.0,0.0,0.0,0.0,899.0
0.107239,310682.75,33317.55,3395.71,1644948941,REVU/ADA_0.3,0.0,0.0,0.0,899.0
0.002693,11878166.22,31990.77,17739.88,1644948941,DRIP/ADA_1.0,-2.9999999999999645e-06,7095.050000000745,-18.389999999999418,899.0
0.005446,5809491.0,31641.09,1956.87,1644948941,BDOGE/ADA_1.0,0.0,0.0,0.0,899.0
42.067199,717.0,30162.18,3102.98,1644948941,unsi…en/ADA_1.0,0.0,0.0,0.0,899.0
0.017304,1664525.0,28803.34,3459.41,1644948941,QUID/ADA_0.3,0.0,24.0,0.42000000000189175,899.0
0.000849,33524545.34,28491.08,343.49,1644948941,MONET/ADA_0.3,0.0,0.0,0.0,899.0
0.00075,27864987.0,20911.59,60.6,1644948941,RAG/ADA_1.0,0.0,0.0,0.0,899.0
0.111367,182755.14,20353.06,2240.41,1644948941,MINt/ADA_0.05,0.0,0.0,0.0,899.0
0.0,290642481888.0,20020.18,1420.28,1644948941,HOSKY/ADA_0.05,0.0,0.0,0.0,899.0
26.843043,733.0,19675.95,508.05,1644948941,XDIA…ND/ADA_1.0,0.0,0.0,0.0,899.0
0.016861,1118636.0,18861.63,771.9,1644948941,GOKEY/ADA_0.3,0.0,0.0,0.0,899.0
0.314679,58841.07,18516.07,4129.3,1644948941,MIN/ADA_0.05,0.0,0.0,0.0,899.0
0.4395,39399.0,17315.87,2032.11,1644948941,CDX/ADA_1.0,0.0,0.0,0.0,899.0
0.166512,103418.0,17220.41,1776.69,1644948941,SKULL/ADA_1.0,0.0,0.0,0.0,899.0
0.04007,429673.0,17217.02,258.04,1644948941,cMETA/ADA_0.3,0.0,0.0,0.0,899.0
0.000584,27807333.0,16241.07,7092.92,1644948941,KIDZ/ADA_0.3,0.0,0.0,0.0,899.0
2.188129,6587.41,14414.11,0.0,1644948941,DANA/ADA_0.3,0.0,0.0,0.0,899.0
0.0,15309427196.0,13261.36,3787.56,1644948941,MEOW/ADA_0.3,0.0,0.0,0.0,899.0
0.306294,41735.86,12783.46,1573.02,1644948941,CARGO/ADA_0.3,0.0,0.0,0.0,899.0
0.768512,14389.01,11058.14,0.0,1644948941,WMT/ADA_1.0,0.0,49.80000000000109,38.279999999998836,899.0
0.109176,97815.0,10679.11,49.65,1644948941,Card…rm/ADA_0.3,0.0,0.0,0.0,899.0
0.001174,8040388.0,9440.39,25.25,1644948941,FLANO/ADA_1.0,0.0,0.0,0.0,899.0
0.046783,201382.97,9421.46,0.0,1644948941,cbTHC/ADA_0.3,0.0,0.0,0.0,899.0
0.743263,25550245.61,18990567.27,617096.72,1644949841,SUNDAE/ADA_0.3,0.0005770000000000497,-1788.660000000149,13412.620000001043,900.0
107.196105,150417.51,16124171.32,1250801.22,1644949841,LQ/ADA_0.3,-0.014651000000000636,14.130000000004657,-689.0600000005215,900.0
0.804749,13720291.36,11041399.33,1388051.09,1644949841,WMT/ADA_0.3,0.0066990000000000105,-51896.83999999985,50500.140000000596,900.0
0.129762,10734148.29,1392892.47,393993.53,1644949841,MELD/ADA_0.3,0.00013599999999999723,-5621.780000001192,736.5200000000186,900.0
0.109795,10587860.0,1162500.47,209155.0,1644949841,PAVIA/ADA_0.3,-1.1999999999998123e-05,615.0,-57.550000000046566,900.0
0.16486,6541477.0,1078432.76,32733.09,1644949841,XRAY/ADA_0.3,0.0,0.0,0.0,900.0
0.346603,2491443.0,863543.37,61960.67,1644949841,ADAX/ADA_0.3,0.0,300.0,103.71999999997206,900.0
2.046839,379663.5,777110.34,149859.15,1644949841,AADA/ADA_0.3,0.015752999999999684,-1463.9899999999907,3007.409999999916,900.0
1.647009,326961.43,538508.6,68290.81,1644949841,VYFI/ADA_0.3,0.00027999999999983594,-27.720000000030268,45.78999999992084,900.0
6.454167,50496.0,325909.64,104420.57,1644949841,MILK/ADA_0.3,-0.06445599999999985,251.0,-1618.570000000007,900.0
0.111686,1758587.9,196410.96,67216.28,1644949841,MINt/ADA_0.3,6.499999999999562e-05,-514.7000000001863,57.639999999984866,900.0
0.03454,5658390.06,195445.31,11955.07,1644949841,CLAP/ADA_0.3,0.0,0.0,0.0,900.0
0.0,6833162134016.0,154506.89,1062.17,1644949841,CHRLZ/ADA_0.3,0.0,0.0,0.0,900.0
2.169822,69965.08,151811.84,85667.5,1644949841,DANA/ADA_0.05,0.009989999999999721,-161.5899999999965,350.0,900.0
0.812871,173638.48,141145.79,2799.33,1644949841,WMT/ADA_0.05,0.0,0.0,0.0,900.0
0.005362,21558579.0,115609.42,7580.28,1644949841,RAVE/ADA_1.0,0.0,0.0,0.0,900.0
3.4e-05,3171996366.27,110585.07,2207.11,1644949841,ASHIB/ADA_1.0,0.0,13000.0,0.45000000001164153,900.0
0.0,97104229519491.0,97830.33,1643.39,1644949841,BISON/ADA_0.3,0.0,0.0,0.0,900.0
0.03472,2638566.0,91612.88,8683.43,1644949841,FIRE/ADA_0.3,0.0,0.0,0.0,900.0
0.688636,110847.38,76333.55,2487.24,1644949841,SUNDAE/ADA_0.05,0.0,0.0,0.0,900.0
0.31562,224784.05,70946.47,46021.27,1644949841,MIN/ADA_0.3,0.0015410000000000146,-547.1100000000151,174.66999999999825,900.0
0.0,973070174417.0,68231.69,39315.62,1644949841,HOSKY/ADA_0.3,0.0,-568085934.0,40.070000000006985,900.0
0.006188,9018299.0,55805.5,13989.28,1644949841,FLICK/ADA_0.3,0.0,0.0,0.0,900.0
0.708963,77897.52,55226.51,2822.29,1644949841,SUNDAE/ADA_1.0,0.0,0.0,0.0,900.0
0.095773,510147.0,48858.74,10450.38,1644949841,cNETA/ADA_0.3,0.0018689999999999957,-5046.0,480.0,900.0
0.014394,3209008.0,46192.5,2636.59,1644949841,CNFT/ADA_0.3,0.0,0.0,0.0,900.0
0.137194,304320.41,41751.06,1600.77,1644949841,MELD/ADA_1.0,0.0,0.0,0.0,900.0
0.107239,310682.75,33317.55,3395.71,1644949841,REVU/ADA_0.3,0.0,0.0,0.0,900.0
0.002684,11899166.22,31945.57,17790.46,1644949841,DRIP/ADA_1.0,-8.999999999999894e-06,21000.0,-45.20000000000073,900.0
0.005446,5809491.0,31641.09,1956.87,1644949841,BDOGE/ADA_1.0,0.0,0.0,0.0,900.0
42.067199,717.0,30162.18,3102.98,1644949841,unsi…en/ADA_1.0,0.0,0.0,0.0,900.0
0.017304,1664525.0,28803.34,3459.41,1644949841,QUID/ADA_0.3,0.0,0.0,0.0,900.0
0.000849,33524545.34,28491.08,343.49,1644949841,MONET/ADA_0.3,0.0,0.0,0.0,900.0
0.00075,27864987.0,20911.59,60.6,1644949841,RAG/ADA_1.0,0.0,0.0,0.0,900.0
0.111367,182755.14,20353.06,2240.41,1644949841,MINt/ADA_0.05,0.0,0.0,0.0,900.0
0.0,290642481888.0,20020.18,1420.28,1644949841,HOSKY/ADA_0.05,0.0,0.0,0.0,900.0
26.9178,732.0,19703.83,536.21,1644949841,XDIA…ND/ADA_1.0,0.07475699999999819,-1.0,27.88000000000102,900.0
0.016861,1125784.0,18982.15,771.9,1644949841,GOKEY/ADA_0.3,0.0,7148.0,120.52000000000044,900.0
0.314679,58841.07,18516.07,4129.3,1644949841,MIN/ADA_0.05,0.0,0.0,0.0,900.0
0.166512,109423.0,18220.31,1776.69,1644949841,SKULL/ADA_1.0,0.0,6005.0,999.9000000000015,900.0
0.4395,39399.0,17315.87,2032.11,1644949841,CDX/ADA_1.0,0.0,0.0,0.0,900.0
0.04007,429673.0,17217.02,258.04,1644949841,cMETA/ADA_0.3,0.0,0.0,0.0,900.0
0.000587,27722243.0,16291.07,7143.07,1644949841,KIDZ/ADA_0.3,2.9999999999999645e-06,-85090.0,50.0,900.0
2.188129,6587.41,14414.11,0.0,1644949841,DANA/ADA_0.3,0.0,0.0,0.0,900.0
0.0,15309427196.0,13261.36,3787.56,1644949841,MEOW/ADA_0.3,0.0,0.0,0.0,900.0
0.306294,41735.86,12783.46,1573.02,1644949841,CARGO/ADA_0.3,0.0,0.0,0.0,900.0
0.768512,14389.01,11058.14,0.0,1644949841,WMT/ADA_1.0,0.0,0.0,0.0,900.0
0.109176,97815.0,10679.11,49.65,1644949841,Card…rm/ADA_0.3,0.0,0.0,0.0,900.0
0.001174,8040388.0,9440.39,25.25,1644949841,FLANO/ADA_1.0,0.0,0.0,0.0,900.0
0.046783,201382.97,9421.46,0.0,1644949841,cbTHC/ADA_0.3,0.0,0.0,0.0,900.0
0.74338,25549290.32,18992852.7,620105.72,1644950741,SUNDAE/ADA_0.3,0.00011700000000003374,-955.2899999991059,2285.429999999702,899.0
107.196171,150418.25,16124261.54,1252428.73,1644950741,LQ/ADA_0.3,6.600000000389628e-05,0.7399999999906868,90.2199999988079,899.0
0.804799,13720012.63,11041853.99,1388512.47,1644950741,WMT/ADA_0.3,4.999999999999449e-05,-278.7299999985844,454.660000000149,899.0
0.127459,10830978.97,1380513.14,408271.16,1644950741,MELD/ADA_0.3,-0.0023029999999999995,96830.68000000156,-12379.330000000075,899.0
0.110146,10570992.0,1164361.25,211021.37,1644950741,PAVIA/ADA_0.3,0.0003509999999999902,-16868.0,1860.780000000028,899.0
0.164687,6544920.0,1077867.14,33864.32,1644950741,XRAY/ADA_0.3,-0.00017300000000000648,3443.0,-565.6200000001118,899.0
0.346619,2491386.0,863563.37,62000.79,1644950741,ADAX/ADA_0.3,1.6000000000016e-05,-57.0,20.0,899.0
2.043076,380013.5,776396.75,150572.74,1644950741,AADA/ADA_0.3,-0.0037629999999997388,350.0,-713.5899999999674,899.0
1.636995,327961.43,536871.52,69927.88,1644950741,VYFI/ADA_0.3,-0.010013999999999967,1000.0,-1637.079999999958,899.0
6.521541,50235.0,327609.64,107422.95,1644950741,MILK/ADA_0.3,0.06737400000000004,-261.0,1700.0,899.0
0.113033,1748093.85,197593.59,68402.46,1644950741,MINt/ADA_0.3,0.001347000000000001,-10494.049999999814,1182.6300000000047,899.0
0.034471,5664116.06,195248.33,12152.06,1644950741,CLAP/ADA_0.3,-6.899999999999962e-05,5726.0,-196.98000000001048,899.0
0.0,6832941676456.0,154511.89,1067.18,1644950741,CHRLZ/ADA_0.3,0.0,-220457560.0,5.0,899.0
2.169822,69965.08,151811.84,85667.5,1644950741,DANA/ADA_0.05,0.0,0.0,0.0,899.0
0.812871,173638.48,141145.79,2799.33,1644950741,WMT/ADA_0.05,0.0,0.0,0.0,899.0
0.005362,21558579.0,115609.42,7580.28,1644950741,RAVE/ADA_1.0,0.0,0.0,0.0,899.0
3.4e-05,3171996366.27,110585.07,2207.11,1644950741,ASHIB/ADA_1.0,0.0,0.0,0.0,899.0
0.0,97104229519491.0,97830.33,1643.39,1644950741,BISON/ADA_0.3,0.0,0.0,0.0,899.0
0.03472,2638566.0,91612.88,8683.43,1644950741,FIRE/ADA_0.3,0.0,0.0,0.0,899.0
0.688636,110675.71,76215.34,2487.24,1644950741,SUNDAE/ADA_0.05,0.0,-171.66999999999825,-118.2100000000064,899.0
0.31562,225779.17,71260.55,46021.27,1644950741,MIN/ADA_0.3,0.0,995.1200000000244,314.08000000000175,899.0
0.0,973458824549.0,68204.53,39342.85,1644950741,HOSKY/ADA_0.3,0.0,388650132.0,-27.160000000003492,899.0
0.006188,9018299.0,55805.5,13989.28,1644950741,FLICK/ADA_0.3,0.0,0.0,0.0,899.0
0.708963,77897.52,55226.51,2822.29,1644950741,SUNDAE/ADA_1.0,0.0,0.0,0.0,899.0
0.092526,519034.0,48024.63,11284.48,1644950741,cNETA/ADA_0.3,-0.003247,8887.0,-834.1100000000006,899.0
0.014394,3209008.0,46192.5,2636.59,1644950741,CNFT/ADA_0.3,0.0,0.0,0.0,899.0
0.137194,304320.41,41751.06,1600.77,1644950741,MELD/ADA_1.0,0.0,0.0,0.0,899.0
0.107239,310682.75,33317.55,3395.71,1644950741,REVU/ADA_0.3,0.0,0.0,0.0,899.0
0.002687,11894189.83,31969.97,17968.94,1644950741,DRIP/ADA_1.0,2.9999999999999645e-06,-4976.390000000596,24.400000000001455,899.0
0.005446,5809491.0,31641.09,1956.87,1644950741,BDOGE/ADA_1.0,0.0,0.0,0.0,899.0
42.067199,717.0,30162.18,3102.98,1644950741,unsi…en/ADA_1.0,0.0,0.0,0.0,899.0
0.017304,1664525.0,28803.34,3459.41,1644950741,QUID/ADA_0.3,0.0,0.0,0.0,899.0
0.000849,33523372.24,28492.08,344.49,1644950741,MONET/ADA_0.3,0.0,-1173.1000000014901,1.0,899.0
0.00075,27864987.0,20911.59,60.6,1644950741,RAG/ADA_1.0,0.0,0.0,0.0,899.0
0.111367,182755.14,20353.06,2240.41,1644950741,MINt/ADA_0.05,0.0,0.0,0.0,899.0
0.0,290642481888.0,20020.18,1420.28,1644950741,HOSKY/ADA_0.05,0.0,0.0,0.0,899.0
26.9178,732.0,19703.83,536.21,1644950741,XDIA…ND/ADA_1.0,0.0,0.0,0.0,899.0
0.016861,1125784.0,18982.15,771.9,1644950741,GOKEY/ADA_0.3,0.0,0.0,0.0,899.0
0.314679,58841.07,18516.07,4129.3,1644950741,MIN/ADA_0.05,0.0,0.0,0.0,899.0
0.165191,109862.0,18148.23,1848.78,1644950741,SKULL/ADA_1.0,-0.0013209999999999888,439.0,-72.08000000000175,899.0
0.4395,39399.0,17315.87,2032.11,1644950741,CDX/ADA_1.0,0.0,0.0,0.0,899.0
0.04007,429673.0,17217.02,258.04,1644950741,cMETA/ADA_0.3,0.0,0.0,0.0,899.0
0.000587,27722243.0,16291.07,7143.07,1644950741,KIDZ/ADA_0.3,0.0,0.0,0.0,899.0
2.188129,6587.41,14414.11,0.0,1644950741,DANA/ADA_0.3,0.0,0.0,0.0,899.0
0.0,15309427196.0,13261.36,3787.56,1644950741,MEOW/ADA_0.3,0.0,0.0,0.0,899.0
0.306294,41735.86,12783.46,1821.16,1644950741,CARGO/ADA_0.3,0.0,0.0,0.0,899.0
0.768512,14389.01,11058.14,0.0,1644950741,WMT/ADA_1.0,0.0,0.0,0.0,899.0
0.109176,97815.0,10679.11,49.65,1644950741,Card…rm/ADA_0.3,0.0,0.0,0.0,899.0
0.001174,8040388.0,9440.39,25.25,1644950741,FLANO/ADA_1.0,0.0,0.0,0.0,899.0
0.046783,201382.97,9421.46,0.0,1644950741,cbTHC/ADA_0.3,0.0,0.0,0.0,899.0
0.743454,25548963.17,18994501.75,603681.99,1644951640,SUNDAE/ADA_0.3,7.399999999990747e-05,-327.1499999985099,1649.050000000745,899.0
107.046436,150609.98,16122261.9,1235911.86,1644951640,LQ/ADA_0.3,-0.14973500000000683,191.73000000001048,-1999.6399999987334,899.0
0.805683,13712641.84,11048049.92,1371602.77,1644951640,WMT/ADA_0.3,0.0008839999999999959,-7370.790000000969,6195.929999999702,899.0
0.128394,10891675.58,1398428.18,390379.86,1644951640,MELD/ADA_0.3,0.0009350000000000191,60696.609999999404,17915.040000000037,899.0
0.109912,10584145.0,1163325.09,207852.51,1644951640,PAVIA/ADA_0.3,-0.0002339999999999981,13153.0,-1036.1599999999162,899.0
0.164992,6538872.0,1078867.14,34817.17,1644951640,XRAY/ADA_0.3,0.0003049999999999997,-6048.0,1000.0,899.0
0.346619,2491386.0,863563.37,60052.0,1644951640,ADAX/ADA_0.3,0.0,0.0,0.0,899.0
2.043917,379935.44,776556.75,148001.99,1644951640,AADA/ADA_0.3,0.0008409999999998696,-78.05999999999767,160.0,899.0
1.637726,327888.36,536991.52,70048.24,1644951640,VYFI/ADA_0.3,0.0007310000000000372,-73.07000000000698,120.0,899.0
6.465898,50453.0,326223.99,102933.43,1644951640,MILK/ADA_0.3,-0.05564299999999989,218.0,-1385.6500000000233,899.0
0.113033,1748093.85,197593.59,67186.68,1644951640,MINt/ADA_0.3,0.0,0.0,0.0,899.0
0.034598,5653722.97,195608.33,11491.84,1644951640,CLAP/ADA_0.3,0.00012699999999999517,-10393.089999999851,360.0,899.0
2.293204,68057.43,156069.65,90936.55,1644951640,DANA/ADA_0.05,0.12338199999999988,-1907.6500000000087,4257.809999999998,899.0
0.0,6832941676456.0,154511.89,1067.18,1644951640,CHRLZ/ADA_0.3,0.0,0.0,0.0,899.0
0.812871,173638.48,141145.79,2799.33,1644951640,WMT/ADA_0.05,0.0,0.0,0.0,899.0
0.005362,21558579.0,115609.42,7580.28,1644951640,RAVE/ADA_1.0,0.0,0.0,0.0,899.0
3.3e-05,3225491248.06,108770.08,4128.69,1644951640,ASHIB/ADA_1.0,-9.999999999999972e-07,53494881.78999996,-1814.9900000000052,899.0
0.0,97104229519491.0,97830.33,1643.39,1644951640,BISON/ADA_0.3,0.0,0.0,0.0,899.0
0.03472,2638566.0,91612.88,8084.4,1644951640,FIRE/ADA_0.3,0.0,0.0,0.0,899.0
0.688636,110553.91,76131.46,2487.24,1644951640,SUNDAE/ADA_0.05,0.0,-121.80000000000291,-83.8799999999901,899.0
0.307409,228779.17,70328.87,46952.95,1644951640,MIN/ADA_0.3,-0.008211000000000024,3000.0,-931.6800000000076,899.0
0.0,973246423561.0,68219.46,39357.9,1644951640,HOSKY/ADA_0.3,0.0,-212400988.0,14.930000000007567,899.0
0.006188,9018299.0,55805.5,13989.28,1644951640,FLICK/ADA_0.3,0.0,0.0,0.0,899.0
0.708963,77897.52,55226.51,2822.29,1644951640,SUNDAE/ADA_1.0,0.0,0.0,0.0,899.0
0.092588,518862.0,48040.63,11300.53,1644951640,cNETA/ADA_0.3,6.20000000000065e-05,-172.0,16.0,899.0
0.014305,3219008.0,46049.43,2779.66,1644951640,CNFT/ADA_0.3,-8.900000000000054e-05,10000.0,-143.0699999999997,899.0
0.137194,304320.41,41751.06,1600.77,1644951640,MELD/ADA_1.0,0.0,0.0,0.0,899.0
0.107239,310682.75,33317.55,3395.71,1644951640,REVU/ADA_0.3,0.0,0.0,0.0,899.0
0.002704,11857948.48,32069.16,17968.94,1644951640,DRIP/ADA_1.0,1.6999999999999654e-05,-36241.34999999963,99.18999999999869,899.0
0.005446,5809491.0,31641.09,1956.87,1644951640,BDOGE/ADA_1.0,0.0,0.0,0.0,899.0
42.067199,717.0,30162.18,3102.98,1644951640,unsi…en/ADA_1.0,0.0,0.0,0.0,899.0
0.017272,1666040.0,28777.23,3485.53,1644951640,QUID/ADA_0.3,-3.200000000000078e-05,1515.0,-26.110000000000582,899.0
0.000849,33523372.24,28492.08,344.49,1644951640,MONET/ADA_0.3,0.0,0.0,0.0,899.0
0.00075,27864987.0,20911.59,60.6,1644951640,RAG/ADA_1.0,0.0,0.0,0.0,899.0
0.111367,182755.14,20353.06,2240.41,1644951640,MINt/ADA_0.05,0.0,0.0,0.0,899.0
0.0,290642481888.0,20020.18,1420.28,1644951640,HOSKY/ADA_0.05,0.0,0.0,0.0,899.0
26.9178,732.0,19703.83,536.21,1644951640,XDIA…ND/ADA_1.0,0.0,0.0,0.0,899.0
0.016861,1125784.0,18982.15,771.9,1644951640,GOKEY/ADA_0.3,0.0,0.0,0.0,899.0
0.314679,58841.07,18516.07,4129.3,1644951640,MIN/ADA_0.05,0.0,0.0,0.0,899.0
0.165191,110862.0,18313.42,1848.78,1644951640,SKULL/ADA_1.0,0.0,1000.0,165.1899999999987,899.0
0.436189,39549.0,17250.85,2097.13,1644951640,CDX/ADA_1.0,-0.0033110000000000084,150.0,-65.02000000000044,899.0
0.04007,429673.0,17217.02,258.04,1644951640,cMETA/ADA_0.3,0.0,0.0,0.0,899.0
0.000588,27705288.0,16301.07,7163.13,1644951640,KIDZ/ADA_0.3,1.0000000000000243e-06,-16955.0,10.0,899.0
2.188129,6587.41,14414.11,0.0,1644951640,DANA/ADA_0.3,0.0,0.0,0.0,899.0
0.0,15309427196.0,13261.36,3787.56,1644951640,MEOW/ADA_0.3,0.0,0.0,0.0,899.0
0.318246,40945.81,13030.86,1821.16,1644951640,CARGO/ADA_0.3,0.011951999999999963,-790.0500000000029,247.40000000000146,899.0
0.768512,14389.01,11058.14,0.0,1644951640,WMT/ADA_1.0,0.0,0.0,0.0,899.0
0.109176,97815.0,10679.11,49.65,1644951640,Card…rm/ADA_0.3,0.0,0.0,0.0,899.0
0.001177,8027761.0,9455.39,40.4,1644951640,FLANO/ADA_1.0,3.0000000000001813e-06,-12627.0,15.0,899.0
0.046783,201383.07,9421.46,0.0,1644951640,cbTHC/ADA_0.3,0.0,0.10000000000582077,0.0,899.0
0.743554,25547494.14,18995955.69,604960.81,1644952540,SUNDAE/ADA_0.3,0.00010000000000010001,-1469.030000001192,1453.940000001341,899.0
107.045918,150607.07,16121872.27,1236618.28,1644952540,LQ/ADA_0.3,-0.0005179999999995744,-2.9100000000034925,-389.63000000081956,899.0
0.804892,13726631.03,11048466.92,1380270.79,1644952540,WMT/ADA_0.3,-0.0007909999999999862,13989.189999999478,417.0,899.0
0.128394,10891675.58,1398428.18,390379.86,1644952540,MELD/ADA_0.3,0.0,0.0,0.0,899.0
0.108373,10659142.0,1155164.4,226717.87,1644952540,PAVIA/ADA_0.3,-0.0015389999999999987,74997.0,-8160.690000000177,899.0
0.164879,6541127.0,1078496.33,35187.99,1644952540,XRAY/ADA_0.3,-0.00011300000000000199,2255.0,-370.80999999982305,899.0
0.346626,2491362.0,863572.04,60060.7,1644952540,ADAX/ADA_0.3,6.999999999979245e-06,-24.0,8.67000000004191,899.0
2.047321,379619.96,777204.04,148651.22,1644952540,AADA/ADA_0.3,0.0034040000000001847,-315.4799999999814,647.2900000000373,899.0
1.645653,327098.86,538291.52,71352.14,1644952540,VYFI/ADA_0.3,0.007927000000000017,-789.5,1300.0,899.0
6.465898,50473.0,326353.31,102933.43,1644952540,MILK/ADA_0.3,0.0,20.0,129.32000000000698,899.0
0.113086,1747690.06,197639.38,67232.61,1644952540,MINt/ADA_0.3,5.300000000001137e-05,-403.79000000003725,45.79000000000815,899.0
0.034531,5659223.62,195418.77,11681.4,1644952540,CLAP/ADA_0.3,-6.699999999999762e-05,5500.6500000003725,-189.55999999999767,899.0
2.266491,68457.43,155158.18,91848.02,1644952540,DANA/ADA_0.05,-0.026712999999999987,400.0,-911.4700000000012,899.0
0.0,6832941676456.0,154511.89,1091.25,1644952540,CHRLZ/ADA_0.3,0.0,0.0,0.0,899.0
0.812871,173638.48,141145.79,2799.33,1644952540,WMT/ADA_0.05,0.0,0.0,0.0,899.0
0.005362,21558579.0,115609.42,7580.28,1644952540,RAVE/ADA_1.0,0.0,0.0,0.0,899.0
3.3e-05,3225491248.06,108770.08,4128.69,1644952540,ASHIB/ADA_1.0,0.0,0.0,0.0,899.0
0.0,97098292281474.0,97836.33,1649.41,1644952540,BISON/ADA_0.3,0.0,-5937238017.0,6.0,899.0
0.03472,2638566.0,91612.88,8084.4,1644952540,FIRE/ADA_0.3,0.0,0.0,0.0,899.0
0.688636,110647.56,76195.95,2487.24,1644952540,SUNDAE/ADA_0.05,0.0,93.64999999999418,64.48999999999069,899.0
0.333735,219583.96,73283.06,49248.01,1644952540,MIN/ADA_0.3,0.026326000000000016,-9195.210000000021,2954.1900000000023,899.0
0.0,972464695899.0,68277.24,38828.43,1644952540,HOSKY/ADA_0.3,0.0,-781727662.0,57.779999999998836,899.0
0.006188,9018299.0,55805.5,13296.21,1644952540,FLICK/ADA_0.3,0.0,0.0,0.0,899.0
0.708963,77897.52,55226.51,2822.29,1644952540,SUNDAE/ADA_1.0,0.0,0.0,0.0,899.0
0.092588,518811.0,48035.84,10601.65,1644952540,cNETA/ADA_0.3,0.0,-51.0,-4.790000000000873,899.0
0.014305,3219008.0,46049.43,2779.66,1644952540,CNFT/ADA_0.3,0.0,0.0,0.0,899.0
0.131209,311217.85,40834.79,2517.04,1644952540,MELD/ADA_1.0,-0.005985000000000018,6897.440000000002,-916.2699999999968,899.0
0.107239,310682.75,33317.55,1032.42,1644952540,REVU/ADA_0.3,0.0,0.0,0.0,899.0
0.002671,11932948.48,31880.24,17853.78,1644952540,DRIP/ADA_1.0,-3.299999999999961e-05,75000.0,-188.91999999999825,899.0
0.005446,5809491.0,31641.09,1956.87,1644952540,BDOGE/ADA_1.0,0.0,0.0,0.0,899.0
42.067199,717.0,30162.18,3102.98,1644952540,unsi…en/ADA_1.0,0.0,0.0,0.0,899.0
0.017296,1664887.0,28797.23,3505.59,1644952540,QUID/ADA_0.3,2.3999999999999716e-05,-1153.0,20.0,899.0
0.000849,33523372.24,28492.08,264.61,1644952540,MONET/ADA_0.3,0.0,0.0,0.0,899.0
0.00075,27864987.0,20911.59,10.1,1644952540,RAG/ADA_1.0,0.0,0.0,0.0,899.0
0.111367,182755.14,20353.06,2240.41,1644952540,MINt/ADA_0.05,0.0,0.0,0.0,899.0
0.0,290642481888.0,20020.18,1420.28,1644952540,HOSKY/ADA_0.05,0.0,0.0,0.0,899.0
26.9178,732.0,19703.83,536.21,1644952540,XDIA…ND/ADA_1.0,0.0,0.0,0.0,899.0
0.016861,1125784.0,18982.15,270.4,1644952540,GOKEY/ADA_0.3,0.0,0.0,0.0,899.0
0.314679,58841.07,18516.07,4129.3,1644952540,MIN/ADA_0.05,0.0,0.0,0.0,899.0
0.165191,110862.0,18313.42,1848.78,1644952540,SKULL/ADA_1.0,0.0,0.0,0.0,899.0
0.436189,39549.0,17250.85,2097.13,1644952540,CDX/ADA_1.0,0.0,0.0,0.0,899.0
0.04007,429673.0,17217.02,258.04,1644952540,cMETA/ADA_0.3,0.0,0.0,0.0,899.0
0.000588,27705288.0,16301.07,6794.87,1644952540,KIDZ/ADA_0.3,0.0,0.0,0.0,899.0
2.188129,6587.41,14414.11,0.0,1644952540,DANA/ADA_0.3,0.0,0.0,0.0,899.0
0.0,15309427196.0,13261.36,3787.56,1644952540,MEOW/ADA_0.3,0.0,0.0,0.0,899.0
0.318246,40945.81,13030.86,1591.22,1644952540,CARGO/ADA_0.3,0.0,0.0,0.0,899.0
0.109176,97815.0,10679.11,49.65,1644952540,Card…rm/ADA_0.3,0.0,0.0,0.0,899.0
0.768512,13807.44,10611.19,0.0,1644952540,WMT/ADA_1.0,0.0,-581.5699999999997,-446.9499999999989,899.0
0.001177,8027761.0,9455.39,40.4,1644952540,FLANO/ADA_1.0,0.0,0.0,0.0,899.0
0.046783,201383.07,9421.46,0.0,1644952540,cbTHC/ADA_0.3,0.0,0.0,0.0,899.0
0.743624,25547113.72,18997470.13,605863.51,1644953440,SUNDAE/ADA_0.3,6.999999999990347e-05,-380.42000000178814,1514.4399999976158,900.0
107.036206,150614.92,16121250.17,1238024.52,1644953440,LQ/ADA_0.3,-0.009711999999993282,7.850000000005821,-622.0999999996275,900.0
0.8049,13792636.26,11101694.39,1380320.94,1644953440,WMT/ADA_0.3,7.999999999896978e-06,66005.23000000045,53227.47000000067,900.0
0.128783,10875473.63,1400586.1,405290.99,1644953440,MELD/ADA_0.3,0.00038900000000000046,-16201.949999999255,2157.9200000001583,900.0
0.10637,10761454.0,1144705.65,226717.87,1644953440,PAVIA/ADA_0.3,-0.002002999999999991,102312.0,-10458.75,900.0
0.164743,6543827.0,1078052.67,35631.65,1644953440,XRAY/ADA_0.3,-0.00013599999999999723,2700.0,-443.660000000149,900.0
0.346626,2491362.0,863572.04,60060.7,1644953440,ADAX/ADA_0.3,0.0,0.0,0.0,900.0
2.047321,379619.96,777204.04,148651.22,1644953440,AADA/ADA_0.3,0.0,0.0,0.0,900.0
1.645653,327098.86,538291.52,71352.14,1644953440,VYFI/ADA_0.3,0.0,0.0,0.0,900.0
6.465854,50469.0,326325.22,102933.43,1644953440,MILK/ADA_0.3,-4.399999999993298e-05,-4.0,-28.09000000002561,900.0
0.113806,1742174.16,198270.42,69005.17,1644953440,MINt/ADA_0.3,0.0007199999999999984,-5515.90000000014,631.0400000000081,900.0
0.034531,5659223.62,195418.77,11681.4,1644953440,CLAP/ADA_0.3,0.0,0.0,0.0,900.0
2.254754,68635.42,154756.05,92290.15,1644953440,DANA/ADA_0.05,-0.011736999999999664,177.99000000000524,-402.13000000000466,900.0
0.0,6831883678251.0,154535.89,1091.25,1644953440,CHRLZ/ADA_0.3,0.0,-1057998205.0,24.0,900.0
0.812871,174256.04,141647.79,2799.33,1644953440,WMT/ADA_0.05,0.0,617.5599999999977,502.0,900.0
0.005363,21556000.0,115623.39,7594.39,1644953440,RAVE/ADA_1.0,1.0000000000001327e-06,-2579.0,13.970000000001164,900.0
3.3e-05,3225489101.83,108770.01,4128.69,1644953440,ASHIB/ADA_1.0,0.0,-2146.2300000190735,-0.07000000000698492,900.0
0.0,97423853041358.0,97510.37,1975.37,1644953440,BISON/ADA_0.3,0.0,325560759884.0,-325.9600000000064,900.0
0.034459,2648567.0,91267.99,8429.3,1644953440,FIRE/ADA_0.3,-0.0002610000000000043,10001.0,-344.8899999999994,900.0
0.688636,111009.46,76445.17,2487.24,1644953440,SUNDAE/ADA_0.05,0.0,361.90000000000873,249.22000000000116,900.0
0.328046,221482.96,72656.6,49874.47,1644953440,MIN/ADA_0.3,-0.005689,1899.0,-626.4599999999919,900.0
0.0,972464695899.0,68277.24,38828.43,1644953440,HOSKY/ADA_0.3,0.0,0.0,0.0,900.0
0.006188,9018299.0,55805.5,13296.21,1644953440,FLICK/ADA_0.3,0.0,0.0,0.0,900.0
0.708963,77897.52,55226.51,2822.29,1644953440,SUNDAE/ADA_1.0,0.0,0.0,0.0,900.0
0.092588,518811.0,48035.84,10601.65,1644953440,cNETA/ADA_0.3,0.0,0.0,0.0,900.0
0.014305,3219008.0,46049.43,2779.66,1644953440,CNFT/ADA_0.3,0.0,0.0,0.0,900.0
0.131209,311217.85,40834.79,2517.04,1644953440,MELD/ADA_1.0,0.0,0.0,0.0,900.0
0.112213,303729.77,34082.55,1799.72,1644953440,REVU/ADA_0.3,0.004973999999999992,-6952.979999999981,765.0,900.0
0.002669,11936948.48,31869.66,17864.35,1644953440,DRIP/ADA_1.0,-2.0000000000002655e-06,4000.0,-10.580000000001746,900.0
0.005446,5809491.0,31641.09,1956.87,1644953440,BDOGE/ADA_1.0,0.0,0.0,0.0,900.0
42.067199,717.0,30162.18,3102.98,1644953440,unsi…en/ADA_1.0,0.0,0.0,0.0,900.0
0.017296,1664887.0,28797.23,3505.59,1644953440,QUID/ADA_0.3,0.0,0.0,0.0,900.0
0.000849,33523372.24,28492.08,264.61,1644953440,MONET/ADA_0.3,0.0,0.0,0.0,900.0
0.00075,27864987.0,20911.59,10.1,1644953440,RAG/ADA_1.0,0.0,0.0,0.0,900.0
0.111367,182755.14,20353.06,2240.41,1644953440,MINt/ADA_0.05,0.0,0.0,0.0,900.0
0.0,290642481888.0,20020.18,1420.28,1644953440,HOSKY/ADA_0.05,0.0,0.0,0.0,900.0
26.9178,732.0,19703.83,536.21,1644953440,XDIA…ND/ADA_1.0,0.0,0.0,0.0,900.0
0.016861,1125784.0,18982.15,270.4,1644953440,GOKEY/ADA_0.3,0.0,0.0,0.0,900.0
0.314679,58841.07,18516.07,4129.3,1644953440,MIN/ADA_0.05,0.0,0.0,0.0,900.0
0.16519,110825.0,18307.19,1848.78,1644953440,SKULL/ADA_1.0,-1.000000000001e-06,-37.0,-6.229999999999563,900.0
0.436189,39549.0,17250.85,2097.13,1644953440,CDX/ADA_1.0,0.0,0.0,0.0,900.0
0.04007,429673.0,17217.02,258.04,1644953440,cMETA/ADA_0.3,0.0,0.0,0.0,900.0
0.000588,27827208.0,16372.8,6794.87,1644953440,KIDZ/ADA_0.3,0.0,121920.0,71.72999999999956,900.0
2.188129,6587.41,14414.11,0.0,1644953440,DANA/ADA_0.3,0.0,0.0,0.0,900.0
0.0,15309427196.0,13261.36,3787.56,1644953440,MEOW/ADA_0.3,0.0,0.0,0.0,900.0
0.318246,40945.81,13030.86,1591.22,1644953440,CARGO/ADA_0.3,0.0,0.0,0.0,900.0
0.109176,97815.0,10679.11,49.65,1644953440,Card…rm/ADA_0.3,0.0,0.0,0.0,900.0
0.768512,13807.44,10611.19,0.0,1644953440,WMT/ADA_1.0,0.0,0.0,0.0,900.0
0.001177,8027761.0,9455.39,40.4,1644953440,FLANO/ADA_1.0,0.0,0.0,0.0,900.0
0.046783,201383.07,9421.46,0.0,1644953440,cbTHC/ADA_0.3,0.0,0.0,0.0,900.0
0.743665,25547874.92,18999074.67,606385.07,1644954341,SUNDAE/ADA_0.3,4.100000000006876e-05,761.2000000029802,1604.5400000028312,901.0
107.035907,150615.17,16121231.41,1240570.91,1644954341,LQ/ADA_0.3,-0.0002990000000124837,0.25,-18.759999999776483,901.0
0.804961,13792258.53,11102239.07,1380747.22,1644954341,WMT/ADA_0.3,6.100000000008876e-05,-377.73000000044703,544.679999999702,901.0
0.128783,10875473.63,1400586.1,406785.23,1644954341,MELD/ADA_0.3,0.0,0.0,0.0,901.0
0.102531,10958973.0,1123639.93,247554.28,1644954341,PAVIA/ADA_0.3,-0.003839000000000009,197519.0,-21065.719999999972,901.0
0.164743,6543827.0,1078052.67,35691.83,1644954341,XRAY/ADA_0.3,0.0,0.0,0.0,901.0
0.346543,2491662.0,863468.38,60164.36,1644954341,ADAX/ADA_0.3,-8.299999999999974e-05,300.0,-103.6600000000326,901.0
2.052585,379133.61,778204.04,149654.22,1644954341,AADA/ADA_0.3,0.005263999999999935,-486.3500000000349,1000.0,901.0
1.645653,327098.86,538291.52,71352.14,1644954341,VYFI/ADA_0.3,0.0,0.0,0.0,901.0
6.465854,50530.0,326719.63,102933.43,1644954341,MILK/ADA_0.3,0.0,61.0,394.4100000000326,901.0
0.113806,1742174.16,198270.42,69005.17,1644954341,MINt/ADA_0.3,0.0,0.0,0.0,901.0
0.034466,5664544.14,195235.77,11864.4,1644954341,CLAP/ADA_0.3,-6.500000000000256e-05,5320.519999999553,-183.0,901.0
2.254754,68635.42,154756.05,92290.15,1644954341,DANA/ADA_0.05,0.0,0.0,0.0,901.0
0.0,6831883678251.0,154535.89,1091.25,1644954341,CHRLZ/ADA_0.3,0.0,0.0,0.0,901.0
0.005363,21556000.0,115623.39,7594.39,1644954341,RAVE/ADA_1.0,0.0,0.0,0.0,901.0
3.3e-05,3225489101.83,108770.01,4128.69,1644954341,ASHIB/ADA_1.0,0.0,0.0,0.0,901.0
0.0,97923853041358.0,97013.97,2471.77,1644954341,BISON/ADA_0.3,0.0,500000000000.0,-496.3999999999942,901.0
0.034459,2648567.0,91267.99,8429.3,1644954341,FIRE/ADA_0.3,0.0,0.0,0.0,901.0
0.328912,221191.58,72752.6,49970.76,1644954341,MIN/ADA_0.3,0.0008659999999999779,-291.38000000000466,96.0,901.0
0.0,974122065326.0,68161.42,38944.25,1644954341,HOSKY/ADA_0.3,0.0,1657369427.0,-115.82000000000698,901.0
0.006188,9018299.0,55805.5,13296.21,1644954341,FLICK/ADA_0.3,0.0,0.0,0.0,901.0
0.708963,77897.52,55226.51,2822.29,1644954341,SUNDAE/ADA_1.0,0.0,0.0,0.0,901.0
0.092684,518542.0,48060.84,10626.72,1644954341,cNETA/ADA_0.3,9.599999999999886e-05,-269.0,25.0,901.0
0.014305,3219008.0,46049.43,2779.66,1644954341,CNFT/ADA_0.3,0.0,0.0,0.0,901.0
0.131209,311217.85,40834.79,2517.04,1644954341,MELD/ADA_1.0,0.0,0.0,0.0,901.0
0.112213,303729.77,34082.55,1799.72,1644954341,REVU/ADA_0.3,0.0,0.0,0.0,901.0
0.002661,11960358.05,31831.29,17914.5,1644954341,DRIP/ADA_1.0,-7.99999999999976e-06,23409.570000000298,-38.36999999999898,901.0
0.005446,5809491.0,31641.09,1956.87,1644954341,BDOGE/ADA_1.0,0.0,0.0,0.0,901.0
42.067199,717.0,30162.18,3102.98,1644954341,unsi…en/ADA_1.0,0.0,0.0,0.0,901.0
0.017296,1664887.0,28797.23,3505.59,1644954341,QUID/ADA_0.3,0.0,0.0,0.0,901.0
0.000849,33523372.24,28492.08,264.61,1644954341,MONET/ADA_0.3,0.0,0.0,0.0,901.0
0.00075,27864987.0,20911.59,10.1,1644954341,RAG/ADA_1.0,0.0,0.0,0.0,901.0
0.111367,182755.14,20353.06,2240.41,1644954341,MINt/ADA_0.05,0.0,0.0,0.0,901.0
0.0,290642481888.0,20020.18,1420.28,1644954341,HOSKY/ADA_0.05,0.0,0.0,0.0,901.0
26.9178,732.0,19703.83,536.21,1644954341,XDIA…ND/ADA_1.0,0.0,0.0,0.0,901.0
0.016861,1125784.0,18982.15,270.4,1644954341,GOKEY/ADA_0.3,0.0,0.0,0.0,901.0
0.314679,58841.07,18516.07,4129.3,1644954341,MIN/ADA_0.05,0.0,0.0,0.0,901.0
0.16519,110825.0,18307.19,1848.78,1644954341,SKULL/ADA_1.0,0.0,0.0,0.0,901.0
0.436189,39549.0,17250.85,2097.13,1644954341,CDX/ADA_1.0,0.0,0.0,0.0,901.0
0.04007,429673.0,17217.02,258.04,1644954341,cMETA/ADA_0.3,0.0,0.0,0.0,901.0
0.000588,27897208.0,16413.99,6794.87,1644954341,KIDZ/ADA_0.3,0.0,70000.0,41.19000000000233,901.0
2.188129,6587.41,14414.11,0.0,1644954341,DANA/ADA_0.3,0.0,0.0,0.0,901.0
0.0,15309427196.0,13261.36,3787.56,1644954341,MEOW/ADA_0.3,0.0,0.0,0.0,901.0
0.318246,40945.81,13030.86,1591.22,1644954341,CARGO/ADA_0.3,0.0,0.0,0.0,901.0
0.109176,97815.0,10679.11,49.65,1644954341,Card…rm/ADA_0.3,0.0,0.0,0.0,901.0
0.768512,13807.44,10611.19,0.0,1644954341,WMT/ADA_1.0,0.0,0.0,0.0,901.0
0.001177,8027761.0,9455.39,40.4,1644954341,FLANO/ADA_1.0,0.0,0.0,0.0,901.0
0.046783,201383.07,9421.46,0.0,1644954341,cbTHC/ADA_0.3,0.0,0.0,0.0,901.0
0.003002,2960126.41,8887.09,0.0,1644954341,DRIP/ADA_0.3,0.0,590.4300000001676,1.7800000000006548,7201.0
100.801593,87.9,8860.54,0.0,1644954341,LQ/ADA_1.0,0.0,0.0,0.0,27901.0
0.740895,25595830.32,18963832.4,678113.58,1644955240,SUNDAE/ADA_0.3,-0.00277000000000005,47955.39999999851,-35242.27000000328,898.0
106.996921,150644.74,16118523.75,1203265.09,1644955240,LQ/ADA_0.3,-0.03898599999999419,29.56999999997788,-2707.660000000149,898.0
0.805062,13791441.96,11102967.35,1350736.35,1644955240,WMT/ADA_0.3,0.00010100000000001774,-816.5699999984354,728.2799999993294,898.0
0.13004,10832737.39,1408691.62,392045.01,1644955240,MELD/ADA_0.3,0.0012569999999999804,-42736.24000000022,8105.520000000019,898.0
0.097992,11203930.0,1097902.24,261540.69,1644955240,PAVIA/ADA_0.3,-0.004539000000000001,244957.0,-25737.689999999944,898.0
0.164721,6544269.0,1077980.45,33397.63,1644955240,XRAY/ADA_0.3,-2.1999999999994246e-05,442.0,-72.21999999997206,898.0
0.346543,2491662.0,863468.38,57858.95,1644955240,ADAX/ADA_0.3,0.0,0.0,0.0,898.0
2.055291,378884.25,778717.75,148009.38,1644955240,AADA/ADA_0.3,0.002705999999999875,-249.35999999998603,513.7099999999627,898.0
1.648393,326827.31,538740.12,70996.43,1644955240,VYFI/ADA_0.3,0.0027399999999999647,-271.54999999998836,448.5999999999767,898.0
6.470813,50511.0,326847.26,100073.88,1644955240,MILK/ADA_0.3,0.004958999999999492,-19.0,127.63000000000466,898.0
0.114869,1734108.22,199195.42,69932.94,1644955240,MINt/ADA_0.3,0.0010629999999999945,-8065.939999999944,925.0,898.0
0.034393,5670542.2,195029.87,12070.29,1644955240,CLAP/ADA_0.3,-7.299999999999668e-05,5998.0600000005215,-205.89999999999418,898.0
0.0,6831883678251.0,154535.89,1091.25,1644955240,CHRLZ/ADA_0.3,0.0,0.0,0.0,898.0
2.236621,68913.41,154133.25,95239.68,1644955240,DANA/ADA_0.05,-0.018133000000000177,277.99000000000524,-622.7999999999884,898.0
0.812871,173955.66,141403.62,2799.33,1644955240,WMT/ADA_0.05,0.0,-300.38000000000466,-244.1700000000128,1799.0
0.005363,21556000.0,115623.39,7594.39,1644955240,RAVE/ADA_1.0,0.0,0.0,0.0,898.0
3.3e-05,3225489101.83,108770.01,4128.69,1644955240,ASHIB/ADA_1.0,0.0,0.0,0.0,898.0
0.0,97720469986559.0,97216.49,2674.9,1644955240,BISON/ADA_0.3,0.0,-203383054799.0,202.52000000000407,898.0
0.034459,2648567.0,91267.99,8429.3,1644955240,FIRE/ADA_0.3,0.0,0.0,0.0,898.0
0.688636,111871.01,77038.46,2487.24,1644955240,SUNDAE/ADA_0.05,0.0,861.5499999999884,593.2900000000081,1799.0
0.328912,221191.58,72752.6,49970.76,1644955240,MIN/ADA_0.3,0.0,0.0,0.0,898.0
0.0,974122065326.0,68161.42,38944.25,1644955240,HOSKY/ADA_0.3,0.0,0.0,0.0,898.0
0.006188,9018299.0,55805.5,13296.21,1644955240,FLICK/ADA_0.3,0.0,0.0,0.0,898.0
0.708963,77897.52,55226.51,2822.29,1644955240,SUNDAE/ADA_1.0,0.0,0.0,0.0,898.0
0.092684,518542.0,48060.84,10626.72,1644955240,cNETA/ADA_0.3,0.0,0.0,0.0,898.0
0.014305,3219008.0,46049.43,2779.66,1644955240,CNFT/ADA_0.3,0.0,0.0,0.0,898.0
0.131209,311217.85,40834.79,2517.04,1644955240,MELD/ADA_1.0,0.0,0.0,0.0,898.0
0.112213,303729.77,34082.55,1799.72,1644955240,REVU/ADA_0.3,0.0,0.0,0.0,898.0
0.00266,11962358.05,31831.32,17917.13,1644955240,DRIP/ADA_1.0,-1.0000000000001327e-06,2000.0,0.029999999998835847,898.0
0.005446,5809491.0,31641.09,1956.87,1644955240,BDOGE/ADA_1.0,0.0,0.0,0.0,898.0
42.067199,717.0,30162.18,3102.98,1644955240,unsi…en/ADA_1.0,0.0,0.0,0.0,898.0
0.017296,1664887.0,28797.23,3505.59,1644955240,QUID/ADA_0.3,0.0,0.0,0.0,898.0
0.000849,33523372.24,28492.08,264.61,1644955240,MONET/ADA_0.3,0.0,0.0,0.0,898.0
0.000737,28117008.0,20726.01,195.68,1644955240,RAG/ADA_1.0,-1.299999999999999e-05,252021.0,-185.58000000000175,898.0
0.111367,182755.14,20353.06,2240.41,1644955240,MINt/ADA_0.05,0.0,0.0,0.0,898.0
0.0,290642481888.0,20020.18,1420.28,1644955240,HOSKY/ADA_0.05,0.0,0.0,0.0,898.0
26.992865,731.0,19731.78,564.44,1644955240,XDIA…ND/ADA_1.0,0.0750649999999986,-1.0,27.94999999999709,898.0
0.016861,1125784.0,18982.15,270.4,1644955240,GOKEY/ADA_0.3,0.0,0.0,0.0,898.0
0.314679,58841.07,18516.07,4129.3,1644955240,MIN/ADA_0.05,0.0,0.0,0.0,898.0
0.16519,110825.0,18307.19,1848.78,1644955240,SKULL/ADA_1.0,0.0,0.0,0.0,898.0
0.436189,39549.0,17250.85,2097.13,1644955240,CDX/ADA_1.0,0.0,0.0,0.0,898.0
0.04007,429673.0,17217.02,258.04,1644955240,cMETA/ADA_0.3,0.0,0.0,0.0,898.0
0.000588,27897208.0,16413.99,6794.87,1644955240,KIDZ/ADA_0.3,0.0,0.0,0.0,898.0
2.188129,6587.41,14414.11,0.0,1644955240,DANA/ADA_0.3,0.0,0.0,0.0,898.0
0.0,15309427196.0,13261.36,3787.56,1644955240,MEOW/ADA_0.3,0.0,0.0,0.0,898.0
0.303274,41945.81,12721.11,1900.97,1644955240,CARGO/ADA_0.3,-0.014971999999999985,1000.0,-309.75,898.0
0.109176,97815.0,10679.11,49.65,1644955240,Card…rm/ADA_0.3,0.0,0.0,0.0,898.0
0.768512,13807.44,10611.19,0.0,1644955240,WMT/ADA_1.0,0.0,0.0,0.0,898.0
0.001177,8027761.0,9455.39,40.4,1644955240,FLANO/ADA_1.0,0.0,0.0,0.0,898.0
0.046783,201383.07,9421.46,0.0,1644955240,cbTHC/ADA_0.3,0.0,0.0,0.0,898.0
0.742044,25586922.57,18986629.68,692877.74,1644956140,SUNDAE/ADA_0.3,0.0011490000000000666,-8907.75,22797.280000001192,899.0
106.835741,150758.59,16106405.98,1221441.93,1644956140,LQ/ADA_0.3,-0.16118000000000166,113.85000000000582,-12117.769999999553,899.0
0.806746,13777220.96,11114727.03,1362398.82,1644956140,WMT/ADA_0.3,0.0016839999999999078,-14221.0,11759.679999999702,899.0
0.127961,10921558.69,1397533.99,406475.63,1644956140,MELD/ADA_0.3,-0.0020789999999999975,88821.29999999888,-11157.630000000121,899.0
0.097992,11176699.0,1095233.72,261540.69,1644956140,PAVIA/ADA_0.3,0.0,-27231.0,-2668.5200000000186,899.0
0.164721,6544269.0,1077980.45,33397.63,1644956140,XRAY/ADA_0.3,0.0,0.0,0.0,899.0
0.346551,2491634.0,863478.38,57858.95,1644956140,ADAX/ADA_0.3,8.000000000008e-06,-28.0,10.0,899.0
2.061149,378346.41,779828.38,149224.91,1644956140,AADA/ADA_0.3,0.005857999999999919,-537.8400000000256,1110.6300000000047,899.0
1.649402,326727.48,538905.23,71162.04,1644956140,VYFI/ADA_0.3,0.0010090000000000376,-99.8300000000163,165.10999999998603,899.0
6.49625,50402.0,327423.99,100723.7,1644956140,MILK/ADA_0.3,0.025437000000000154,-109.0,576.7299999999814,899.0
0.115684,1728008.78,199904.22,71767.84,1644956140,MINt/ADA_0.3,0.0008149999999999963,-6099.439999999944,708.7999999999884,899.0
0.034384,5671313.1,195004.32,12388.28,1644956140,CLAP/ADA_0.3,-9.000000000002062e-06,770.8999999994412,-25.54999999998836,899.0
0.0,6831883678251.0,154535.89,1091.25,1644956140,CHRLZ/ADA_0.3,0.0,0.0,0.0,899.0
2.22978,69019.15,153897.56,94334.56,1644956140,DANA/ADA_0.05,-0.006841000000000097,105.73999999999069,-235.69000000000233,899.0
0.812871,173955.66,141403.62,2799.33,1644956140,WMT/ADA_0.05,0.0,0.0,0.0,899.0
0.005365,21552494.0,115642.39,7349.36,1644956140,RAVE/ADA_1.0,2.0000000000002655e-06,-3506.0,19.0,899.0
3.3e-05,3280489101.83,110624.72,4128.69,1644956140,ASHIB/ADA_1.0,0.0,55000000.0,1854.7100000000064,899.0
0.0,97720469986559.0,97216.49,2674.9,1644956140,BISON/ADA_0.3,0.0,0.0,0.0,899.0
0.034459,2648567.0,91267.99,7888.31,1644956140,FIRE/ADA_0.3,0.0,0.0,0.0,899.0
0.688636,114041.71,78533.28,2487.24,1644956140,SUNDAE/ADA_0.05,0.0,2170.7000000000116,1494.8199999999924,899.0
0.328912,221191.58,72752.6,48888.24,1644956140,MIN/ADA_0.3,0.0,0.0,0.0,899.0
0.0,974122065326.0,68161.42,37281.39,1644956140,HOSKY/ADA_0.3,0.0,0.0,0.0,899.0
0.006188,9018299.0,55805.5,13296.21,1644956140,FLICK/ADA_0.3,0.0,0.0,0.0,899.0
0.708963,77897.52,55226.51,2822.29,1644956140,SUNDAE/ADA_1.0,0.0,0.0,0.0,899.0
0.092631,518692.0,48046.98,10200.65,1644956140,cNETA/ADA_0.3,-5.2999999999997494e-05,150.0,-13.859999999993306,899.0
0.014305,3219008.0,46049.43,2779.66,1644956140,CNFT/ADA_0.3,0.0,0.0,0.0,899.0
0.131209,307204.11,40308.15,2517.04,1644956140,MELD/ADA_1.0,0.0,-4013.7399999999907,-526.6399999999994,899.0
0.105183,313729.77,32999.34,2882.93,1644956140,REVU/ADA_0.3,-0.007029999999999995,10000.0,-1083.2100000000064,899.0
0.00266,11966358.05,31831.37,16916.87,1644956140,DRIP/ADA_1.0,0.0,4000.0,0.049999999999272404,899.0
0.005446,5809491.0,31641.09,1956.87,1644956140,BDOGE/ADA_1.0,0.0,0.0,0.0,899.0
42.067199,717.0,30162.18,3056.52,1644956140,unsi…en/ADA_1.0,0.0,0.0,0.0,899.0
0.017296,1664887.0,28797.23,3505.59,1644956140,QUID/ADA_0.3,0.0,0.0,0.0,899.0
0.000849,33523372.24,28492.08,264.61,1644956140,MONET/ADA_0.3,0.0,0.0,0.0,899.0
0.000737,28117008.0,20726.01,185.58,1644956140,RAG/ADA_1.0,0.0,0.0,0.0,899.0
0.111367,182755.14,20353.06,2240.41,1644956140,MINt/ADA_0.05,0.0,0.0,0.0,899.0
0.0,290642481888.0,20020.18,1420.28,1644956140,HOSKY/ADA_0.05,0.0,0.0,0.0,899.0
26.992865,731.0,19731.78,564.44,1644956140,XDIA…ND/ADA_1.0,0.0,0.0,0.0,899.0
0.016861,1125784.0,18982.15,270.4,1644956140,GOKEY/ADA_0.3,0.0,0.0,0.0,899.0
0.314679,58841.07,18516.07,4129.3,1644956140,MIN/ADA_0.05,0.0,0.0,0.0,899.0
0.16519,110825.0,18307.19,1848.78,1644956140,SKULL/ADA_1.0,0.0,0.0,0.0,899.0
0.436189,39549.0,17250.85,2097.13,1644956140,CDX/ADA_1.0,0.0,0.0,0.0,899.0
0.04007,429673.0,17217.02,258.04,1644956140,cMETA/ADA_0.3,0.0,0.0,0.0,899.0
2.188129,6587.41,14414.11,0.0,1644956140,DANA/ADA_0.3,0.0,0.0,0.0,899.0
0.0,15309427196.0,13261.36,3787.56,1644956140,MEOW/ADA_0.3,0.0,0.0,0.0,899.0
0.303274,41945.81,12721.11,1900.97,1644956140,CARGO/ADA_0.3,0.0,0.0,0.0,899.0
0.000341,36622340.0,12512.36,10561.09,1644956140,KIDZ/ADA_0.3,-0.000247,8725132.0,-3901.630000000001,899.0
0.109167,97819.0,10678.67,50.08,1644956140,Card…rm/ADA_0.3,-8.999999999995123e-06,4.0,-0.4400000000005093,899.0
0.768512,13807.44,10611.19,0.0,1644956140,WMT/ADA_1.0,0.0,0.0,0.0,899.0
0.001177,8027761.0,9455.39,40.4,1644956140,FLANO/ADA_1.0,0.0,0.0,0.0,899.0
0.046783,201383.07,9421.46,0.0,1644956140,cbTHC/ADA_0.3,0.0,0.0,0.0,899.0
0.742063,25588971.37,18988649.27,693128.49,1644957041,SUNDAE/ADA_0.3,1.8999999999991246e-05,2048.800000000745,2019.589999999851,901.0
107.059265,150611.94,16124403.89,1239469.42,1644957041,LQ/ADA_0.3,0.2235239999999976,-146.64999999999418,17997.91000000015,901.0
0.806746,13780250.55,11117171.14,1362398.82,1644957041,WMT/ADA_0.3,0.0,3029.589999999851,2444.1100000012666,901.0
0.127995,10918378.53,1397507.38,406666.68,1644957041,MELD/ADA_0.3,3.400000000000625e-05,-3180.160000000149,-26.610000000102445,901.0
0.164721,6544269.0,1077980.45,33397.63,1644957041,XRAY/ADA_0.3,0.0,0.0,0.0,901.0
0.093509,11441912.0,1069930.57,289657.78,1644957041,PAVIA/ADA_0.3,-0.004483000000000001,265213.0,-25303.149999999907,901.0
0.346551,2491634.0,863478.38,57858.95,1644957041,ADAX/ADA_0.3,0.0,0.0,0.0,901.0
2.054373,378970.76,778547.45,150505.84,1644957041,AADA/ADA_0.3,-0.006775999999999893,624.3500000000349,-1280.9300000000512,901.0
1.649402,326431.89,538417.68,71162.04,1644957041,VYFI/ADA_0.3,0.0,-295.5899999999674,-487.54999999993015,901.0
6.496239,50361.0,327157.11,100723.7,1644957041,MILK/ADA_0.3,-1.09999999997612e-05,-41.0,-266.88000000000466,901.0
0.115887,1726501.9,200079.22,71943.36,1644957041,MINt/ADA_0.3,0.00020300000000000873,-1506.880000000121,175.0,901.0
0.034384,5671313.1,195004.32,12388.28,1644957041,CLAP/ADA_0.3,0.0,0.0,0.0,901.0
0.0,6831883678251.0,154535.89,1091.25,1644957041,CHRLZ/ADA_0.3,0.0,0.0,0.0,901.0
2.215985,69234.15,153421.87,98811.25,1644957041,DANA/ADA_0.05,-0.013795000000000002,215.0,-475.6900000000023,901.0
0.812871,174020.72,141456.51,2799.33,1644957041,WMT/ADA_0.05,0.0,65.05999999999767,52.89000000001397,901.0
0.005365,21552494.0,115642.39,7349.36,1644957041,RAVE/ADA_1.0,0.0,0.0,0.0,901.0
3.3e-05,3280489101.83,110624.72,4128.69,1644957041,ASHIB/ADA_1.0,0.0,0.0,0.0,901.0
0.0,97720469986559.0,97216.49,2674.9,1644957041,BISON/ADA_0.3,0.0,0.0,0.0,901.0
0.034459,2648567.0,91267.99,7888.31,1644957041,FIRE/ADA_0.3,0.0,0.0,0.0,901.0
0.688636,114041.71,78533.28,2487.24,1644957041,SUNDAE/ADA_0.05,0.0,0.0,0.0,901.0
0.324502,222691.58,72264.02,49376.83,1644957041,MIN/ADA_0.3,-0.0044099999999999695,1500.0,-488.58000000000175,901.0
0.0,974122065326.0,68161.42,37281.39,1644957041,HOSKY/ADA_0.3,0.0,0.0,0.0,901.0
0.006214,8999007.0,55925.5,13416.57,1644957041,FLICK/ADA_0.3,2.599999999999998e-05,-19292.0,120.0,901.0
0.708963,77897.52,55226.51,2822.29,1644957041,SUNDAE/ADA_1.0,0.0,0.0,0.0,901.0
0.08908,528942.0,47118.65,11128.97,1644957041,cNETA/ADA_0.3,-0.0035509999999999986,10250.0,-928.3300000000017,901.0
0.014305,3219008.0,46049.43,2779.66,1644957041,CNFT/ADA_0.3,0.0,0.0,0.0,901.0
0.131209,307204.11,40308.15,2517.04,1644957041,MELD/ADA_1.0,0.0,0.0,0.0,901.0
0.105743,312899.55,33087.16,2971.01,1644957041,REVU/ADA_0.3,0.0005600000000000049,-830.2200000000303,87.82000000000698,901.0
0.002644,12006358.05,31752.77,17008.78,1644957041,DRIP/ADA_1.0,-1.5999999999999955e-05,40000.0,-78.59999999999854,901.0
0.005446,5809491.0,31641.09,1956.87,1644957041,BDOGE/ADA_1.0,0.0,0.0,0.0,901.0
42.600273,713.0,30373.99,3270.45,1644957041,unsi…en/ADA_1.0,0.5330739999999992,-4.0,211.8100000000013,901.0
0.017296,1664887.0,28797.23,3505.59,1644957041,QUID/ADA_0.3,0.0,0.0,0.0,901.0
0.000849,33523372.24,28492.08,264.61,1644957041,MONET/ADA_0.3,0.0,0.0,0.0,901.0
0.000737,28117008.0,20726.01,185.58,1644957041,RAG/ADA_1.0,0.0,0.0,0.0,901.0
0.111367,182755.14,20353.06,2240.41,1644957041,MINt/ADA_0.05,0.0,0.0,0.0,901.0
0.0,290642481888.0,20020.18,1420.28,1644957041,HOSKY/ADA_0.05,0.0,0.0,0.0,901.0
27.068102,730.0,19759.71,592.65,1644957041,XDIA…ND/ADA_1.0,0.07523700000000133,-1.0,27.93000000000029,901.0
0.016861,1125784.0,18982.15,270.4,1644957041,GOKEY/ADA_0.3,0.0,0.0,0.0,901.0
0.314679,58841.07,18516.07,4129.3,1644957041,MIN/ADA_0.05,0.0,0.0,0.0,901.0
0.16519,110825.0,18307.19,1848.78,1644957041,SKULL/ADA_1.0,0.0,0.0,0.0,901.0
0.436189,39549.0,17250.85,2097.13,1644957041,CDX/ADA_1.0,0.0,0.0,0.0,901.0
0.04007,429673.0,17217.02,258.04,1644957041,cMETA/ADA_0.3,0.0,0.0,0.0,901.0
2.188129,6587.41,14414.11,0.0,1644957041,DANA/ADA_0.3,0.0,0.0,0.0,901.0
0.000411,33377079.0,13732.65,11785.04,1644957041,KIDZ/ADA_0.3,7.000000000000002e-05,-3245261.0,1220.289999999999,901.0
0.0,15286442250.0,13281.36,3807.62,1644957041,MEOW/ADA_0.3,0.0,-22984946.0,20.0,901.0
0.303274,41945.81,12721.11,1900.97,1644957041,CARGO/ADA_0.3,0.0,0.0,0.0,901.0
0.109167,97819.0,10678.67,50.08,1644957041,Card…rm/ADA_0.3,0.0,0.0,0.0,901.0
0.768512,13807.44,10611.19,0.0,1644957041,WMT/ADA_1.0,0.0,0.0,0.0,901.0
0.001177,8027761.0,9455.39,40.4,1644957041,FLANO/ADA_1.0,0.0,0.0,0.0,901.0
0.046783,201383.07,9421.46,0.0,1644957041,cbTHC/ADA_0.3,0.0,0.0,0.0,901.0
0.742067,25592364.18,18991265.84,693178.15,1644957940,SUNDAE/ADA_0.3,4.000000000004e-06,3392.809999998659,2616.570000000298,898.0
107.03088,150635.54,16122655.2,1241603.9,1644957940,LQ/ADA_0.3,-0.028385000000000105,23.60000000000582,-1748.690000001341,898.0
0.807092,13782481.24,11123742.96,1364795.82,1644957940,WMT/ADA_0.3,0.0003460000000000685,2230.6899999994785,6571.820000000298,898.0
0.13164,10767096.96,1417383.72,426512.22,1644957940,MELD/ADA_0.3,0.0036450000000000093,-151281.56999999844,19876.340000000084,898.0
0.09624,11278340.0,1085431.02,305236.77,1644957940,PAVIA/ADA_0.3,0.002731000000000011,-163572.0,15500.449999999953,898.0
0.164721,6544269.0,1077980.45,33397.63,1644957940,XRAY/ADA_0.3,0.0,0.0,0.0,898.0
0.346551,2491634.0,863478.38,57858.95,1644957940,ADAX/ADA_0.3,0.0,0.0,0.0,898.0
2.05569,378849.48,778797.45,150756.59,1644957940,AADA/ADA_0.3,0.0013169999999997906,-121.28000000002794,250.0,898.0
1.644172,326951.42,537564.69,72015.03,1644957940,VYFI/ADA_0.3,-0.005230000000000068,519.5299999999697,-852.9900000001071,898.0
6.453178,50529.0,326072.63,101808.18,1644957940,MILK/ADA_0.3,-0.043060999999999794,168.0,-1084.4799999999814,898.0
0.115753,1727601.08,199975.24,72058.83,1644957940,MINt/ADA_0.3,-0.0001340000000000091,1099.1800000001676,-103.98000000001048,898.0
0.034239,5683280.61,194594.92,12797.68,1644957940,CLAP/ADA_0.3,-0.0001449999999999993,11967.510000000708,-409.3999999999942,898.0
0.0,6831883678251.0,154535.89,1091.25,1644957940,CHRLZ/ADA_0.3,0.0,0.0,0.0,898.0
2.218874,69189.07,153521.87,98911.3,1644957940,DANA/ADA_0.05,0.0028890000000001415,-45.079999999987194,100.0,898.0
0.812871,174020.72,141456.51,2799.33,1644957940,WMT/ADA_0.05,0.0,0.0,0.0,898.0
0.005416,21452490.0,116186.93,7899.34,1644957940,RAVE/ADA_1.0,5.099999999999983e-05,-100004.0,544.5399999999936,898.0
3.3e-05,3280489101.83,110624.72,4128.69,1644957940,ASHIB/ADA_1.0,0.0,0.0,0.0,898.0
0.0,97720469986559.0,97216.49,2674.9,1644957940,BISON/ADA_0.3,0.0,0.0,0.0,898.0
0.034459,2648567.0,91267.99,7888.31,1644957940,FIRE/ADA_0.3,0.0,0.0,0.0,898.0
0.688636,113526.1,78178.22,2487.24,1644957940,SUNDAE/ADA_0.05,0.0,-515.6100000000006,-355.0599999999977,898.0
0.324502,222691.58,72264.02,49376.83,1644957940,MIN/ADA_0.3,0.0,0.0,0.0,898.0
0.0,984122065326.0,67470.87,37971.95,1644957940,HOSKY/ADA_0.3,0.0,10000000000.0,-690.5500000000029,898.0
0.006214,8999007.0,55925.5,13416.57,1644957940,FLICK/ADA_0.3,0.0,0.0,0.0,898.0
0.708963,77897.52,55226.51,2822.29,1644957940,SUNDAE/ADA_1.0,0.0,0.0,0.0,898.0
0.08908,528942.0,47118.65,11128.97,1644957940,cNETA/ADA_0.3,0.0,0.0,0.0,898.0
0.014305,3219008.0,46049.43,2779.66,1644957940,CNFT/ADA_0.3,0.0,0.0,0.0,898.0
0.131209,307204.11,40308.15,2517.04,1644957940,MELD/ADA_1.0,0.0,0.0,0.0,898.0
0.105743,312899.55,33087.16,2971.01,1644957940,REVU/ADA_0.3,0.0,0.0,0.0,898.0
0.002644,12003306.68,31744.7,17008.78,1644957940,DRIP/ADA_1.0,0.0,-3051.370000001043,-8.069999999999709,898.0
0.005446,5809491.0,31641.09,1956.87,1644957940,BDOGE/ADA_1.0,0.0,0.0,0.0,898.0
42.600273,713.0,30373.99,3270.45,1644957940,unsi…en/ADA_1.0,0.0,0.0,0.0,898.0
0.017296,1664887.0,28797.23,3505.59,1644957940,QUID/ADA_0.3,0.0,0.0,0.0,898.0
0.000849,33523372.24,28492.08,264.61,1644957940,MONET/ADA_0.3,0.0,0.0,0.0,898.0
0.000737,28117008.0,20726.01,185.58,1644957940,RAG/ADA_1.0,0.0,0.0,0.0,898.0
0.111367,182755.14,20353.06,2240.41,1644957940,MINt/ADA_0.05,0.0,0.0,0.0,898.0
0.0,290649481888.0,20020.66,1420.28,1644957940,HOSKY/ADA_0.05,0.0,7000000.0,0.47999999999956344,898.0
27.068102,730.0,19759.71,592.65,1644957940,XDIA…ND/ADA_1.0,0.0,0.0,0.0,898.0
0.016861,1125784.0,18982.15,270.4,1644957940,GOKEY/ADA_0.3,0.0,0.0,0.0,898.0
0.314679,58841.07,18516.07,4129.3,1644957940,MIN/ADA_0.05,0.0,0.0,0.0,898.0
0.16519,110825.0,18307.19,1848.78,1644957940,SKULL/ADA_1.0,0.0,0.0,0.0,898.0
0.436189,39549.0,17250.85,2097.13,1644957940,CDX/ADA_1.0,0.0,0.0,0.0,898.0
0.04007,429673.0,17217.02,258.04,1644957940,cMETA/ADA_0.3,0.0,0.0,0.0,898.0
2.188129,6587.41,14414.11,0.0,1644957940,DANA/ADA_0.3,0.0,0.0,0.0,898.0
0.000411,33377079.0,13732.65,11785.04,1644957940,KIDZ/ADA_0.3,0.0,0.0,0.0,898.0
0.0,15286442250.0,13281.36,3807.62,1644957940,MEOW/ADA_0.3,0.0,0.0,0.0,898.0
0.303274,41945.81,12721.11,1900.97,1644957940,CARGO/ADA_0.3,0.0,0.0,0.0,898.0
0.109167,97819.0,10678.67,50.08,1644957940,Card…rm/ADA_0.3,0.0,0.0,0.0,898.0
0.768512,13807.44,10611.19,0.0,1644957940,WMT/ADA_1.0,0.0,0.0,0.0,898.0
0.001177,8027761.0,9455.39,40.4,1644957940,FLANO/ADA_1.0,0.0,0.0,0.0,898.0
0.046783,201383.07,9421.46,0.0,1644957940,cbTHC/ADA_0.3,0.0,0.0,0.0,898.0
0.742256,25589146.1,18993700.25,695600.39,1644958840,SUNDAE/ADA_0.3,0.00018899999999999473,-3218.079999998212,2434.410000000149,900.0
107.047255,150639.05,16125496.88,1243913.03,1644958840,LQ/ADA_0.3,0.016375000000010687,3.5099999999802094,2841.6800000015646,900.0
0.808085,13780893.96,11136135.16,1371661.96,1644958840,WMT/ADA_0.3,0.0009930000000000216,-1587.2799999993294,12392.199999999255,900.0
0.131691,10765992.68,1417788.96,427447.31,1644958840,MELD/ADA_0.3,5.099999999999549e-05,-1104.280000001192,405.2399999999907,900.0
0.095819,11303108.0,1083061.54,308185.36,1644958840,PAVIA/ADA_0.3,-0.0004210000000000047,24768.0,-2369.4799999999814,900.0
0.164721,6544269.0,1077980.45,33397.63,1644958840,XRAY/ADA_0.3,0.0,0.0,0.0,900.0
0.34655,2489127.0,862609.35,57858.95,1644958840,ADAX/ADA_0.3,-9.999999999732445e-07,-2507.0,-869.0300000000279,900.0
2.05569,378849.48,778797.45,150756.59,1644958840,AADA/ADA_0.3,0.0,0.0,0.0,900.0
1.64343,327025.42,537443.41,72136.31,1644958840,VYFI/ADA_0.3,-0.0007420000000000204,74.0,-121.27999999991152,900.0
6.458225,50510.0,326204.98,101940.94,1644958840,MILK/ADA_0.3,0.0050469999999993576,-19.0,132.34999999997672,900.0
0.115753,1727601.08,199975.24,72058.83,1644958840,MINt/ADA_0.3,0.0,0.0,0.0,900.0
0.034239,5683280.61,194594.92,12797.68,1644958840,CLAP/ADA_0.3,0.0,0.0,0.0,900.0
0.0,6831883678251.0,154535.89,1091.25,1644958840,CHRLZ/ADA_0.3,0.0,0.0,0.0,900.0
2.208414,69352.79,153159.7,99379.9,1644958840,DANA/ADA_0.05,-0.010460000000000136,163.7199999999866,-362.1699999999837,900.0
0.812871,174020.72,141456.51,2799.33,1644958840,WMT/ADA_0.05,0.0,0.0,0.0,900.0
0.005416,21452490.0,116186.93,7899.34,1644958840,RAVE/ADA_1.0,0.0,0.0,0.0,900.0
3.3e-05,3280489101.83,110624.72,4128.69,1644958840,ASHIB/ADA_1.0,0.0,0.0,0.0,900.0
0.0,97720469986559.0,97216.49,2674.9,1644958840,BISON/ADA_0.3,0.0,0.0,0.0,900.0
0.034459,2648567.0,91267.99,7888.31,1644958840,FIRE/ADA_0.3,0.0,0.0,0.0,900.0
0.688636,113643.94,78259.37,2487.24,1644958840,SUNDAE/ADA_0.05,0.0,117.83999999999651,81.14999999999418,900.0
0.331263,220410.88,73014.02,50129.08,1644958840,MIN/ADA_0.3,0.0067609999999999615,-2280.6999999999825,750.0,900.0
0.0,998123871526.0,67880.98,39073.17,1644958840,HOSKY/ADA_0.3,0.0,14001806200.0,410.1100000000006,900.0
0.006214,8999007.0,55925.5,13416.57,1644958840,FLICK/ADA_0.3,0.0,0.0,0.0,900.0
0.708963,77897.52,55226.51,2822.29,1644958840,SUNDAE/ADA_1.0,0.0,0.0,0.0,900.0
0.08908,528942.0,47118.65,11128.97,1644958840,cNETA/ADA_0.3,0.0,0.0,0.0,900.0
0.014305,3219008.0,46049.43,2779.66,1644958840,CNFT/ADA_0.3,0.0,0.0,0.0,900.0
0.131209,307204.11,40308.15,2517.04,1644958840,MELD/ADA_1.0,0.0,0.0,0.0,900.0
0.105743,312899.55,33087.16,2971.01,1644958840,REVU/ADA_0.3,0.0,0.0,0.0,900.0
0.002639,12037797.8,31772.79,17040.16,1644958840,DRIP/ADA_1.0,-5.00000000000023e-06,34491.12000000104,28.090000000000146,900.0
0.005446,5809491.0,31641.09,1956.87,1644958840,BDOGE/ADA_1.0,0.0,0.0,0.0,900.0
42.600273,713.0,30373.99,3270.45,1644958840,unsi…en/ADA_1.0,0.0,0.0,0.0,900.0
0.017296,1664887.0,28797.23,3505.59,1644958840,QUID/ADA_0.3,0.0,0.0,0.0,900.0
0.000849,33523372.24,28492.08,264.61,1644958840,MONET/ADA_0.3,0.0,0.0,0.0,900.0
0.000737,28117008.0,20726.01,185.58,1644958840,RAG/ADA_1.0,0.0,0.0,0.0,900.0
0.111367,182755.14,20353.06,2240.41,1644958840,MINt/ADA_0.05,0.0,0.0,0.0,900.0
0.0,290649481888.0,20020.66,1420.28,1644958840,HOSKY/ADA_0.05,0.0,0.0,0.0,900.0
27.068102,730.0,19759.71,592.65,1644958840,XDIA…ND/ADA_1.0,0.0,0.0,0.0,900.0
0.016861,1125784.0,18982.15,270.4,1644958840,GOKEY/ADA_0.3,0.0,0.0,0.0,900.0
0.314679,58841.07,18516.07,4129.3,1644958840,MIN/ADA_0.05,0.0,0.0,0.0,900.0
0.16519,110825.0,18307.19,1848.78,1644958840,SKULL/ADA_1.0,0.0,0.0,0.0,900.0
0.436189,39549.0,17250.85,2097.13,1644958840,CDX/ADA_1.0,0.0,0.0,0.0,900.0
0.04007,429673.0,17217.02,258.04,1644958840,cMETA/ADA_0.3,0.0,0.0,0.0,900.0
2.188129,6587.41,14414.11,0.0,1644958840,DANA/ADA_0.3,0.0,0.0,0.0,900.0
0.000411,33377079.0,13732.65,11785.04,1644958840,KIDZ/ADA_0.3,0.0,0.0,0.0,900.0
0.0,15286442250.0,13281.36,3807.62,1644958840,MEOW/ADA_0.3,0.0,0.0,0.0,900.0
0.309014,41554.99,12841.11,2021.33,1644958840,CARGO/ADA_0.3,0.005740000000000023,-390.8199999999997,120.0,900.0
0.109167,97819.0,10678.67,50.08,1644958840,Card…rm/ADA_0.3,0.0,0.0,0.0,900.0
0.768512,13807.44,10611.19,0.0,1644958840,WMT/ADA_1.0,0.0,0.0,0.0,900.0
0.001177,8027761.0,9455.39,40.4,1644958840,FLANO/ADA_1.0,0.0,0.0,0.0,900.0
0.046783,201383.07,9421.46,0.0,1644958840,cbTHC/ADA_0.3,0.0,0.0,0.0,900.0
0.742399,25587162.51,18995902.26,691498.27,1644959740,SUNDAE/ADA_0.3,0.00014300000000000423,-1983.589999999851,2202.010000001639,899.0
107.046258,150641.26,16125583.46,1192670.37,1644959740,LQ/ADA_0.3,-0.0009970000000123491,2.2100000000209548,86.5800000000745,899.0
0.808699,13777739.05,11142051.3,1361514.99,1644959740,WMT/ADA_0.3,0.0006139999999998924,-3154.910000000149,5916.140000000596,899.0
0.131691,10765992.68,1417788.96,419322.31,1644959740,MELD/ADA_0.3,0.0,0.0,0.0,899.0
0.164721,6544269.0,1077980.45,33397.63,1644959740,XRAY/ADA_0.3,0.0,0.0,0.0,899.0
0.09475,11367849.0,1077106.99,312278.03,1644959740,PAVIA/ADA_0.3,-0.0010690000000000005,64741.0,-5954.550000000047,899.0
0.34655,2489127.0,862609.35,53079.77,1644959740,ADAX/ADA_0.3,0.0,0.0,0.0,899.0
2.05569,378849.48,778797.45,147904.1,1644959740,AADA/ADA_0.3,0.0,0.0,0.0,899.0
1.643552,327013.29,537463.41,71198.89,1644959740,VYFI/ADA_0.3,0.00012199999999995548,-12.130000000004657,20.0,899.0
6.458225,50510.0,326204.98,83087.95,1644959740,MILK/ADA_0.3,0.0,0.0,0.0,899.0
0.115314,1730887.86,199597.3,68628.49,1644959740,MINt/ADA_0.3,-0.00043899999999999495,3286.780000000028,-377.9400000000023,899.0
0.034239,5683280.61,194594.92,12264.95,1644959740,CLAP/ADA_0.3,0.0,0.0,0.0,899.0
0.0,6831883678251.0,154535.89,1091.25,1644959740,CHRLZ/ADA_0.3,0.0,0.0,0.0,899.0
2.2446,68791.63,154409.7,92786.4,1644959740,DANA/ADA_0.05,0.036186000000000274,-561.1599999999889,1250.0,899.0
0.812871,174006.98,141445.33,2799.33,1644959740,WMT/ADA_0.05,0.0,-13.739999999990687,-11.180000000022119,899.0
0.005416,21452490.0,116186.93,7898.07,1644959740,RAVE/ADA_1.0,0.0,0.0,0.0,899.0
3.3e-05,3280489101.83,110624.72,4109.53,1644959740,ASHIB/ADA_1.0,0.0,0.0,0.0,899.0
0.0,97720469986559.0,97216.49,2674.9,1644959740,BISON/ADA_0.3,0.0,0.0,0.0,899.0
0.034485,2647568.0,91302.56,7922.99,1644959740,FIRE/ADA_0.3,2.6000000000005186e-05,-999.0,34.56999999999243,899.0
0.688636,113645.42,78260.39,2487.24,1644959740,SUNDAE/ADA_0.05,0.0,1.4799999999959255,1.0200000000040745,899.0
0.331263,220410.88,73014.02,48976.69,1644959740,MIN/ADA_0.3,0.0,0.0,0.0,899.0
0.0,998123871526.0,67880.98,37280.39,1644959740,HOSKY/ADA_0.3,0.0,0.0,0.0,899.0
0.006214,8999007.0,55925.5,13125.95,1644959740,FLICK/ADA_0.3,0.0,0.0,0.0,899.0
0.708963,77897.52,55226.51,2822.29,1644959740,SUNDAE/ADA_1.0,0.0,0.0,0.0,899.0
0.088963,529292.0,47087.59,10329.11,1644959740,cNETA/ADA_0.3,-0.00011700000000000599,350.0,-31.060000000004948,899.0
0.013457,3216964.0,43292.74,4163.07,1644959740,CNFT/ADA_0.3,-0.0008479999999999998,-2044.0,-2756.6900000000023,899.0
0.131209,307204.11,40308.15,2517.04,1644959740,MELD/ADA_1.0,0.0,0.0,0.0,899.0
0.105743,312899.55,33087.16,2971.01,1644959740,REVU/ADA_0.3,0.0,0.0,0.0,899.0
0.002639,12037797.8,31772.79,17009.65,1644959740,DRIP/ADA_1.0,0.0,0.0,0.0,899.0
0.005446,5809491.0,31641.09,1956.87,1644959740,BDOGE/ADA_1.0,0.0,0.0,0.0,899.0
43.634466,705.0,30762.29,3662.64,1644959740,unsi…en/ADA_1.0,1.034193000000002,-8.0,388.2999999999993,899.0
0.017296,1664887.0,28797.23,3304.25,1644959740,QUID/ADA_0.3,0.0,0.0,0.0,899.0
0.000849,33523372.24,28492.08,244.55,1644959740,MONET/ADA_0.3,0.0,0.0,0.0,899.0
0.000737,28117008.0,20726.01,185.58,1644959740,RAG/ADA_1.0,0.0,0.0,0.0,899.0
0.111367,182755.14,20353.06,2240.41,1644959740,MINt/ADA_0.05,0.0,0.0,0.0,899.0
0.0,290649481888.0,20020.66,1420.28,1644959740,HOSKY/ADA_0.05,0.0,0.0,0.0,899.0
27.068102,730.0,19759.71,592.65,1644959740,XDIA…ND/ADA_1.0,0.0,0.0,0.0,899.0
0.016861,1125784.0,18982.15,270.4,1644959740,GOKEY/ADA_0.3,0.0,0.0,0.0,899.0
0.314679,58841.07,18516.07,4129.3,1644959740,MIN/ADA_0.05,0.0,0.0,0.0,899.0
0.16519,110825.0,18307.19,1848.78,1644959740,SKULL/ADA_1.0,0.0,0.0,0.0,899.0
0.436189,39549.0,17250.85,2097.13,1644959740,CDX/ADA_1.0,0.0,0.0,0.0,899.0
0.04007,429673.0,17217.02,258.04,1644959740,cMETA/ADA_0.3,0.0,0.0,0.0,899.0
2.188129,6587.41,14414.11,0.0,1644959740,DANA/ADA_0.3,0.0,0.0,0.0,899.0
0.000411,33377079.0,13732.65,11684.74,1644959740,KIDZ/ADA_0.3,0.0,0.0,0.0,899.0
0.0,15286442250.0,13281.36,3807.62,1644959740,MEOW/ADA_0.3,0.0,0.0,0.0,899.0
0.309014,41554.99,12841.11,1981.21,1644959740,CARGO/ADA_0.3,0.0,0.0,0.0,899.0
0.109167,97819.0,10678.67,50.08,1644959740,Card…rm/ADA_0.3,0.0,0.0,0.0,899.0
0.768512,13807.44,10611.19,0.0,1644959740,WMT/ADA_1.0,0.0,0.0,0.0,899.0
0.001177,8027761.0,9455.39,40.4,1644959740,FLANO/ADA_1.0,0.0,0.0,0.0,899.0
0.046783,201383.07,9421.46,0.0,1644959740,cbTHC/ADA_0.3,0.0,0.0,0.0,899.0
0.742423,25587626.52,18996850.9,691801.72,1644960641,SUNDAE/ADA_0.3,2.4000000000024002e-05,464.00999999791384,948.6399999968708,901.0
106.992387,150829.86,16137647.25,1203573.39,1644960641,LQ/ADA_0.3,-0.05387100000000089,188.59999999997672,12063.789999999106,901.0
0.809001,13775339.55,11144272.24,1363605.24,1644960641,WMT/ADA_0.3,0.00030200000000002447,-2399.5,2220.9399999994785,901.0
0.130447,10832787.36,1413107.38,427807.71,1644960641,MELD/ADA_0.3,-0.0012439999999999951,66794.6799999997,-4681.5800000000745,901.0
0.164721,6545684.0,1078213.53,33397.63,1644960641,XRAY/ADA_0.3,0.0,1415.0,233.0800000000745,901.0
0.094341,11223850.0,1058880.02,316645.62,1644960641,PAVIA/ADA_0.3,-0.0004090000000000066,-143999.0,-18226.969999999972,901.0
0.346871,2487977.0,863009.35,53079.77,1644960641,ADAX/ADA_0.3,0.0003209999999999602,-1150.0,400.0,901.0
2.058448,378595.97,779320.49,148325.36,1644960641,AADA/ADA_0.3,0.002758000000000038,-253.5100000000093,523.0400000000373,901.0
1.643552,327681.39,538561.47,71198.89,1644960641,VYFI/ADA_0.3,0.0,668.1000000000349,1098.0599999999395,901.0
6.446507,50556.0,325909.64,83087.95,1644960641,MILK/ADA_0.3,-0.011717999999999229,46.0,-295.3399999999674,901.0
0.115389,1730326.06,199662.3,68628.49,1644960641,MINt/ADA_0.3,7.500000000000562e-05,-561.8000000000466,65.0,901.0
0.034239,5689278.66,194800.29,12264.95,1644960641,CLAP/ADA_0.3,0.0,5998.049999999814,205.36999999999534,901.0
2.257494,68594.93,154852.7,93229.62,1644960641,DANA/ADA_0.05,0.012893999999999739,-196.70000000001164,443.0,901.0
0.0,6831883678251.0,154535.89,1091.25,1644960641,CHRLZ/ADA_0.3,0.0,0.0,0.0,901.0
0.812871,174006.98,141445.33,2799.33,1644960641,WMT/ADA_0.05,0.0,0.0,0.0,901.0
0.005416,21452490.0,116186.93,7898.07,1644960641,RAVE/ADA_1.0,0.0,0.0,0.0,901.0
3.3e-05,3280489101.83,110624.72,4109.53,1644960641,ASHIB/ADA_1.0,0.0,0.0,0.0,901.0
0.0,97720469986559.0,97216.49,2674.9,1644960641,BISON/ADA_0.3,0.0,0.0,0.0,901.0
0.034485,2647568.0,91302.56,7922.99,1644960641,FIRE/ADA_0.3,0.0,0.0,0.0,901.0
0.688636,114010.56,78511.83,2487.24,1644960641,SUNDAE/ADA_0.05,0.0,365.1399999999994,251.44000000000233,901.0
0.333257,219754.47,73234.75,49478.19,1644960641,MIN/ADA_0.3,0.0019940000000000513,-656.4100000000035,220.72999999999593,901.0
0.0,1005157282778.0,67373.32,37991.11,1644960641,HOSKY/ADA_0.3,0.0,7033411252.0,-507.65999999998894,901.0
0.006214,8999007.0,55925.5,13125.95,1644960641,FLICK/ADA_0.3,0.0,0.0,0.0,901.0
0.708963,77897.52,55226.51,2822.29,1644960641,SUNDAE/ADA_1.0,0.0,0.0,0.0,901.0
0.088963,529292.0,47087.59,10329.11,1644960641,cNETA/ADA_0.3,0.0,0.0,0.0,901.0
0.013457,3216964.0,43292.74,4163.07,1644960641,CNFT/ADA_0.3,0.0,0.0,0.0,901.0
0.131209,307204.11,40308.15,2517.04,1644960641,MELD/ADA_1.0,0.0,0.0,0.0,901.0
0.105743,312899.55,33087.16,2971.01,1644960641,REVU/ADA_0.3,0.0,0.0,0.0,901.0
0.002635,12069797.8,31804.74,17035.76,1644960641,DRIP/ADA_1.0,-3.9999999999996635e-06,32000.0,31.950000000000728,901.0
0.005446,5809491.0,31641.09,1956.87,1644960641,BDOGE/ADA_1.0,0.0,0.0,0.0,901.0
43.634466,705.0,30762.29,3662.64,1644960641,unsi…en/ADA_1.0,0.0,0.0,0.0,901.0
0.017296,1664887.0,28797.23,3304.25,1644960641,QUID/ADA_0.3,0.0,0.0,0.0,901.0
0.000849,33523372.24,28492.08,244.55,1644960641,MONET/ADA_0.3,0.0,0.0,0.0,901.0
0.000737,28117008.0,20726.01,185.58,1644960641,RAG/ADA_1.0,0.0,0.0,0.0,901.0
0.111367,182755.14,20353.06,2240.41,1644960641,MINt/ADA_0.05,0.0,0.0,0.0,901.0
0.0,290654481888.0,20021.0,1420.28,1644960641,HOSKY/ADA_0.05,0.0,5000000.0,0.3400000000001455,901.0
27.143593,729.0,19787.67,620.9,1644960641,XDIA…ND/ADA_1.0,0.07549099999999953,-1.0,27.959999999999127,901.0
0.016861,1125784.0,18982.15,270.4,1644960641,GOKEY/ADA_0.3,0.0,0.0,0.0,901.0
0.314679,58841.07,18516.07,4129.3,1644960641,MIN/ADA_0.05,0.0,0.0,0.0,901.0
0.16519,110825.0,18307.19,1848.78,1644960641,SKULL/ADA_1.0,0.0,0.0,0.0,901.0
0.436189,39549.0,17250.85,2097.13,1644960641,CDX/ADA_1.0,0.0,0.0,0.0,901.0
0.04007,429673.0,17217.02,258.04,1644960641,cMETA/ADA_0.3,0.0,0.0,0.0,901.0
2.188129,6587.41,14414.11,0.0,1644960641,DANA/ADA_0.3,0.0,0.0,0.0,901.0
0.000411,33377079.0,13732.65,11684.74,1644960641,KIDZ/ADA_0.3,0.0,0.0,0.0,901.0
0.0,15286442250.0,13281.36,3807.62,1644960641,MEOW/ADA_0.3,0.0,0.0,0.0,901.0
0.309014,41554.99,12841.11,1981.21,1644960641,CARGO/ADA_0.3,0.0,0.0,0.0,901.0
0.109167,97819.0,10678.67,50.08,1644960641,Card…rm/ADA_0.3,0.0,0.0,0.0,901.0
0.768512,13807.44,10611.19,0.0,1644960641,WMT/ADA_1.0,0.0,0.0,0.0,901.0
0.001177,8027761.0,9455.39,40.4,1644960641,FLANO/ADA_1.0,0.0,0.0,0.0,901.0
0.046783,201383.07,9421.46,0.0,1644960641,cbTHC/ADA_0.3,0.0,0.0,0.0,901.0
0.742514,25587727.96,18999248.62,692968.18,1644961540,SUNDAE/ADA_0.3,9.099999999995223e-05,101.4400000013411,2397.720000002533,898.0
106.981505,150878.9,16141252.81,1204888.54,1644961540,LQ/ADA_0.3,-0.010881999999995173,49.04000000000815,3605.5600000005215,898.0
0.809225,13774129.63,11146382.66,1365156.85,1644961540,WMT/ADA_0.3,0.00022400000000000198,-1209.9199999999255,2110.4199999999255,898.0
0.130317,10838192.45,1412406.8,429187.89,1644961540,MELD/ADA_0.3,-0.000130000000000019,5405.089999999851,-700.5799999998417,898.0
0.164407,6551933.0,1077188.25,34422.9,1644961540,XRAY/ADA_0.3,-0.0003140000000000087,6249.0,-1025.280000000028,898.0
0.095975,11135968.0,1068779.74,351346.73,1644961540,PAVIA/ADA_0.3,0.0016340000000000104,-87882.0,9899.719999999972,898.0
0.348478,2482751.0,865185.75,55085.77,1644961540,ADAX/ADA_0.3,0.001607000000000025,-5226.0,2176.4000000000233,898.0
2.058767,379154.06,780590.07,148385.93,1644961540,AADA/ADA_0.3,0.00031900000000018025,558.0900000000256,1269.579999999958,898.0
1.647918,327247.63,539277.47,71917.03,1644961540,VYFI/ADA_0.3,0.004366000000000092,-433.7600000000093,716.0,898.0
6.450399,50541.0,326009.64,83188.25,1644961540,MILK/ADA_0.3,0.0038919999999995625,-15.0,100.0,898.0
0.115389,1730326.06,199662.3,68628.49,1644961540,MINt/ADA_0.3,0.0,0.0,0.0,898.0
0.034239,5689278.66,194800.29,12264.95,1644961540,CLAP/ADA_0.3,0.0,0.0,0.0,898.0
2.269754,68409.48,155272.7,93649.83,1644961540,DANA/ADA_0.05,0.012259999999999938,-185.4499999999971,420.0,898.0
0.0,6831883678251.0,154535.89,1091.25,1644961540,CHRLZ/ADA_0.3,0.0,0.0,0.0,898.0
0.812871,174006.98,141445.33,2799.33,1644961540,WMT/ADA_0.05,0.0,0.0,0.0,898.0
0.005367,21548935.0,115672.09,8412.9,1644961540,RAVE/ADA_1.0,-4.8999999999999565e-05,96445.0,-514.8399999999965,898.0
3.3e-05,3280491101.83,110624.79,4109.53,1644961540,ASHIB/ADA_1.0,0.0,2000.0,0.069999999992433,898.0
0.0,97710449328845.0,97226.49,2684.93,1644961540,BISON/ADA_0.3,0.0,-10020657714.0,10.0,898.0
0.034485,2647568.0,91302.56,7922.99,1644961540,FIRE/ADA_0.3,0.0,0.0,0.0,898.0
0.688636,114539.78,78876.28,2487.24,1644961540,SUNDAE/ADA_0.05,0.0,529.2200000000012,364.4499999999971,898.0
0.3291,223419.64,73527.61,49940.33,1644961540,MIN/ADA_0.3,-0.004157000000000022,3665.170000000013,292.8600000000006,898.0
0.0,1005157282778.0,67373.32,37991.11,1644961540,HOSKY/ADA_0.3,0.0,0.0,0.0,898.0
0.006214,8999007.0,55925.5,13125.95,1644961540,FLICK/ADA_0.3,0.0,0.0,0.0,898.0
0.708963,77897.52,55226.51,2822.29,1644961540,SUNDAE/ADA_1.0,0.0,0.0,0.0,898.0
0.088963,530543.0,47198.88,10329.11,1644961540,cNETA/ADA_0.3,0.0,1251.0,111.29000000000087,898.0
0.013457,3216964.0,43292.74,4163.07,1644961540,CNFT/ADA_0.3,0.0,0.0,0.0,898.0
0.131209,307204.11,40308.15,2517.04,1644961540,MELD/ADA_1.0,0.0,0.0,0.0,898.0
0.105743,312899.55,33087.16,2971.01,1644961540,REVU/ADA_0.3,0.0,0.0,0.0,898.0
0.002611,12123797.8,31664.5,17176.01,1644961540,DRIP/ADA_1.0,-2.400000000000015e-05,54000.0,-140.2400000000016,898.0
0.005446,5809491.0,31641.09,1956.87,1644961540,BDOGE/ADA_1.0,0.0,0.0,0.0,898.0
43.634466,705.0,30762.29,3662.64,1644961540,unsi…en/ADA_1.0,0.0,0.0,0.0,898.0
0.000849,33523372.24,28492.08,244.55,1644961540,MONET/ADA_0.3,0.0,0.0,0.0,898.0
0.015202,1776007.0,27000.53,5100.94,1644961540,QUID/ADA_0.3,-0.0020939999999999986,111120.0,-1796.7000000000007,898.0
0.000737,28117008.0,20726.01,185.58,1644961540,RAG/ADA_1.0,0.0,0.0,0.0,898.0
0.111367,182755.14,20353.06,2240.41,1644961540,MINt/ADA_0.05,0.0,0.0,0.0,898.0
0.0,290654481888.0,20021.0,1420.28,1644961540,HOSKY/ADA_0.05,0.0,0.0,0.0,898.0
27.219314,728.0,19815.66,649.16,1644961540,XDIA…ND/ADA_1.0,0.07572100000000148,-1.0,27.9900000000016,898.0
0.016861,1125784.0,18982.15,270.4,1644961540,GOKEY/ADA_0.3,0.0,0.0,0.0,898.0
0.314679,58841.07,18516.07,4129.3,1644961540,MIN/ADA_0.05,0.0,0.0,0.0,898.0
0.16519,110825.0,18307.19,1848.78,1644961540,SKULL/ADA_1.0,0.0,0.0,0.0,898.0
0.436189,39549.0,17250.85,2097.13,1644961540,CDX/ADA_1.0,0.0,0.0,0.0,898.0
0.039879,430701.0,17176.05,299.01,1644961540,cMETA/ADA_0.3,-0.00019100000000000367,1028.0,-40.970000000001164,898.0
2.188129,6587.41,14414.11,0.0,1644961540,DANA/ADA_0.3,0.0,0.0,0.0,898.0
0.000411,33377079.0,13732.65,11684.74,1644961540,KIDZ/ADA_0.3,0.0,0.0,0.0,898.0
0.0,15286442250.0,13281.36,3807.62,1644961540,MEOW/ADA_0.3,0.0,0.0,0.0,898.0
0.309014,41554.99,12841.11,1981.21,1644961540,CARGO/ADA_0.3,0.0,0.0,0.0,898.0
0.109167,97819.0,10678.67,50.08,1644961540,Card…rm/ADA_0.3,0.0,0.0,0.0,898.0
0.768512,13807.44,10611.19,0.0,1644961540,WMT/ADA_1.0,0.0,0.0,0.0,898.0
0.001177,8027761.0,9455.39,40.4,1644961540,FLANO/ADA_1.0,0.0,0.0,0.0,898.0
0.046783,201385.07,9421.55,0.0,1644961540,cbTHC/ADA_0.3,0.0,2.0,0.09000000000014552,898.0
0.74272,25584666.66,19002247.36,644379.85,1644962440,SUNDAE/ADA_0.3,0.00020600000000003948,-3061.300000000745,2998.739999998361,900.0
106.870793,151029.98,16140694.16,1202788.35,1644962440,LQ/ADA_0.3,-0.11071199999999237,151.0800000000163,-558.6500000003725,900.0
0.809409,13787504.37,11159741.97,1345629.5,1644962440,WMT/ADA_0.3,0.000184000000000073,13374.73999999836,13359.310000000522,900.0
0.130507,10879171.38,1419815.44,424641.68,1644962440,MELD/ADA_0.3,0.00019000000000002348,40978.930000001565,7408.639999999898,900.0
0.164388,6552312.0,1077127.51,34846.17,1644962440,XRAY/ADA_0.3,-1.8999999999991246e-05,379.0,-60.73999999999069,900.0
0.095857,11147082.0,1068526.79,329117.39,1644962440,PAVIA/ADA_0.3,-0.00011800000000000699,11114.0,-252.94999999995343,900.0
0.348478,2482751.0,865185.75,50523.26,1644962440,ADAX/ADA_0.3,0.0,0.0,0.0,900.0
2.060508,378994.07,780920.58,148521.85,1644962440,AADA/ADA_0.3,0.0017409999999999926,-159.9899999999907,330.5100000000093,900.0
1.647918,327247.63,539277.47,69267.86,1644962440,VYFI/ADA_0.3,0.0,0.0,0.0,900.0
6.450399,50541.0,326009.64,80579.85,1644962440,MILK/ADA_0.3,0.0,0.0,0.0,900.0
0.116546,1721728.72,200662.3,64785.28,1644962440,MINt/ADA_0.3,0.0011569999999999914,-8597.340000000084,1000.0,900.0
0.034239,5688729.27,194781.48,12087.13,1644962440,CLAP/ADA_0.3,0.0,-549.390000000596,-18.80999999999767,900.0
2.287589,68142.35,155881.7,93698.96,1644962440,DANA/ADA_0.05,0.017835000000000267,-267.1299999999901,609.0,900.0
0.0,6831883678251.0,154535.89,1091.25,1644962440,CHRLZ/ADA_0.3,0.0,0.0,0.0,900.0
0.812871,174356.98,141729.84,2799.33,1644962440,WMT/ADA_0.05,0.0,350.0,284.5100000000093,900.0
0.005367,21548935.0,115672.09,8315.07,1644962440,RAVE/ADA_1.0,0.0,0.0,0.0,900.0
3.3e-05,3280491101.83,110624.79,4109.53,1644962440,ASHIB/ADA_1.0,0.0,0.0,0.0,900.0
0.0,97710449328845.0,97226.49,2684.93,1644962440,BISON/ADA_0.3,0.0,0.0,0.0,900.0
0.034485,2647568.0,91302.56,7922.99,1644962440,FIRE/ADA_0.3,0.0,0.0,0.0,900.0
0.3291,223419.64,73527.61,48385.35,1644962440,MIN/ADA_0.3,0.0,0.0,0.0,900.0
0.0,1003661496086.0,67474.03,35362.13,1644962440,HOSKY/ADA_0.3,0.0,-1495786692.0,100.70999999999185,900.0
0.688636,96369.8,66363.76,2487.24,1644962440,SUNDAE/ADA_0.05,0.0,-18169.979999999996,-12512.520000000004,900.0
0.006222,8993671.0,55959.53,13401.51,1644962440,FLICK/ADA_0.3,8.000000000000194e-06,-5336.0,34.029999999998836,900.0
0.708963,77897.52,55226.51,2822.29,1644962440,SUNDAE/ADA_1.0,0.0,0.0,0.0,900.0
0.088913,530693.0,47185.58,9377.64,1644962440,cNETA/ADA_0.3,-4.999999999999449e-05,150.0,-13.299999999995634,900.0
0.131209,307204.11,40308.15,2517.04,1644962440,MELD/ADA_1.0,0.0,0.0,0.0,900.0
0.008015,4169694.0,33423.73,14032.08,1644962440,CNFT/ADA_0.3,-0.005442000000000001,952730.0,-9869.009999999995,900.0
0.105743,312899.55,33087.16,2971.01,1644962440,REVU/ADA_0.3,0.0,0.0,0.0,900.0
0.002607,12139368.01,31657.35,17079.76,1644962440,DRIP/ADA_1.0,-4.000000000000097e-06,15570.209999999031,-7.150000000001455,900.0
0.005446,5809491.0,31641.09,1392.13,1644962440,BDOGE/ADA_1.0,0.0,0.0,0.0,900.0
43.634466,705.0,30762.29,3662.64,1644962440,unsi…en/ADA_1.0,0.0,0.0,0.0,900.0
0.019014,1588330.0,30200.53,8089.67,1644962440,QUID/ADA_0.3,0.0038119999999999994,-187677.0,3200.0,900.0
0.000849,33523372.24,28492.08,244.55,1644962440,MONET/ADA_0.3,0.0,0.0,0.0,900.0
0.000737,28117008.0,20726.01,185.58,1644962440,RAG/ADA_1.0,0.0,0.0,0.0,900.0
0.111367,182755.14,20353.06,2240.41,1644962440,MINt/ADA_0.05,0.0,0.0,0.0,900.0
0.0,290654481888.0,20021.0,1420.28,1644962440,HOSKY/ADA_0.05,0.0,0.0,0.0,900.0
27.219314,728.0,19815.66,649.16,1644962440,XDIA…ND/ADA_1.0,0.0,0.0,0.0,900.0
0.016861,1125784.0,18982.15,160.48,1644962440,GOKEY/ADA_0.3,0.0,0.0,0.0,900.0
0.314679,58841.07,18516.07,3478.98,1644962440,MIN/ADA_0.05,0.0,0.0,0.0,900.0
0.16519,110825.0,18307.19,1682.79,1644962440,SKULL/ADA_1.0,0.0,0.0,0.0,900.0
0.042195,418730.0,17668.58,793.02,1644962440,cMETA/ADA_0.3,0.0023160000000000056,-11971.0,492.5300000000025,900.0
0.436189,39549.0,17250.85,2075.89,1644962440,CDX/ADA_1.0,0.0,0.0,0.0,900.0
2.188129,6587.41,14414.11,0.0,1644962440,DANA/ADA_0.3,0.0,0.0,0.0,900.0
0.000411,33377079.0,13732.65,11613.53,1644962440,KIDZ/ADA_0.3,0.0,0.0,0.0,900.0
0.0,15286442250.0,13281.36,3807.62,1644962440,MEOW/ADA_0.3,0.0,0.0,0.0,900.0
0.309014,41554.99,12841.11,1981.21,1644962440,CARGO/ADA_0.3,0.0,0.0,0.0,900.0
0.109167,97819.0,10678.67,50.08,1644962440,Card…rm/ADA_0.3,0.0,0.0,0.0,900.0
0.768512,13807.44,10611.19,0.0,1644962440,WMT/ADA_1.0,0.0,0.0,0.0,900.0
0.001177,8027761.0,9455.39,40.4,1644962440,FLANO/ADA_1.0,0.0,0.0,0.0,900.0
0.046783,201385.07,9421.55,0.0,1644962440,cbTHC/ADA_0.3,0.0,0.0,0.0,900.0
0.743077,25580751.8,19008469.86,648965.83,1644963341,SUNDAE/ADA_0.3,0.0003569999999999407,-3914.859999999404,6222.5,900.0
106.530696,151273.25,16115245.68,1228452.85,1644963341,LQ/ADA_0.3,-0.3400970000000001,243.26999999998952,-25448.480000000447,900.0
0.809448,13789693.49,11162052.13,1346360.78,1644963341,WMT/ADA_0.3,3.8999999999900226e-05,2189.120000001043,2310.160000000149,900.0
0.129869,10909821.07,1416847.93,436612.17,1644963341,MELD/ADA_0.3,-0.0006379999999999997,30649.68999999948,-2967.5100000000093,900.0
0.164388,6552312.0,1077127.51,34846.17,1644963341,XRAY/ADA_0.3,0.0,0.0,0.0,900.0
0.091623,11401881.0,1044677.89,358128.84,1644963341,PAVIA/ADA_0.3,-0.004234000000000002,254799.0,-23848.900000000023,900.0
0.360648,2440566.0,880185.75,65568.26,1644963341,ADAX/ADA_0.3,0.012170000000000014,-42185.0,15000.0,900.0
2.061073,378942.23,781027.75,148629.34,1644963341,AADA/ADA_0.3,0.0005649999999999267,-51.84000000002561,107.17000000004191,900.0
1.647918,327247.63,539277.47,69267.86,1644963341,VYFI/ADA_0.3,0.0,0.0,0.0,900.0
6.445305,50623.0,326280.67,80708.42,1644963341,MILK/ADA_0.3,-0.00509399999999971,82.0,271.02999999996973,900.0
0.116414,1722714.03,200549.02,65282.85,1644963341,MINt/ADA_0.3,-0.00013199999999999323,985.3100000000559,-113.27999999999884,900.0
0.034239,5688729.27,194781.48,12087.13,1644963341,CLAP/ADA_0.3,0.0,0.0,0.0,900.0
2.356255,67142.34,158204.54,96022.96,1644963341,DANA/ADA_0.05,0.0686659999999999,-1000.0100000000093,2322.8399999999965,900.0
0.0,6831883678251.0,154535.89,1091.25,1644963341,CHRLZ/ADA_0.3,0.0,0.0,0.0,900.0
0.812871,174356.98,141729.84,2799.33,1644963341,WMT/ADA_0.05,0.0,0.0,0.0,900.0
0.005367,21548935.0,115672.09,8315.07,1644963341,RAVE/ADA_1.0,0.0,0.0,0.0,900.0
3.3e-05,3280491101.83,110624.79,4109.53,1644963341,ASHIB/ADA_1.0,0.0,0.0,0.0,900.0
0.0,97710449328845.0,97226.49,2684.93,1644963341,BISON/ADA_0.3,0.0,0.0,0.0,900.0
0.034485,2647568.0,91302.56,7922.99,1644963341,FIRE/ADA_0.3,0.0,0.0,0.0,900.0
0.3291,223419.64,73527.61,48385.35,1644963341,MIN/ADA_0.3,0.0,0.0,0.0,900.0
0.0,1003661496086.0,67474.03,35362.13,1644963341,HOSKY/ADA_0.3,0.0,0.0,0.0,900.0
0.688636,97021.15,66812.31,2487.24,1644963341,SUNDAE/ADA_0.05,0.0,651.3499999999913,448.5500000000029,900.0
0.006228,8988867.0,55989.53,13431.6,1644963341,FLICK/ADA_0.3,5.999999999999929e-06,-4804.0,30.0,900.0
0.708963,77897.52,55226.51,2822.29,1644963341,SUNDAE/ADA_1.0,0.0,0.0,0.0,900.0
0.088913,530693.0,47185.58,9377.64,1644963341,cNETA/ADA_0.3,0.0,0.0,0.0,900.0
0.131209,307204.11,40308.15,2517.04,1644963341,MELD/ADA_1.0,0.0,0.0,0.0,900.0
0.008015,4169694.0,33423.73,14032.08,1644963341,CNFT/ADA_0.3,0.0,0.0,0.0,900.0
0.105743,312661.16,33061.95,2971.01,1644963341,REVU/ADA_0.3,0.0,-238.39000000001397,-25.210000000006403,900.0
0.005446,5809491.0,31641.09,1392.13,1644963341,BDOGE/ADA_1.0,0.0,0.0,0.0,900.0
0.002594,12171368.01,31574.95,17162.16,1644963341,DRIP/ADA_1.0,-1.299999999999999e-05,32000.0,-82.39999999999782,900.0
43.634466,705.0,30762.29,3662.64,1644963341,unsi…en/ADA_1.0,0.0,0.0,0.0,900.0
0.019014,1588330.0,30200.53,8089.67,1644963341,QUID/ADA_0.3,0.0,0.0,0.0,900.0
0.000849,33523372.24,28492.08,244.55,1644963341,MONET/ADA_0.3,0.0,0.0,0.0,900.0
0.000737,28117008.0,20726.01,185.58,1644963341,RAG/ADA_1.0,0.0,0.0,0.0,900.0
0.111367,182755.14,20353.06,2240.41,1644963341,MINt/ADA_0.05,0.0,0.0,0.0,900.0
0.0,290654481888.0,20021.0,1420.28,1644963341,HOSKY/ADA_0.05,0.0,0.0,0.0,900.0
27.295209,727.0,19843.61,677.39,1644963341,XDIA…ND/ADA_1.0,0.07589499999999916,-1.0,27.950000000000728,900.0
0.016861,1125784.0,18982.15,160.48,1644963341,GOKEY/ADA_0.3,0.0,0.0,0.0,900.0
0.314679,58841.07,18516.07,3478.98,1644963341,MIN/ADA_0.05,0.0,0.0,0.0,900.0
0.16519,110825.0,18307.19,1682.79,1644963341,SKULL/ADA_1.0,0.0,0.0,0.0,900.0
0.042195,418730.0,17668.58,793.02,1644963341,cMETA/ADA_0.3,0.0,0.0,0.0,900.0
0.436189,39619.0,17281.39,2075.89,1644963341,CDX/ADA_1.0,0.0,70.0,30.540000000000873,900.0
2.188129,6587.41,14414.11,0.0,1644963341,DANA/ADA_0.3,0.0,0.0,0.0,900.0
0.000408,33477079.0,13691.75,11654.43,1644963341,KIDZ/ADA_0.3,-3.0000000000000187e-06,100000.0,-40.899999999999636,900.0
0.0,15286442250.0,13281.36,3807.62,1644963341,MEOW/ADA_0.3,0.0,0.0,0.0,900.0
0.309014,41554.99,12841.11,1981.21,1644963341,CARGO/ADA_0.3,0.0,0.0,0.0,900.0
0.109167,97819.0,10678.67,50.08,1644963341,Card…rm/ADA_0.3,0.0,0.0,0.0,900.0
0.768512,13807.44,10611.19,0.0,1644963341,WMT/ADA_1.0,0.0,0.0,0.0,900.0
0.001177,8027761.0,9455.39,40.4,1644963341,FLANO/ADA_1.0,0.0,0.0,0.0,900.0
0.046783,201385.07,9421.55,0.0,1644963341,cbTHC/ADA_0.3,0.0,0.0,0.0,900.0
0.743152,25580248.98,19010036.81,649940.52,1644964240,SUNDAE/ADA_0.3,7.500000000004725e-05,-502.820000000298,1566.949999999255,898.0
106.080859,151596.35,16081471.59,1265281.03,1644964240,LQ/ADA_0.3,-0.44983700000000226,323.1000000000058,-33774.08999999985,898.0
0.809611,13790010.56,11164549.11,1347485.93,1644964240,WMT/ADA_0.3,0.00016300000000002424,317.070000000298,2496.9799999985844,898.0
0.129761,11014290.36,1429225.34,438618.82,1644964240,MELD/ADA_0.3,-0.00010800000000002474,104469.2899999991,12377.410000000149,898.0
0.164472,6550645.0,1077402.51,35121.99,1644964240,XRAY/ADA_0.3,8.400000000000074e-05,-1667.0,275.0,898.0
0.092941,11268457.0,1047305.04,366662.94,1644964240,PAVIA/ADA_0.3,0.0013179999999999997,-133424.0,2627.1500000000233,898.0
0.360648,2441716.0,880600.49,65568.26,1644964240,ADAX/ADA_0.3,0.0,1150.0,414.7399999999907,898.0
2.084552,376805.27,785470.5,153085.42,1644964240,AADA/ADA_0.3,0.023479000000000028,-2136.9599999999627,4442.75,898.0
1.647918,327247.63,539277.47,69267.86,1644964240,VYFI/ADA_0.3,0.0,0.0,0.0,898.0
6.345317,51022.0,323750.78,84543.79,1644964240,MILK/ADA_0.3,-0.09998800000000063,399.0,-2529.8899999999558,898.0
0.116414,1722714.03,200549.02,65282.85,1644964240,MINt/ADA_0.3,0.0,0.0,0.0,898.0
0.03416,5695326.7,194556.52,12312.09,1644964240,CLAP/ADA_0.3,-7.899999999999574e-05,6597.430000000633,-224.96000000002095,898.0
2.271187,68393.01,155333.34,98984.54,1644964240,DANA/ADA_0.05,-0.08506800000000014,1250.6699999999983,-2871.2000000000116,898.0
0.0,6831883678251.0,154535.89,1091.25,1644964240,CHRLZ/ADA_0.3,0.0,0.0,0.0,898.0
0.812871,174356.98,141729.84,2799.33,1644964240,WMT/ADA_0.05,0.0,0.0,0.0,898.0
0.005372,21538935.0,115726.34,8369.86,1644964240,RAVE/ADA_1.0,4.999999999999796e-06,-10000.0,54.25,898.0
3.3e-05,3280491101.83,110624.79,4109.53,1644964240,ASHIB/ADA_1.0,0.0,0.0,0.0,898.0
0.0,97710449328845.0,97226.49,2684.93,1644964240,BISON/ADA_0.3,0.0,0.0,0.0,898.0
0.034485,2647568.0,91302.56,7922.99,1644964240,FIRE/ADA_0.3,0.0,0.0,0.0,898.0
0.334215,221733.96,74106.93,55364.87,1644964240,MIN/ADA_0.3,0.005114999999999981,-1685.6800000000221,579.3199999999924,898.0
0.688636,98067.49,67532.86,2487.24,1644964240,SUNDAE/ADA_0.05,0.0,1046.340000000011,720.5500000000029,898.0
0.0,1003661496086.0,67474.03,35362.13,1644964240,HOSKY/ADA_0.3,0.0,0.0,0.0,898.0
0.006245,8976879.0,56064.53,13506.83,1644964240,FLICK/ADA_0.3,1.6999999999999654e-05,-11988.0,75.0,898.0
0.708963,77897.52,55226.51,2822.29,1644964240,SUNDAE/ADA_1.0,0.0,0.0,0.0,898.0
0.089118,530087.0,47240.49,9680.65,1644964240,cNETA/ADA_0.3,0.00020499999999999685,-606.0,54.90999999999622,898.0
0.131209,307204.11,40308.15,2517.04,1644964240,MELD/ADA_1.0,0.0,0.0,0.0,898.0
0.008015,4169694.0,33423.73,14032.08,1644964240,CNFT/ADA_0.3,0.0,0.0,0.0,898.0
0.105743,312661.16,33061.95,2971.01,1644964240,REVU/ADA_0.3,0.0,0.0,0.0,898.0
0.005446,5809491.0,31641.09,1392.13,1644964240,BDOGE/ADA_1.0,0.0,0.0,0.0,898.0
0.002594,12172368.01,31577.55,17162.16,1644964240,DRIP/ADA_1.0,0.0,1000.0,2.599999999998545,898.0
43.634466,705.0,30762.29,3662.64,1644964240,unsi…en/ADA_1.0,0.0,0.0,0.0,898.0
0.019014,1588330.0,30200.53,8089.67,1644964240,QUID/ADA_0.3,0.0,0.0,0.0,898.0
0.000849,33523372.24,28492.08,244.55,1644964240,MONET/ADA_0.3,0.0,0.0,0.0,898.0
0.000737,28117008.0,20726.01,185.58,1644964240,RAG/ADA_1.0,0.0,0.0,0.0,898.0
0.111367,182755.14,20353.06,2240.41,1644964240,MINt/ADA_0.05,0.0,0.0,0.0,898.0
0.0,290654481888.0,20021.0,1420.28,1644964240,HOSKY/ADA_0.05,0.0,0.0,0.0,898.0
27.295209,727.0,19843.61,677.39,1644964240,XDIA…ND/ADA_1.0,0.0,0.0,0.0,898.0
0.016861,1125784.0,18982.15,160.48,1644964240,GOKEY/ADA_0.3,0.0,0.0,0.0,898.0
0.314679,58841.07,18516.07,3478.98,1644964240,MIN/ADA_0.05,0.0,0.0,0.0,898.0
0.16519,110825.0,18307.19,1682.79,1644964240,SKULL/ADA_1.0,0.0,0.0,0.0,898.0
0.042195,418730.0,17668.58,793.02,1644964240,cMETA/ADA_0.3,0.0,0.0,0.0,898.0
0.436189,39619.0,17281.39,2075.89,1644964240,CDX/ADA_1.0,0.0,0.0,0.0,898.0
2.188129,6587.41,14414.11,0.0,1644964240,DANA/ADA_0.3,0.0,0.0,0.0,898.0
0.000408,33477079.0,13691.75,11654.43,1644964240,KIDZ/ADA_0.3,0.0,0.0,0.0,898.0
0.0,15286442250.0,13281.36,3807.62,1644964240,MEOW/ADA_0.3,0.0,0.0,0.0,898.0
0.309014,41554.99,12841.11,1981.21,1644964240,CARGO/ADA_0.3,0.0,0.0,0.0,898.0
0.109167,97819.0,10678.67,50.08,1644964240,Card…rm/ADA_0.3,0.0,0.0,0.0,898.0
0.768512,13807.44,10611.19,0.0,1644964240,WMT/ADA_1.0,0.0,0.0,0.0,898.0
0.001177,8027761.0,9455.39,40.4,1644964240,FLANO/ADA_1.0,0.0,0.0,0.0,898.0
0.046783,201385.07,9421.55,0.0,1644964240,cbTHC/ADA_0.3,0.0,0.0,0.0,898.0
0.743232,25586866.89,19016993.0,650964.0,1644965141,SUNDAE/ADA_0.3,7.999999999996898e-05,6617.910000000149,6956.190000001341,901.0
106.081922,151600.28,16082049.67,1268117.15,1644965141,LQ/ADA_0.3,0.0010630000000020345,3.929999999993015,578.0800000000745,901.0
0.809621,13790027.68,11164701.37,1348001.94,1644965141,WMT/ADA_0.3,1.0000000000065512e-05,17.119999999180436,152.25999999977648,901.0
0.129414,11029155.03,1427335.24,450721.8,1644965141,MELD/ADA_0.3,-0.0003469999999999862,14864.669999999925,-1890.1000000000931,901.0
0.164472,6550645.0,1077402.51,35121.99,1644965141,XRAY/ADA_0.3,0.0,0.0,0.0,901.0
0.09165,11347653.0,1040019.36,374469.51,1644965141,PAVIA/ADA_0.3,-0.0012910000000000005,79196.0,-7285.680000000051,901.0
0.360648,2441716.0,880600.49,65568.26,1644965141,ADAX/ADA_0.3,0.0,0.0,0.0,901.0
2.086779,376604.5,785890.5,153506.68,1644965141,AADA/ADA_0.3,0.002226999999999979,-200.77000000001863,420.0,901.0
1.647918,327247.63,539277.47,69267.86,1644965141,VYFI/ADA_0.3,0.0,0.0,0.0,901.0
6.345317,51072.0,324068.05,84543.79,1644965141,MILK/ADA_0.3,0.0,50.0,317.2699999999604,901.0
0.116414,1722714.03,200549.02,65282.85,1644965141,MINt/ADA_0.3,0.0,0.0,0.0,901.0
0.03416,5695326.7,194556.52,12312.09,1644965141,CLAP/ADA_0.3,0.0,0.0,0.0,901.0
2.285828,68173.68,155833.34,99484.79,1644965141,DANA/ADA_0.05,0.014641000000000126,-219.33000000000175,500.0,901.0
0.0,6831883678251.0,154535.89,1091.25,1644965141,CHRLZ/ADA_0.3,0.0,0.0,0.0,901.0
0.812871,174356.98,141729.84,2799.33,1644965141,WMT/ADA_0.05,0.0,0.0,0.0,901.0
0.005372,21538935.0,115726.34,8369.86,1644965141,RAVE/ADA_1.0,0.0,0.0,0.0,901.0
3.3e-05,3280491101.83,110624.79,4109.53,1644965141,ASHIB/ADA_1.0,0.0,0.0,0.0,901.0
0.0,97710441343127.0,97226.48,2684.93,1644965141,BISON/ADA_0.3,0.0,-7985718.0,-0.010000000009313226,901.0
0.034226,2657568.0,90960.03,8265.52,1644965141,FIRE/ADA_0.3,-0.0002590000000000023,10000.0,-342.52999999999884,901.0
0.334215,221733.96,74106.93,55364.87,1644965141,MIN/ADA_0.3,0.0,0.0,0.0,901.0
0.688636,98495.49,67827.59,2487.24,1644965141,SUNDAE/ADA_0.05,0.0,428.0,294.7299999999959,901.0
0.0,1003661496086.0,67474.03,35362.13,1644965141,HOSKY/ADA_0.3,0.0,0.0,0.0,901.0
0.006245,8976856.0,56064.67,13506.98,1644965141,FLICK/ADA_0.3,0.0,-23.0,0.13999999999941792,901.0
0.708963,77897.52,55226.51,2822.29,1644965141,SUNDAE/ADA_1.0,0.0,0.0,0.0,901.0
0.089118,530087.0,47240.49,9680.65,1644965141,cNETA/ADA_0.3,0.0,0.0,0.0,901.0
0.131209,307204.11,40308.15,2517.04,1644965141,MELD/ADA_1.0,0.0,0.0,0.0,901.0
0.008223,4116693.0,33855.34,14464.99,1644965141,CNFT/ADA_0.3,0.00020799999999999985,-53001.0,431.6099999999933,901.0
0.108094,309248.02,33427.95,3338.11,1644965141,REVU/ADA_0.3,0.002350999999999992,-3413.1399999999558,366.0,901.0
0.005446,5809491.0,31641.09,1392.13,1644965141,BDOGE/ADA_1.0,0.0,0.0,0.0,901.0
0.002592,12177368.01,31564.71,17175.0,1644965141,DRIP/ADA_1.0,-1.9999999999998318e-06,5000.0,-12.840000000000146,901.0
43.634466,705.0,30762.29,3662.64,1644965141,unsi…en/ADA_1.0,0.0,0.0,0.0,901.0
0.019014,1588330.0,30200.53,8089.67,1644965141,QUID/ADA_0.3,0.0,0.0,0.0,901.0
0.000849,33523372.24,28492.08,244.55,1644965141,MONET/ADA_0.3,0.0,0.0,0.0,901.0
0.000737,28117008.0,20726.01,185.58,1644965141,RAG/ADA_1.0,0.0,0.0,0.0,901.0
0.111367,182755.14,20353.06,2240.41,1644965141,MINt/ADA_0.05,0.0,0.0,0.0,901.0
0.0,290654481888.0,20021.0,1420.28,1644965141,HOSKY/ADA_0.05,0.0,0.0,0.0,901.0
27.371557,726.0,19871.75,705.81,1644965141,XDIA…ND/ADA_1.0,0.07634799999999942,-1.0,28.139999999999418,901.0
0.016861,1125784.0,18982.15,160.48,1644965141,GOKEY/ADA_0.3,0.0,0.0,0.0,901.0
0.314679,58841.07,18516.07,3478.98,1644965141,MIN/ADA_0.05,0.0,0.0,0.0,901.0
0.16519,110825.0,18307.19,1682.79,1644965141,SKULL/ADA_1.0,0.0,0.0,0.0,901.0
0.042195,418730.0,17668.58,793.02,1644965141,cMETA/ADA_0.3,0.0,0.0,0.0,901.0
0.436189,39619.0,17281.39,2075.89,1644965141,CDX/ADA_1.0,0.0,0.0,0.0,901.0
2.188129,6587.41,14414.11,0.0,1644965141,DANA/ADA_0.3,0.0,0.0,0.0,901.0
0.000421,32996534.0,13891.75,11855.03,1644965141,KIDZ/ADA_0.3,1.299999999999999e-05,-480545.0,200.0,901.0
0.0,15286442250.0,13281.36,3807.62,1644965141,MEOW/ADA_0.3,0.0,0.0,0.0,901.0
0.309014,41554.99,12841.11,1981.21,1644965141,CARGO/ADA_0.3,0.0,0.0,0.0,901.0
0.109167,97819.0,10678.67,50.08,1644965141,Card…rm/ADA_0.3,0.0,0.0,0.0,901.0
0.768512,13807.44,10611.19,0.0,1644965141,WMT/ADA_1.0,0.0,0.0,0.0,901.0
0.001177,8027761.0,9455.39,40.4,1644965141,FLANO/ADA_1.0,0.0,0.0,0.0,901.0
0.046783,201385.07,9421.55,0.0,1644965141,cbTHC/ADA_0.3,0.0,0.0,0.0,901.0
0.743313,25586405.53,19018716.94,648262.14,1644966039,SUNDAE/ADA_0.3,8.099999999999774e-05,-461.35999999940395,1723.940000001341,898.0
106.018922,151650.77,16077851.58,1242163.0,1644966039,LQ/ADA_0.3,-0.06300000000000239,50.48999999999069,-4198.089999999851,898.0
0.809682,13791027.6,11166351.67,1334698.54,1644966039,WMT/ADA_0.3,6.099999999997774e-05,999.9199999999255,1650.300000000745,898.0
0.130638,10977617.07,1434095.66,463228.14,1644966039,MELD/ADA_0.3,0.0012240000000000029,-51537.95999999903,6760.4199999999255,898.0
0.164472,6548634.0,1077071.65,29887.56,1644966039,XRAY/ADA_0.3,0.0,-2011.0,-330.86000000010245,898.0
0.09165,11347653.0,1040019.36,454255.81,1644966039,PAVIA/ADA_0.3,0.0,0.0,0.0,898.0
0.360557,2442025.0,880489.4,63070.38,1644966039,ADAX/ADA_0.3,-9.100000000000774e-05,309.0,-111.0899999999674,898.0
2.087882,376505.1,786098.61,146137.05,1644966039,AADA/ADA_0.3,0.0011030000000000761,-99.40000000002328,208.10999999998603,898.0
1.647918,327247.63,539277.47,65990.3,1644966039,VYFI/ADA_0.3,0.0,0.0,0.0,898.0
6.633786,49971.0,331496.96,88667.96,1644966039,MILK/ADA_0.3,0.2884690000000001,-1101.0,7428.910000000033,898.0
0.115078,1735291.03,199695.04,64190.26,1644966039,MINt/ADA_0.3,-0.0013360000000000039,12577.0,-853.9799999999814,898.0
0.034159,5695426.7,194553.12,11603.19,1644966039,CLAP/ADA_0.3,-1.000000000001e-06,100.0,-3.3999999999941792,898.0
0.0,6831883678251.0,154535.89,1060.22,1644966039,CHRLZ/ADA_0.3,0.0,0.0,0.0,898.0
2.217027,69223.68,153470.79,96515.72,1644966039,DANA/ADA_0.05,-0.06880100000000011,1050.0,-2362.5499999999884,898.0
0.812871,174356.98,141729.84,2799.33,1644966039,WMT/ADA_0.05,0.0,0.0,0.0,898.0
0.005372,21538935.0,115726.34,8360.35,1644966039,RAVE/ADA_1.0,0.0,0.0,0.0,898.0
3.3e-05,3280491101.83,110624.79,3074.28,1644966039,ASHIB/ADA_1.0,0.0,0.0,0.0,898.0
0.0,97703929019606.0,97232.98,2691.45,1644966039,BISON/ADA_0.3,0.0,-6512323521.0,6.5,898.0
0.034226,2657568.0,90960.03,8436.99,1644966039,FIRE/ADA_0.3,0.0,0.0,0.0,898.0
0.325365,224733.96,73120.6,55938.57,1644966039,MIN/ADA_0.3,-0.008849999999999969,3000.0,-986.3299999999872,898.0
0.688636,98425.79,67779.59,2487.24,1644966039,SUNDAE/ADA_0.05,0.0,-69.70000000001164,-48.0,898.0
0.0,1005598617435.0,67344.44,35006.18,1644966039,HOSKY/ADA_0.3,0.0,1937121349.0,-129.5899999999965,898.0
0.006245,8976856.0,56064.67,13383.81,1644966039,FLICK/ADA_0.3,0.0,0.0,0.0,898.0
0.708963,77897.52,55226.51,2822.29,1644966039,SUNDAE/ADA_1.0,0.0,0.0,0.0,898.0
0.089684,528415.0,47390.49,8476.19,1644966039,cNETA/ADA_0.3,0.0005659999999999971,-1672.0,150.0,898.0
0.131209,321704.11,42210.69,2517.04,1644966039,MELD/ADA_1.0,0.0,14500.0,1902.5400000000009,898.0
0.008223,4116693.0,33855.34,15575.72,1644966039,CNFT/ADA_0.3,0.0,0.0,0.0,898.0
0.108094,309248.02,33427.95,3338.11,1644966039,REVU/ADA_0.3,0.0,0.0,0.0,898.0
0.005446,5809491.0,31641.09,1351.73,1644966039,BDOGE/ADA_1.0,0.0,0.0,0.0,898.0
0.002592,12177368.01,31564.71,17142.64,1644966039,DRIP/ADA_1.0,0.0,0.0,0.0,898.0
43.634466,705.0,30762.29,3662.64,1644966039,unsi…en/ADA_1.0,0.0,0.0,0.0,898.0
0.019014,1588330.0,30200.53,8089.67,1644966039,QUID/ADA_0.3,0.0,0.0,0.0,898.0
0.000849,33523372.24,28492.08,244.55,1644966039,MONET/ADA_0.3,0.0,0.0,0.0,898.0
0.000737,28117008.0,20726.01,185.58,1644966039,RAG/ADA_1.0,0.0,0.0,0.0,898.0
0.111367,182755.14,20353.06,2240.41,1644966039,MINt/ADA_0.05,0.0,0.0,0.0,898.0
0.0,290654481888.0,20021.0,1420.28,1644966039,HOSKY/ADA_0.05,0.0,0.0,0.0,898.0
27.371557,726.0,19871.75,705.81,1644966039,XDIA…ND/ADA_1.0,0.0,0.0,0.0,898.0
0.016861,1125784.0,18982.15,160.48,1644966039,GOKEY/ADA_0.3,0.0,0.0,0.0,898.0
0.314679,58841.07,18516.07,3478.98,1644966039,MIN/ADA_0.05,0.0,0.0,0.0,898.0
0.16519,110825.0,18307.19,1682.79,1644966039,SKULL/ADA_1.0,0.0,0.0,0.0,898.0
0.042195,418730.0,17668.58,793.02,1644966039,cMETA/ADA_0.3,0.0,0.0,0.0,898.0
0.436189,39619.0,17281.39,2075.89,1644966039,CDX/ADA_1.0,0.0,0.0,0.0,898.0
2.188129,6587.41,14414.11,0.0,1644966039,DANA/ADA_0.3,0.0,0.0,0.0,898.0
0.000421,32996534.0,13891.75,11855.03,1644966039,KIDZ/ADA_0.3,0.0,0.0,0.0,898.0
0.0,15286442250.0,13281.36,3807.62,1644966039,MEOW/ADA_0.3,0.0,0.0,0.0,898.0
0.309014,41554.99,12841.11,1981.21,1644966039,CARGO/ADA_0.3,0.0,0.0,0.0,898.0
0.109167,97819.0,10678.67,50.08,1644966039,Card…rm/ADA_0.3,0.0,0.0,0.0,898.0
0.768512,13807.44,10611.19,0.0,1644966039,WMT/ADA_1.0,0.0,0.0,0.0,898.0
0.001177,8027761.0,9455.39,40.4,1644966039,FLANO/ADA_1.0,0.0,0.0,0.0,898.0
0.046783,201385.07,9421.55,0.0,1644966039,cbTHC/ADA_0.3,0.0,0.0,0.0,898.0
0.742499,25600559.6,19008404.26,667673.54,1644966940,SUNDAE/ADA_0.3,-0.0008139999999999814,14154.070000000298,-10312.679999999702,900.0
106.149827,151567.41,16088854.77,1266345.76,1644966940,LQ/ADA_0.3,0.1309049999999985,-83.35999999998603,11003.189999999478,900.0
0.809768,13795431.03,11171099.76,1335609.14,1644966940,WMT/ADA_0.3,8.60000000000305e-05,4403.429999999702,4748.089999999851,900.0
0.130185,10996431.73,1431576.2,464601.47,1644966940,MELD/ADA_0.3,-0.00045300000000000895,18814.66000000015,-2519.4599999999627,900.0
0.164472,6550184.0,1077326.59,29935.6,1644966940,XRAY/ADA_0.3,0.0,1550.0,254.94000000017695,900.0
0.067249,13250490.0,891084.47,527720.51,1644966940,PAVIA/ADA_0.3,-0.024400999999999992,1902837.0,-148934.89,900.0
0.360376,2442638.0,880269.64,64838.51,1644966940,ADAX/ADA_0.3,-0.00018100000000004224,613.0,-219.7600000000093,900.0
2.095172,375850.59,787471.66,147595.68,1644966940,AADA/ADA_0.3,0.007289999999999797,-654.5099999999511,1373.0500000000466,900.0
1.647918,327247.63,539277.47,65990.3,1644966940,VYFI/ADA_0.3,0.0,0.0,0.0,900.0
6.633786,49971.0,331496.96,88667.96,1644966940,MILK/ADA_0.3,0.0,0.0,0.0,900.0
0.115193,1734425.1,199795.04,64290.56,1644966940,MINt/ADA_0.3,0.00011500000000000399,-865.9299999999348,100.0,900.0
0.034159,5695426.7,194553.12,11603.19,1644966940,CLAP/ADA_0.3,0.0,0.0,0.0,900.0
0.0,6831883678251.0,154535.89,1060.22,1644966940,CHRLZ/ADA_0.3,0.0,0.0,0.0,900.0
2.218553,69199.97,153523.81,97380.93,1644966940,DANA/ADA_0.05,0.0015260000000001384,-23.70999999999185,53.01999999998952,900.0
0.812871,174356.98,141729.84,2799.33,1644966940,WMT/ADA_0.05,0.0,0.0,0.0,900.0
0.005372,21538935.0,115726.34,8360.35,1644966940,RAVE/ADA_1.0,0.0,0.0,0.0,900.0
3.3e-05,3280491101.83,110624.79,3074.28,1644966940,ASHIB/ADA_1.0,0.0,0.0,0.0,900.0
0.0,97463289807452.0,96993.5,2691.45,1644966940,BISON/ADA_0.3,0.0,-240639212154.0,-239.47999999999593,900.0
0.034603,2643083.0,91460.03,8436.99,1644966940,FIRE/ADA_0.3,0.00037700000000000233,-14485.0,500.0,900.0
0.31586,229152.45,72380.17,58041.71,1644966940,MIN/ADA_0.3,-0.009505000000000041,4418.49000000002,-740.4300000000076,900.0
0.688636,98425.79,67779.59,2487.24,1644966940,SUNDAE/ADA_0.05,0.0,0.0,0.0,900.0
0.0,1004706168225.0,67404.44,35086.45,1644966940,HOSKY/ADA_0.3,0.0,-892449210.0,60.0,900.0
0.006245,8976856.0,56064.67,13383.81,1644966940,FLICK/ADA_0.3,0.0,0.0,0.0,900.0
0.708963,77897.52,55226.51,2822.29,1644966940,SUNDAE/ADA_1.0,0.0,0.0,0.0,900.0
0.090026,527411.0,47480.99,8566.96,1644966940,cNETA/ADA_0.3,0.0003419999999999951,-1004.0,90.5,900.0
0.131209,321704.11,42210.69,2517.04,1644966940,MELD/ADA_1.0,0.0,0.0,0.0,900.0
0.008769,3986681.0,34962.74,15575.72,1644966940,CNFT/ADA_0.3,0.0005460000000000013,-130012.0,1107.4000000000015,900.0
0.108094,309248.02,33427.95,3338.11,1644966940,REVU/ADA_0.3,0.0,0.0,0.0,900.0
0.005446,5809491.0,31641.09,1351.73,1644966940,BDOGE/ADA_1.0,0.0,0.0,0.0,900.0
0.00259,12181368.01,31554.45,18169.78,1644966940,DRIP/ADA_1.0,-2.0000000000002655e-06,4000.0,-10.2599999999984,900.0
43.634466,705.0,30762.29,3662.64,1644966940,unsi…en/ADA_1.0,0.0,0.0,0.0,900.0
0.019014,1588330.0,30200.53,8089.67,1644966940,QUID/ADA_0.3,0.0,0.0,0.0,900.0
0.000849,33523372.24,28492.08,244.55,1644966940,MONET/ADA_0.3,0.0,0.0,0.0,900.0
0.00073,28254709.0,20626.01,285.58,1644966940,RAG/ADA_1.0,-7.000000000000062e-06,137701.0,-100.0,900.0
0.111367,182755.14,20353.06,2240.41,1644966940,MINt/ADA_0.05,0.0,0.0,0.0,900.0
0.0,290654481888.0,20021.0,1420.28,1644966940,HOSKY/ADA_0.05,0.0,0.0,0.0,900.0
27.448126,725.0,19899.89,734.23,1644966940,XDIA…ND/ADA_1.0,0.07656899999999922,-1.0,28.139999999999418,900.0
0.016861,1125784.0,18982.15,160.48,1644966940,GOKEY/ADA_0.3,0.0,0.0,0.0,900.0
0.314679,58841.07,18516.07,3478.98,1644966940,MIN/ADA_0.05,0.0,0.0,0.0,900.0
0.16519,110825.0,18307.19,1677.74,1644966940,SKULL/ADA_1.0,0.0,0.0,0.0,900.0
0.042195,418730.0,17668.58,694.46,1644966940,cMETA/ADA_0.3,0.0,0.0,0.0,900.0
0.436189,39619.0,17281.39,1856.34,1644966940,CDX/ADA_1.0,0.0,0.0,0.0,900.0
2.188129,6587.41,14414.11,0.0,1644966940,DANA/ADA_0.3,0.0,0.0,0.0,900.0
0.000421,32996534.0,13891.75,11753.73,1644966940,KIDZ/ADA_0.3,0.0,0.0,0.0,900.0
0.0,15286442250.0,13281.36,3807.62,1644966940,MEOW/ADA_0.3,0.0,0.0,0.0,900.0
0.309014,41554.99,12841.11,1981.21,1644966940,CARGO/ADA_0.3,0.0,0.0,0.0,900.0
0.109167,97819.0,10678.67,50.08,1644966940,Card…rm/ADA_0.3,0.0,0.0,0.0,900.0
0.768512,13807.44,10611.19,0.0,1644966940,WMT/ADA_1.0,0.0,0.0,0.0,900.0
0.001177,8027761.0,9455.39,40.4,1644966940,FLANO/ADA_1.0,0.0,0.0,0.0,900.0
0.046783,201384.98,9421.55,0.0,1644966940,cbTHC/ADA_0.3,0.0,-0.08999999999650754,0.0,900.0
0.742546,25601472.07,19010286.93,668117.1,1644967840,SUNDAE/ADA_0.3,4.700000000001925e-05,912.4699999988079,1882.6699999980628,900.0
105.998161,151687.36,16078581.89,1282371.71,1644967840,LQ/ADA_0.3,-0.15166600000000585,119.94999999998254,-10272.879999998957,900.0
0.81059,13789189.03,11177383.82,1341584.2,1644967840,WMT/ADA_0.3,0.0008219999999999894,-6242.0,6284.0600000005215,900.0
0.130287,11095479.34,1445599.95,465112.66,1644967840,MELD/ADA_0.3,0.00010199999999999099,99047.6099999994,14023.75,900.0
0.164458,6550477.0,1077278.54,29935.6,1644967840,XRAY/ADA_0.3,-1.4000000000014001e-05,293.0,-48.050000000046566,900.0
0.067268,13239850.0,890618.44,527845.89,1644967840,PAVIA/ADA_0.3,1.8999999999991246e-05,-10640.0,-466.03000000002794,900.0
0.358933,2447550.0,878508.52,64845.53,1644967840,ADAX/ADA_0.3,-0.001442999999999972,4912.0,-1761.1199999999953,900.0
1.953904,389220.59,760499.84,174486.04,1644967840,AADA/ADA_0.3,-0.14126799999999973,13370.0,-26971.820000000065,900.0
1.647918,327247.63,539277.47,66156.14,1644967840,VYFI/ADA_0.3,0.0,0.0,0.0,900.0
6.633786,49971.0,331496.96,88667.96,1644967840,MILK/ADA_0.3,0.0,0.0,0.0,900.0
0.113645,1746227.27,198450.19,66136.15,1644967840,MINt/ADA_0.3,-0.0015480000000000077,11802.169999999925,-1344.8500000000058,900.0
0.034159,5695426.7,194553.12,11603.19,1644967840,CLAP/ADA_0.3,0.0,0.0,0.0,900.0
0.0,6831883678251.0,154535.89,1060.22,1644967840,CHRLZ/ADA_0.3,0.0,0.0,0.0,900.0
2.234473,68953.07,154073.81,97931.21,1644967840,DANA/ADA_0.05,0.015919999999999934,-246.89999999999418,550.0,900.0
0.812871,174356.98,141729.84,2799.33,1644967840,WMT/ADA_0.05,0.0,0.0,0.0,900.0
0.005372,21538935.0,115726.34,8360.35,1644967840,RAVE/ADA_1.0,0.0,0.0,0.0,900.0
3.3e-05,3280491101.83,110624.79,3074.28,1644967840,ASHIB/ADA_1.0,0.0,0.0,0.0,900.0
0.0,97463289807452.0,96993.5,2691.45,1644967840,BISON/ADA_0.3,0.0,0.0,0.0,900.0
0.034603,2643083.0,91460.03,8436.99,1644967840,FIRE/ADA_0.3,0.0,0.0,0.0,900.0
0.285249,241152.45,68788.72,64457.66,1644967840,MIN/ADA_0.3,-0.030611,12000.0,-3591.449999999997,900.0
0.688636,98425.79,67779.59,2487.24,1644967840,SUNDAE/ADA_0.05,0.0,0.0,0.0,900.0
0.0,1005008665869.0,67384.48,35086.45,1644967840,HOSKY/ADA_0.3,0.0,302497644.0,-19.960000000006403,900.0
0.006198,9010574.0,55855.5,13592.98,1644967840,FLICK/ADA_0.3,-4.69999999999993e-05,33718.0,-209.16999999999825,900.0
0.708963,77897.52,55226.51,2822.29,1644967840,SUNDAE/ADA_1.0,0.0,0.0,0.0,900.0
0.089856,527911.0,47436.16,8611.8,1644967840,cNETA/ADA_0.3,-0.0001699999999999896,500.0,-44.82999999999447,900.0
0.131209,321704.11,42210.69,2517.04,1644967840,MELD/ADA_1.0,0.0,0.0,0.0,900.0
0.008769,3986681.0,34962.74,15575.72,1644967840,CNFT/ADA_0.3,0.0,0.0,0.0,900.0
0.108094,309248.02,33427.95,3338.11,1644967840,REVU/ADA_0.3,0.0,0.0,0.0,900.0
0.005446,5809491.0,31641.09,1351.73,1644967840,BDOGE/ADA_1.0,0.0,0.0,0.0,900.0
43.634466,705.0,30762.29,3662.64,1644967840,unsi…en/ADA_1.0,0.0,0.0,0.0,900.0
0.002439,12555653.3,30629.74,18270.78,1644967840,DRIP/ADA_1.0,-0.00015099999999999966,374285.29000000097,-924.7099999999991,900.0
0.019014,1588330.0,30200.53,8089.67,1644967840,QUID/ADA_0.3,0.0,0.0,0.0,900.0
0.000849,33523372.24,28492.08,244.55,1644967840,MONET/ADA_0.3,0.0,0.0,0.0,900.0
0.00073,28254709.0,20626.01,285.58,1644967840,RAG/ADA_1.0,0.0,0.0,0.0,900.0
0.111367,182755.14,20353.06,2240.41,1644967840,MINt/ADA_0.05,0.0,0.0,0.0,900.0
0.0,290654481888.0,20021.0,1420.28,1644967840,HOSKY/ADA_0.05,0.0,0.0,0.0,900.0
27.525055,724.0,19928.14,762.76,1644967840,XDIA…ND/ADA_1.0,0.0769289999999998,-1.0,28.25,900.0
0.016861,1125784.0,18982.15,160.48,1644967840,GOKEY/ADA_0.3,0.0,0.0,0.0,900.0
0.314679,58841.07,18516.07,3478.98,1644967840,MIN/ADA_0.05,0.0,0.0,0.0,900.0
0.16519,110825.0,18307.19,1677.74,1644967840,SKULL/ADA_1.0,0.0,0.0,0.0,900.0
0.042195,418730.0,17668.58,694.46,1644967840,cMETA/ADA_0.3,0.0,0.0,0.0,900.0
0.436189,39619.0,17281.39,1856.34,1644967840,CDX/ADA_1.0,0.0,0.0,0.0,900.0
0.000445,32491465.0,14477.0,12154.93,1644967840,KIDZ/ADA_0.3,2.3999999999999987e-05,-505069.0,585.25,900.0
2.188129,6587.41,14414.11,0.0,1644967840,DANA/ADA_0.3,0.0,0.0,0.0,900.0
0.0,15286442250.0,13281.36,3807.62,1644967840,MEOW/ADA_0.3,0.0,0.0,0.0,900.0
0.293154,42665.99,12507.71,2314.6,1644967840,CARGO/ADA_0.3,-0.015859999999999985,1111.0,-333.40000000000146,900.0
0.109167,97819.0,10678.67,50.08,1644967840,Card…rm/ADA_0.3,0.0,0.0,0.0,900.0
0.768512,13807.44,10611.19,0.0,1644967840,WMT/ADA_1.0,0.0,0.0,0.0,900.0
0.001177,8027761.0,9455.39,40.4,1644967840,FLANO/ADA_1.0,0.0,0.0,0.0,900.0
0.046783,201384.98,9421.55,0.0,1644967840,cbTHC/ADA_0.3,0.0,0.0,0.0,900.0
0.7427,25599452.08,19012727.62,670096.39,1644968740,SUNDAE/ADA_0.3,0.00015399999999998748,-2019.9900000020862,2440.690000001341,899.0
105.966154,151715.01,16076656.5,1285232.13,1644968740,LQ/ADA_0.3,-0.03200699999999301,27.650000000023283,-1925.390000000596,899.0
0.810735,13788000.09,11178421.52,1346121.0,1644968740,WMT/ADA_0.3,0.00014499999999995072,-1188.9399999994785,1037.699999999255,899.0
0.130287,11099397.58,1446110.45,465112.66,1644968740,MELD/ADA_0.3,0.0,3918.2400000002235,510.5,899.0
0.164458,6550477.0,1077278.54,29935.6,1644968740,XRAY/ADA_0.3,0.0,0.0,0.0,899.0
0.067409,13224128.0,891426.57,529031.14,1644968740,PAVIA/ADA_0.3,0.00014100000000000223,-15722.0,808.1300000000047,899.0
0.358933,2447550.0,878508.52,64845.53,1644968740,ADAX/ADA_0.3,0.0,0.0,0.0,899.0
1.956548,388957.9,761015.0,175002.75,1644968740,AADA/ADA_0.3,0.0026439999999998687,-262.6900000000023,515.1600000000326,899.0
1.648927,327147.63,539442.81,66156.14,1644968740,VYFI/ADA_0.3,0.0010090000000000376,-100.0,165.34000000008382,899.0
6.633786,49971.0,331496.96,88667.96,1644968740,MILK/ADA_0.3,0.0,0.0,0.0,899.0
0.113645,1746227.27,198450.19,66136.15,1644968740,MINt/ADA_0.3,0.0,0.0,0.0,899.0
0.034159,5695426.7,194553.12,11603.19,1644968740,CLAP/ADA_0.3,0.0,0.0,0.0,899.0
0.0,6831883678251.0,154535.89,1060.22,1644968740,CHRLZ/ADA_0.3,0.0,0.0,0.0,899.0
2.246087,68774.61,154473.81,98766.63,1644968740,DANA/ADA_0.05,0.011614000000000235,-178.4600000000064,400.0,899.0
0.812871,174356.98,141729.84,2799.33,1644968740,WMT/ADA_0.05,0.0,0.0,0.0,899.0
0.005443,21399257.0,116489.78,9174.76,1644968740,RAVE/ADA_1.0,7.099999999999988e-05,-139678.0,763.4400000000023,899.0
3.3e-05,3287491101.83,110391.59,3307.49,1644968740,ASHIB/ADA_1.0,0.0,7000000.0,-233.1999999999971,899.0
0.0,97463289807452.0,96993.5,2691.45,1644968740,BISON/ADA_0.3,0.0,0.0,0.0,899.0
0.034603,2643083.0,91460.03,8436.99,1644968740,FIRE/ADA_0.3,0.0,0.0,0.0,899.0
0.309046,231696.04,71604.78,64959.16,1644968740,MIN/ADA_0.3,0.023797000000000013,-9456.410000000003,2816.0599999999977,899.0
0.688636,98581.14,67886.57,2487.24,1644968740,SUNDAE/ADA_0.05,0.0,155.35000000000582,106.98000000001048,899.0
0.0,1010008665869.0,67051.9,35419.04,1644968740,HOSKY/ADA_0.3,0.0,5000000000.0,-332.58000000000175,899.0
0.006198,9010574.0,55855.5,13613.04,1644968740,FLICK/ADA_0.3,0.0,0.0,0.0,899.0
0.708963,77897.52,55226.51,2822.29,1644968740,SUNDAE/ADA_1.0,0.0,0.0,0.0,899.0
0.089856,527911.0,47436.16,8611.8,1644968740,cNETA/ADA_0.3,0.0,0.0,0.0,899.0
0.131209,321704.11,42210.69,2517.04,1644968740,MELD/ADA_1.0,0.0,0.0,0.0,899.0
0.009227,3886675.0,35865.07,16480.74,1644968740,CNFT/ADA_0.3,0.0004580000000000001,-100006.0,902.3300000000017,899.0
0.108094,309248.02,33427.95,3338.11,1644968740,REVU/ADA_0.3,0.0,0.0,0.0,899.0
0.005446,5809491.0,31641.09,1351.73,1644968740,BDOGE/ADA_1.0,0.0,0.0,0.0,899.0
43.634466,705.0,30762.29,3662.64,1644968740,unsi…en/ADA_1.0,0.0,0.0,0.0,899.0
0.002439,12555653.3,30629.74,18270.78,1644968740,DRIP/ADA_1.0,0.0,0.0,0.0,899.0
0.019014,1588330.0,30200.53,8089.67,1644968740,QUID/ADA_0.3,0.0,0.0,0.0,899.0
0.000849,33523372.24,28492.08,244.55,1644968740,MONET/ADA_0.3,0.0,0.0,0.0,899.0
0.00073,28254709.0,20626.01,285.58,1644968740,RAG/ADA_1.0,0.0,0.0,0.0,899.0
0.111367,182755.14,20353.06,2240.41,1644968740,MINt/ADA_0.05,0.0,0.0,0.0,899.0
0.0,290654481888.0,20021.0,1420.28,1644968740,HOSKY/ADA_0.05,0.0,0.0,0.0,899.0
27.525055,724.0,19928.14,762.76,1644968740,XDIA…ND/ADA_1.0,0.0,0.0,0.0,899.0
0.016861,1125784.0,18982.15,160.48,1644968740,GOKEY/ADA_0.3,0.0,0.0,0.0,899.0
0.314679,58841.07,18516.07,3478.98,1644968740,MIN/ADA_0.05,0.0,0.0,0.0,899.0
0.16519,110825.0,18307.19,1677.74,1644968740,SKULL/ADA_1.0,0.0,0.0,0.0,899.0
0.042195,418730.0,17668.58,2574.13,1644968740,cMETA/ADA_0.3,0.0,0.0,0.0,899.0
0.436189,39619.0,17281.39,1856.34,1644968740,CDX/ADA_1.0,0.0,0.0,0.0,899.0
0.000445,32491465.0,14477.0,12154.93,1644968740,KIDZ/ADA_0.3,0.0,0.0,0.0,899.0
2.188129,6587.41,14414.11,0.0,1644968740,DANA/ADA_0.3,0.0,0.0,0.0,899.0
0.0,15286442250.0,13281.36,3807.62,1644968740,MEOW/ADA_0.3,0.0,0.0,0.0,899.0
0.293154,42665.99,12507.71,2314.6,1644968740,CARGO/ADA_0.3,0.0,0.0,0.0,899.0
0.109167,97819.0,10678.67,50.08,1644968740,Card…rm/ADA_0.3,0.0,0.0,0.0,899.0
0.768512,13807.44,10611.19,0.0,1644968740,WMT/ADA_1.0,0.0,0.0,0.0,899.0
0.001177,8027761.0,9455.39,40.4,1644968740,FLANO/ADA_1.0,0.0,0.0,0.0,899.0
0.046783,201384.98,9421.55,0.0,1644968740,cbTHC/ADA_0.3,0.0,0.0,0.0,899.0
0.739087,25665594.15,18969120.64,0.0,1644969639,SUNDAE/ADA_0.3,-0.0036129999999999773,66142.0700000003,-43606.98000000045,899.0
105.95918,151798.73,16084469.95,0.0,1644969639,LQ/ADA_0.3,-0.006973999999999592,83.72000000000116,7813.449999999255,899.0
0.81091,13787963.23,11180806.12,0.0,1644969639,WMT/ADA_0.3,0.00017500000000003624,-36.85999999940395,2384.5999999996275,899.0
0.130353,11146232.08,1452951.18,0.0,1644969639,MELD/ADA_0.3,6.60000000000105e-05,46834.5,6840.729999999981,899.0
0.164465,6550326.0,1077303.61,0.0,1644969639,XRAY/ADA_0.3,7.000000000007001e-06,-151.0,25.070000000065193,899.0
0.067758,13190027.0,893738.56,0.0,1644969639,PAVIA/ADA_0.3,0.0003490000000000021,-34101.0,2311.990000000107,899.0
0.35792,2451018.0,877269.22,0.0,1644969639,ADAX/ADA_0.3,-0.0010129999999999861,3468.0,-1239.3000000000466,899.0
1.961897,388428.08,762056.15,0.0,1644969639,AADA/ADA_0.3,0.005349000000000048,-529.820000000007,1041.1500000000233,899.0
1.654646,326582.67,540378.81,0.0,1644969639,VYFI/ADA_0.3,0.00571900000000003,-564.960000000021,936.0,899.0
6.634185,49970.0,331510.22,0.0,1644969639,MILK/ADA_0.3,0.00039900000000070435,-1.0,13.259999999951106,899.0
0.113954,1743861.79,198720.19,0.0,1644969639,MINt/ADA_0.3,0.0003090000000000037,-2365.4799999999814,270.0,899.0
0.033838,5722424.21,193637.99,0.0,1644969639,CLAP/ADA_0.3,-0.00032100000000000184,26997.509999999776,-915.1300000000047,899.0
0.0,6831883678251.0,154535.89,0.0,1644969639,CHRLZ/ADA_0.3,0.0,0.0,0.0,899.0
2.208981,69349.98,153192.85,0.0,1644969639,DANA/ADA_0.05,-0.03710600000000008,575.3699999999953,-1280.9599999999919,899.0
0.812871,174356.95,141729.81,0.0,1644969639,WMT/ADA_0.05,0.0,-0.029999999998835847,-0.029999999998835847,899.0
0.005443,21399257.0,116489.78,0.0,1644969639,RAVE/ADA_1.0,0.0,0.0,0.0,899.0
3.3e-05,3287491101.83,110391.59,0.0,1644969639,ASHIB/ADA_1.0,0.0,0.0,0.0,899.0
0.0,96878472278671.0,96411.5,0.0,1644969639,BISON/ADA_0.3,0.0,-584817528781.0,-582.0,899.0
0.034603,2643083.0,91460.03,0.0,1644969639,FIRE/ADA_0.3,0.0,0.0,0.0,899.0
0.336185,222161.1,74687.36,0.0,1644969639,MIN/ADA_0.3,0.027139000000000024,-9534.940000000002,3082.5800000000017,899.0
0.688636,98715.42,67979.04,0.0,1644969639,SUNDAE/ADA_0.05,0.0,134.27999999999884,92.46999999998661,899.0
0.0,1017069730292.0,66587.77,0.0,1644969639,HOSKY/ADA_0.3,0.0,7061064423.0,-464.1299999999901,899.0
0.006203,9007359.0,55875.5,0.0,1644969639,FLICK/ADA_0.3,4.999999999999796e-06,-3215.0,20.0,899.0
0.708963,77897.52,55226.51,0.0,1644969639,SUNDAE/ADA_1.0,0.0,0.0,0.0,899.0
0.089856,527911.0,47436.16,0.0,1644969639,cNETA/ADA_0.3,0.0,0.0,0.0,899.0
0.131209,321704.11,42210.69,0.0,1644969639,MELD/ADA_1.0,0.0,0.0,0.0,899.0
0.009227,3886675.0,35865.07,0.0,1644969639,CNFT/ADA_0.3,0.0,0.0,0.0,899.0
0.108094,309248.02,33427.95,0.0,1644969639,REVU/ADA_0.3,0.0,0.0,0.0,899.0
0.005446,5809491.0,31641.09,0.0,1644969639,BDOGE/ADA_1.0,0.0,0.0,0.0,899.0
43.634466,705.0,30762.29,0.0,1644969639,unsi…en/ADA_1.0,0.0,0.0,0.0,899.0
0.002436,12563653.3,30610.43,0.0,1644969639,DRIP/ADA_1.0,-3.000000000000398e-06,8000.0,-19.31000000000131,899.0
0.019014,1588330.0,30200.53,0.0,1644969639,QUID/ADA_0.3,0.0,0.0,0.0,899.0
0.000849,33523372.24,28492.08,0.0,1644969639,MONET/ADA_0.3,0.0,0.0,0.0,899.0
0.00073,28254709.0,20626.01,0.0,1644969639,RAG/ADA_1.0,0.0,0.0,0.0,899.0
0.111367,182755.14,20353.06,0.0,1644969639,MINt/ADA_0.05,0.0,0.0,0.0,899.0
0.0,290654481888.0,20021.0,0.0,1644969639,HOSKY/ADA_0.05,0.0,0.0,0.0,899.0
27.602494,723.0,19956.6,0.0,1644969639,XDIA…ND/ADA_1.0,0.07743900000000181,-1.0,28.459999999999127,899.0
0.016861,1125784.0,18982.15,0.0,1644969639,GOKEY/ADA_0.3,0.0,0.0,0.0,899.0
0.314679,58841.07,18516.07,0.0,1644969639,MIN/ADA_0.05,0.0,0.0,0.0,899.0
0.16519,110825.0,18307.19,0.0,1644969639,SKULL/ADA_1.0,0.0,0.0,0.0,899.0
0.436189,39619.0,17281.39,0.0,1644969639,CDX/ADA_1.0,0.0,0.0,0.0,899.0
0.033684,468730.0,15788.9,0.0,1644969639,cMETA/ADA_0.3,-0.008511000000000005,50000.0,-1879.680000000002,899.0
0.000445,32491465.0,14477.0,0.0,1644969639,KIDZ/ADA_0.3,0.0,0.0,0.0,899.0
2.188129,6587.41,14414.11,0.0,1644969639,DANA/ADA_0.3,0.0,0.0,0.0,899.0
0.0,15286442250.0,13281.36,0.0,1644969639,MEOW/ADA_0.3,0.0,0.0,0.0,899.0
0.283128,43415.99,12292.28,0.0,1644969639,CARGO/ADA_0.3,-0.010026000000000035,750.0,-215.42999999999847,899.0
0.109167,97819.0,10678.67,0.0,1644969639,Card…rm/ADA_0.3,0.0,0.0,0.0,899.0
0.768512,13807.44,10611.19,0.0,1644969639,WMT/ADA_1.0,0.0,0.0,0.0,899.0
0.001177,8027761.0,9455.39,0.0,1644969639,FLANO/ADA_1.0,0.0,0.0,0.0,899.0
0.046783,201384.98,9421.55,0.0,1644969639,cbTHC/ADA_0.3,0.0,0.0,0.0,899.0
0.73948,25658785.03,18974169.65,714323.04,1644970540,SUNDAE/ADA_0.3,0.0003929999999999767,-6809.119999997318,5049.009999997914,901.0
105.940743,151820.18,16083943.25,1239095.57,1644970540,LQ/ADA_0.3,-0.01843700000000581,21.449999999982538,-526.6999999992549,901.0
0.811061,13787272.01,11182329.19,1325665.43,1644970540,WMT/ADA_0.3,0.00015100000000001224,-691.2200000006706,1523.070000000298,901.0
0.130563,11188472.78,1460804.5,463960.06,1644970540,MELD/ADA_0.3,0.00021000000000001573,42240.699999999255,7853.320000000065,901.0
0.164465,6550326.0,1077303.61,0.0,1644970540,XRAY/ADA_0.3,0.0,0.0,0.0,901.0
0.070774,12906454.0,913442.13,543950.06,1644970540,PAVIA/ADA_0.3,0.003016000000000005,-283573.0,19703.56999999995,901.0
0.35792,2451018.0,877269.22,0.0,1644970540,ADAX/ADA_0.3,0.0,0.0,0.0,901.0
1.961949,388423.0,762066.15,124510.15,1644970540,AADA/ADA_0.3,5.199999999994098e-05,-5.080000000016298,10.0,901.0
1.654646,326582.67,540378.81,0.0,1644970540,VYFI/ADA_0.3,0.0,0.0,0.0,901.0
6.634185,49970.0,331510.22,0.0,1644970540,MILK/ADA_0.3,0.0,0.0,0.0,901.0
0.115205,1734377.1,199810.19,66998.73,1644970540,MINt/ADA_0.3,0.0012510000000000021,-9484.689999999944,1090.0,901.0
0.033838,5722424.21,193637.99,0.0,1644970540,CLAP/ADA_0.3,0.0,0.0,0.0,901.0
0.0,6831883678251.0,154535.89,0.0,1644970540,CHRLZ/ADA_0.3,0.0,0.0,0.0,901.0
2.208981,69349.98,153192.85,0.0,1644970540,DANA/ADA_0.05,0.0,0.0,0.0,901.0
0.812871,174356.95,141729.81,0.0,1644970540,WMT/ADA_0.05,0.0,0.0,0.0,901.0
0.005443,21399257.0,116489.78,0.0,1644970540,RAVE/ADA_1.0,0.0,0.0,0.0,901.0
3.3e-05,3287491101.83,110391.59,0.0,1644970540,ASHIB/ADA_1.0,0.0,0.0,0.0,901.0
0.0,96878472278671.0,96411.5,0.0,1644970540,BISON/ADA_0.3,0.0,0.0,0.0,901.0
0.034343,2653083.0,91116.33,8780.69,1644970540,FIRE/ADA_0.3,-0.0002600000000000033,10000.0,-343.6999999999971,901.0
0.30405,233625.33,71033.8,68927.88,1644970540,MIN/ADA_0.3,-0.032135000000000025,11464.229999999981,-3653.5599999999977,901.0
0.688636,98867.54,68083.8,2487.24,1644970540,SUNDAE/ADA_0.05,0.0,152.11999999999534,104.76000000000931,901.0
0.0,1017069730292.0,66587.77,0.0,1644970540,HOSKY/ADA_0.3,0.0,0.0,0.0,901.0
0.006193,9014359.0,55832.25,11720.5,1644970540,FLICK/ADA_0.3,-1.000000000000046e-05,7000.0,-43.25,901.0
0.708963,77897.52,55226.51,0.0,1644970540,SUNDAE/ADA_1.0,0.0,0.0,0.0,901.0
0.089856,527911.0,47436.16,0.0,1644970540,cNETA/ADA_0.3,0.0,0.0,0.0,901.0
0.131209,321704.11,42210.69,0.0,1644970540,MELD/ADA_1.0,0.0,0.0,0.0,901.0
0.00954,3822472.0,36469.27,17056.68,1644970540,CNFT/ADA_0.3,0.00031299999999999904,-64203.0,604.1999999999971,901.0
0.108094,309248.02,33427.95,0.0,1644970540,REVU/ADA_0.3,0.0,0.0,0.0,901.0
0.005446,5763067.0,31388.24,1351.73,1644970540,BDOGE/ADA_1.0,0.0,-46424.0,-252.84999999999854,901.0
0.002468,12482587.1,30812.17,15196.39,1644970540,DRIP/ADA_1.0,3.2000000000000344e-05,-81066.20000000112,201.73999999999796,901.0
43.634466,705.0,30762.29,0.0,1644970540,unsi…en/ADA_1.0,0.0,0.0,0.0,901.0
0.019014,1588330.0,30200.53,0.0,1644970540,QUID/ADA_0.3,0.0,0.0,0.0,901.0
0.000849,33523372.24,28492.08,0.0,1644970540,MONET/ADA_0.3,0.0,0.0,0.0,901.0
0.00073,28254709.0,20626.01,0.0,1644970540,RAG/ADA_1.0,0.0,0.0,0.0,901.0
0.111367,182755.14,20353.06,0.0,1644970540,MINt/ADA_0.05,0.0,0.0,0.0,901.0
0.0,290654481888.0,20021.0,0.0,1644970540,HOSKY/ADA_0.05,0.0,0.0,0.0,901.0
27.602494,723.0,19956.6,0.0,1644970540,XDIA…ND/ADA_1.0,0.0,0.0,0.0,901.0
0.016861,1125784.0,18982.15,0.0,1644970540,GOKEY/ADA_0.3,0.0,0.0,0.0,901.0
0.314679,58841.07,18516.07,0.0,1644970540,MIN/ADA_0.05,0.0,0.0,0.0,901.0
0.16519,110825.0,18307.19,0.0,1644970540,SKULL/ADA_1.0,0.0,0.0,0.0,901.0
0.436189,39619.0,17281.39,0.0,1644970540,CDX/ADA_1.0,0.0,0.0,0.0,901.0
0.033684,468730.0,15788.9,0.0,1644970540,cMETA/ADA_0.3,0.0,0.0,0.0,901.0
0.000445,32491465.0,14477.0,0.0,1644970540,KIDZ/ADA_0.3,0.0,0.0,0.0,901.0
2.188129,6587.41,14414.11,0.0,1644970540,DANA/ADA_0.3,0.0,0.0,0.0,901.0
0.0,15286442250.0,13281.36,0.0,1644970540,MEOW/ADA_0.3,0.0,0.0,0.0,901.0
0.283128,43415.99,12292.28,0.0,1644970540,CARGO/ADA_0.3,0.0,0.0,0.0,901.0
0.109167,97819.0,10678.67,0.0,1644970540,Card…rm/ADA_0.3,0.0,0.0,0.0,901.0
0.768512,13807.44,10611.19,0.0,1644970540,WMT/ADA_1.0,0.0,0.0,0.0,901.0
0.001177,8027761.0,9455.39,0.0,1644970540,FLANO/ADA_1.0,0.0,0.0,0.0,901.0
0.046783,201384.98,9421.55,0.0,1644970540,cbTHC/ADA_0.3,0.0,0.0,0.0,901.0
0.739676,25656379.29,18977424.21,717590.91,1644971439,SUNDAE/ADA_0.3,0.00019599999999997397,-2405.740000002086,3254.560000002384,898.0
105.955198,151809.85,16085043.76,1241257.16,1644971439,LQ/ADA_0.3,0.014454999999998108,-10.329999999987194,1100.5099999997765,898.0
0.809984,13798377.16,11176472.04,1334414.82,1644971439,WMT/ADA_0.3,-0.0010769999999999946,11105.150000000373,-5857.1500000003725,898.0
0.130763,11179907.75,1461927.01,465085.93,1644971439,MELD/ADA_0.3,0.00019999999999997797,-8565.02999999933,1122.5100000000093,898.0
0.164465,6550326.0,1077303.61,0.0,1644971439,XRAY/ADA_0.3,0.0,0.0,0.0,898.0
0.071434,12846812.0,917703.98,550917.17,1644971439,PAVIA/ADA_0.3,0.0006599999999999939,-59642.0,4261.849999999977,898.0
0.356077,2457362.0,875011.21,63952.44,1644971439,ADAX/ADA_0.3,-0.001843000000000039,6344.0,-2258.0100000000093,898.0
2.007008,384044.51,770780.64,133250.79,1644971439,AADA/ADA_0.3,0.04505899999999996,-4378.489999999991,8714.48999999999,898.0
1.654646,326547.74,540321.01,52997.81,1644971439,VYFI/ADA_0.3,0.0,-34.929999999993015,-57.800000000046566,898.0
6.650174,49910.0,331910.22,87974.58,1644971439,MILK/ADA_0.3,0.015988999999999365,-60.0,400.0,898.0
0.115205,1734377.1,199810.19,66998.73,1644971439,MINt/ADA_0.3,0.0,0.0,0.0,898.0
0.033838,5722424.21,193637.99,0.0,1644971439,CLAP/ADA_0.3,0.0,0.0,0.0,898.0
0.0,6831883678251.0,154535.89,0.0,1644971439,CHRLZ/ADA_0.3,0.0,0.0,0.0,898.0
2.177798,69844.84,152108.0,98238.59,1644971439,DANA/ADA_0.05,-0.03118299999999996,494.8600000000006,-1084.8500000000058,898.0
0.812871,176702.51,143636.45,2799.33,1644971439,WMT/ADA_0.05,0.0,2345.5599999999977,1906.640000000014,898.0
0.005443,21399257.0,116489.78,0.0,1644971439,RAVE/ADA_1.0,0.0,0.0,0.0,898.0
3.3e-05,3287491101.83,110391.59,0.0,1644971439,ASHIB/ADA_1.0,0.0,0.0,0.0,898.0
0.0,96878472278671.0,96411.5,0.0,1644971439,BISON/ADA_0.3,0.0,0.0,0.0,898.0
0.034343,2653083.0,91116.33,8780.69,1644971439,FIRE/ADA_0.3,0.0,0.0,0.0,898.0
0.309372,231609.85,71653.8,69549.74,1644971439,MIN/ADA_0.3,0.005321999999999993,-2015.4799999999814,620.0,898.0
0.688636,100496.44,69205.52,2487.24,1644971439,SUNDAE/ADA_0.05,0.0,1628.9000000000087,1121.7200000000012,898.0
0.0,1016765255515.0,66607.77,32335.84,1644971439,HOSKY/ADA_0.3,0.0,-304474777.0,20.0,898.0
0.006193,9014359.0,55832.25,11720.5,1644971439,FLICK/ADA_0.3,0.0,0.0,0.0,898.0
0.708963,77897.52,55226.51,0.0,1644971439,SUNDAE/ADA_1.0,0.0,0.0,0.0,898.0
0.089856,527911.0,47436.16,0.0,1644971439,cNETA/ADA_0.3,0.0,0.0,0.0,898.0
0.131209,321704.11,42210.69,0.0,1644971439,MELD/ADA_1.0,0.0,0.0,0.0,898.0
0.00954,3822472.0,36469.27,17056.68,1644971439,CNFT/ADA_0.3,0.0,0.0,0.0,898.0
0.11004,306505.53,33727.95,3639.01,1644971439,REVU/ADA_0.3,0.0019460000000000033,-2742.4899999999907,300.0,898.0
0.005446,5763067.0,31388.24,1351.73,1644971439,BDOGE/ADA_1.0,0.0,0.0,0.0,898.0
0.002554,12272417.4,31345.17,15734.72,1644971439,DRIP/ADA_1.0,8.59999999999997e-05,-210169.69999999925,533.0,898.0
43.634466,705.0,30762.29,0.0,1644971439,unsi…en/ADA_1.0,0.0,0.0,0.0,898.0
0.019014,1588348.0,30200.87,8069.61,1644971439,QUID/ADA_0.3,0.0,18.0,0.3400000000001455,898.0
0.000849,33523372.24,28492.08,0.0,1644971439,MONET/ADA_0.3,0.0,0.0,0.0,898.0
0.00073,28254709.0,20626.01,0.0,1644971439,RAG/ADA_1.0,0.0,0.0,0.0,898.0
0.111367,182755.14,20353.06,0.0,1644971439,MINt/ADA_0.05,0.0,0.0,0.0,898.0
0.0,290654481888.0,20021.0,0.0,1644971439,HOSKY/ADA_0.05,0.0,0.0,0.0,898.0
27.680255,722.0,19985.14,503.86,1644971439,XDIA…ND/ADA_1.0,0.07776099999999886,-1.0,28.540000000000873,898.0
0.016861,1125784.0,18982.15,0.0,1644971439,GOKEY/ADA_0.3,0.0,0.0,0.0,898.0
0.314679,58841.07,18516.07,0.0,1644971439,MIN/ADA_0.05,0.0,0.0,0.0,898.0
0.16519,110825.0,18307.19,0.0,1644971439,SKULL/ADA_1.0,0.0,0.0,0.0,898.0
0.436189,39619.0,17281.39,0.0,1644971439,CDX/ADA_1.0,0.0,0.0,0.0,898.0
0.033684,468730.0,15788.9,0.0,1644971439,cMETA/ADA_0.3,0.0,0.0,0.0,898.0
0.000457,32050022.0,14677.0,12164.96,1644971439,KIDZ/ADA_0.3,1.200000000000002e-05,-441443.0,200.0,898.0
2.188129,6587.41,14414.11,0.0,1644971439,DANA/ADA_0.3,0.0,0.0,0.0,898.0
0.0,15286442250.0,13281.36,0.0,1644971439,MEOW/ADA_0.3,0.0,0.0,0.0,898.0
0.289836,42911.33,12437.28,2675.47,1644971439,CARGO/ADA_0.3,0.006707999999999992,-504.6599999999962,145.0,898.0
0.109167,97819.0,10678.67,0.0,1644971439,Card…rm/ADA_0.3,0.0,0.0,0.0,898.0
0.768512,13807.44,10611.19,0.0,1644971439,WMT/ADA_1.0,0.0,0.0,0.0,898.0
0.001177,8027761.0,9455.39,0.0,1644971439,FLANO/ADA_1.0,0.0,0.0,0.0,898.0
0.046783,201384.98,9421.55,0.0,1644971439,cbTHC/ADA_0.3,0.0,0.0,0.0,898.0
0.739687,25657705.2,18978688.54,717733.33,1644972339,SUNDAE/ADA_0.3,1.0999999999983245e-05,1325.910000000149,1264.3299999982119,899.0
105.814414,151930.58,16076445.79,1261270.52,1644972339,LQ/ADA_0.3,-0.14078399999999647,120.72999999998137,-8597.97000000067,899.0
0.810042,13798199.79,11177127.16,1354065.29,1644972339,WMT/ADA_0.3,5.8000000000002494e-05,-177.37000000104308,655.1200000010431,899.0
0.130945,11177117.88,1463598.44,466108.99,1644972339,MELD/ADA_0.3,0.00018200000000001548,-2789.8699999991804,1671.4299999999348,899.0
0.164465,6550326.0,1077303.61,0.0,1644972339,XRAY/ADA_0.3,0.0,0.0,0.0,899.0
0.071498,12862530.0,919657.28,551620.21,1644972339,PAVIA/ADA_0.3,6.40000000000085e-05,15718.0,1953.3000000000466,899.0
0.356077,2457110.0,874921.14,63952.44,1644972339,ADAX/ADA_0.3,0.0,-252.0,-90.06999999994878,899.0
2.007268,384019.68,770830.64,134073.25,1644972339,AADA/ADA_0.3,0.00025999999999992696,-24.830000000016298,50.0,899.0
1.659303,326089.84,541082.01,53761.09,1644972339,VYFI/ADA_0.3,0.004656999999999911,-457.8999999999651,761.0,899.0
6.670082,49836.0,332410.22,88476.08,1644972339,MILK/ADA_0.3,0.019908000000000037,-74.0,500.0,899.0
0.115205,1734377.1,199810.19,66998.73,1644972339,MINt/ADA_0.3,0.0,0.0,0.0,899.0
0.033838,5722424.21,193637.99,0.0,1644972339,CLAP/ADA_0.3,0.0,0.0,0.0,899.0
0.0,6831883678251.0,154535.89,0.0,1644972339,CHRLZ/ADA_0.3,0.0,0.0,0.0,899.0
2.177798,70043.78,152541.25,98238.59,1644972339,DANA/ADA_0.05,0.0,198.94000000000233,433.25,899.0
0.812871,176825.53,143736.45,2799.33,1644972339,WMT/ADA_0.05,0.0,123.01999999998952,100.0,899.0
0.005444,21397258.0,116500.78,9042.44,1644972339,RAVE/ADA_1.0,1.0000000000001327e-06,-1999.0,11.0,899.0
3.3e-05,3287491101.83,110391.59,0.0,1644972339,ASHIB/ADA_1.0,0.0,0.0,0.0,899.0
0.0,96828406717803.0,96461.5,2691.45,1644972339,BISON/ADA_0.3,0.0,-50065560868.0,50.0,899.0
0.034418,2650184.0,91216.33,8880.99,1644972339,FIRE/ADA_0.3,7.499999999999868e-05,-2899.0,100.0,899.0
0.33848,221441.98,74953.8,73528.55,1644972339,MIN/ADA_0.3,0.029108000000000023,-10167.869999999995,3300.0,899.0
0.688636,100324.12,69086.85,2487.24,1644972339,SUNDAE/ADA_0.05,0.0,-172.32000000000698,-118.66999999999825,899.0
0.0,1016765255515.0,66607.77,32335.84,1644972339,HOSKY/ADA_0.3,0.0,0.0,0.0,899.0
0.006193,9014359.0,55832.25,11720.5,1644972339,FLICK/ADA_0.3,0.0,0.0,0.0,899.0
0.708963,77897.52,55226.51,0.0,1644972339,SUNDAE/ADA_1.0,0.0,0.0,0.0,899.0
0.089856,527911.0,47436.16,0.0,1644972339,cNETA/ADA_0.3,0.0,0.0,0.0,899.0
0.131209,321704.11,42210.69,0.0,1644972339,MELD/ADA_1.0,0.0,0.0,0.0,899.0
0.009561,3818401.0,36508.27,17095.79,1644972339,CNFT/ADA_0.3,2.1000000000000185e-05,-4071.0,39.0,899.0
0.112003,303811.32,34027.95,3939.91,1644972339,REVU/ADA_0.3,0.0019630000000000064,-2694.210000000021,300.0,899.0
0.005446,5763067.0,31388.24,1351.73,1644972339,BDOGE/ADA_1.0,0.0,0.0,0.0,899.0
0.002547,12289417.4,31302.25,15777.65,1644972339,DRIP/ADA_1.0,-7.000000000000062e-06,17000.0,-42.919999999998254,899.0
43.634466,705.0,30762.29,0.0,1644972339,unsi…en/ADA_1.0,0.0,0.0,0.0,899.0
0.019014,1588348.0,30200.87,8069.61,1644972339,QUID/ADA_0.3,0.0,0.0,0.0,899.0
0.000849,33523372.24,28492.08,0.0,1644972339,MONET/ADA_0.3,0.0,0.0,0.0,899.0
0.00073,28254709.0,20626.01,0.0,1644972339,RAG/ADA_1.0,0.0,0.0,0.0,899.0
0.111367,182755.14,20353.06,0.0,1644972339,MINt/ADA_0.05,0.0,0.0,0.0,899.0
0.0,290654481888.0,20021.0,0.0,1644972339,HOSKY/ADA_0.05,0.0,0.0,0.0,899.0
27.680255,722.0,19985.14,503.86,1644972339,XDIA…ND/ADA_1.0,0.0,0.0,0.0,899.0
0.016861,1125784.0,18982.15,0.0,1644972339,GOKEY/ADA_0.3,0.0,0.0,0.0,899.0
0.314679,58841.07,18516.07,0.0,1644972339,MIN/ADA_0.05,0.0,0.0,0.0,899.0
0.150279,116220.0,17465.47,2190.2,1644972339,SKULL/ADA_1.0,-0.014911000000000008,5395.0,-841.7199999999975,899.0
0.436189,39619.0,17281.39,0.0,1644972339,CDX/ADA_1.0,0.0,0.0,0.0,899.0
0.033684,468730.0,15788.9,0.0,1644972339,cMETA/ADA_0.3,0.0,0.0,0.0,899.0
0.000457,32050022.0,14677.0,12164.96,1644972339,KIDZ/ADA_0.3,0.0,0.0,0.0,899.0
2.188129,6587.41,14414.11,0.0,1644972339,DANA/ADA_0.3,0.0,0.0,0.0,899.0
0.0,15286442250.0,13281.36,0.0,1644972339,MEOW/ADA_0.3,0.0,0.0,0.0,899.0
0.289836,42911.33,12437.28,2675.47,1644972339,CARGO/ADA_0.3,0.0,0.0,0.0,899.0
0.109167,97819.0,10678.67,0.0,1644972339,Card…rm/ADA_0.3,0.0,0.0,0.0,899.0
0.768512,13807.44,10611.19,0.0,1644972339,WMT/ADA_1.0,0.0,0.0,0.0,899.0
0.001177,8027761.0,9455.39,0.0,1644972339,FLANO/ADA_1.0,0.0,0.0,0.0,899.0
0.046783,201384.98,9421.55,0.0,1644972339,cbTHC/ADA_0.3,0.0,0.0,0.0,899.0
0.739446,25663293.02,18976626.63,722017.98,1644973239,SUNDAE/ADA_0.3,-0.0002409999999999357,5587.820000000298,-2061.910000000149,900.0
105.778488,151961.33,16074240.53,1264211.86,1644973239,LQ/ADA_0.3,-0.035926000000003455,30.75,-2205.2599999997765,900.0
0.810234,13797886.36,11179521.72,1354599.97,1644973239,WMT/ADA_0.3,0.00019199999999996997,-313.429999999702,2394.5600000005215,900.0
0.132062,11140306.58,1471217.91,472404.23,1644973239,MELD/ADA_0.3,0.0011170000000000069,-36811.300000000745,7619.469999999972,900.0
0.16429,6553826.0,1076730.01,28580.95,1644973239,XRAY/ADA_0.3,-0.00017500000000000848,3500.0,-573.6000000000931,900.0
0.07249,12771531.0,925820.88,561953.47,1644973239,PAVIA/ADA_0.3,0.0009919999999999929,-90999.0,6163.599999999977,900.0
0.354999,2460843.0,873597.9,65275.69,1644973239,ADAX/ADA_0.3,-0.0010779999999999679,3733.0,-1323.2399999999907,900.0
2.011787,383301.07,771120.44,134171.93,1644973239,AADA/ADA_0.3,0.004519000000000162,-718.609999999986,289.79999999993015,900.0
1.665514,325482.19,542095.22,54777.34,1644973239,VYFI/ADA_0.3,0.0062109999999999665,-607.6500000000233,1013.2099999999627,900.0
6.733065,49603.0,333980.22,90050.79,1644973239,MILK/ADA_0.3,0.06298300000000001,-233.0,1570.0,900.0
0.115205,1734377.1,199810.19,66358.56,1644973239,MINt/ADA_0.3,0.0,0.0,0.0,900.0
0.033909,5716424.19,193841.84,11644.5,1644973239,CLAP/ADA_0.3,7.100000000000162e-05,-6000.019999999553,203.85000000000582,900.0
0.0,6831883678251.0,154535.89,0.0,1644973239,CHRLZ/ADA_0.3,0.0,0.0,0.0,900.0
2.177798,70222.37,152930.18,98238.59,1644973239,DANA/ADA_0.05,0.0,178.5899999999965,388.929999999993,900.0
0.812871,174479.97,141829.81,2799.33,1644973239,WMT/ADA_0.05,0.0,-2345.5599999999977,-1906.640000000014,900.0
0.005444,21397308.0,116501.05,7022.44,1644973239,RAVE/ADA_1.0,0.0,50.0,0.27000000000407454,900.0
3.3e-05,3287491101.83,110391.59,0.0,1644973239,ASHIB/ADA_1.0,0.0,0.0,0.0,900.0
0.0,96828406717803.0,96461.5,2691.45,1644973239,BISON/ADA_0.3,0.0,0.0,0.0,900.0
0.034418,2650184.0,91216.33,8880.99,1644973239,FIRE/ADA_0.3,0.0,0.0,0.0,900.0
0.332457,223441.98,74284.9,72958.77,1644973239,MIN/ADA_0.3,-0.006023000000000001,2000.0,-668.9000000000087,900.0
0.688636,100324.12,69086.85,1486.74,1644973239,SUNDAE/ADA_0.05,0.0,0.0,0.0,900.0
0.0,1016765255515.0,66607.77,29480.25,1644973239,HOSKY/ADA_0.3,0.0,0.0,0.0,900.0
0.006193,9014359.0,55832.25,11069.7,1644973239,FLICK/ADA_0.3,0.0,0.0,0.0,900.0
0.708963,77897.52,55226.51,0.0,1644973239,SUNDAE/ADA_1.0,0.0,0.0,0.0,900.0
0.089856,527852.0,47430.81,7971.45,1644973239,cNETA/ADA_0.3,0.0,-59.0,-5.350000000005821,900.0
0.131209,321704.11,42210.69,0.0,1644973239,MELD/ADA_1.0,0.0,0.0,0.0,900.0
0.009561,3818401.0,36508.27,17095.79,1644973239,CNFT/ADA_0.3,0.0,0.0,0.0,900.0
0.112003,303811.32,34027.95,3939.91,1644973239,REVU/ADA_0.3,0.0,0.0,0.0,900.0
0.005446,5763067.0,31388.24,1351.73,1644973239,BDOGE/ADA_1.0,0.0,0.0,0.0,900.0
0.002547,12290417.4,31304.79,15543.68,1644973239,DRIP/ADA_1.0,0.0,1000.0,2.540000000000873,900.0
0.019014,1588348.0,30200.87,8069.61,1644973239,QUID/ADA_0.3,0.0,0.0,0.0,900.0
38.608071,750.0,28956.05,3535.33,1644973239,unsi…en/ADA_1.0,-5.026395000000001,45.0,-1806.2400000000016,900.0
0.000849,33523372.24,28492.08,0.0,1644973239,MONET/ADA_0.3,0.0,0.0,0.0,900.0
0.00073,28254709.0,20626.01,0.0,1644973239,RAG/ADA_1.0,0.0,0.0,0.0,900.0
0.111367,182755.14,20353.06,0.0,1644973239,MINt/ADA_0.05,0.0,0.0,0.0,900.0
0.0,290654481888.0,20021.0,0.0,1644973239,HOSKY/ADA_0.05,0.0,0.0,0.0,900.0
27.680255,722.0,19985.14,503.86,1644973239,XDIA…ND/ADA_1.0,0.0,0.0,0.0,900.0
0.016861,1125784.0,18982.15,0.0,1644973239,GOKEY/ADA_0.3,0.0,0.0,0.0,900.0
0.314679,58841.07,18516.07,0.0,1644973239,MIN/ADA_0.05,0.0,0.0,0.0,900.0
0.150279,116220.0,17465.47,2190.2,1644973239,SKULL/ADA_1.0,0.0,0.0,0.0,900.0
0.436189,39619.0,17281.39,0.0,1644973239,CDX/ADA_1.0,0.0,0.0,0.0,900.0
0.033684,468730.0,15788.9,0.0,1644973239,cMETA/ADA_0.3,0.0,0.0,0.0,900.0
0.000464,31833778.0,14777.0,12265.26,1644973239,KIDZ/ADA_0.3,7.0000000000000075e-06,-216244.0,100.0,900.0
2.188129,6587.41,14414.11,0.0,1644973239,DANA/ADA_0.3,0.0,0.0,0.0,900.0
0.0,15286442250.0,13281.36,0.0,1644973239,MEOW/ADA_0.3,0.0,0.0,0.0,900.0
0.289836,42911.33,12437.28,2675.47,1644973239,CARGO/ADA_0.3,0.0,0.0,0.0,900.0
0.109167,97819.0,10678.67,0.0,1644973239,Card…rm/ADA_0.3,0.0,0.0,0.0,900.0
0.768512,13807.44,10611.19,0.0,1644973239,WMT/ADA_1.0,0.0,0.0,0.0,900.0
0.001177,8027761.0,9455.39,0.0,1644973239,FLANO/ADA_1.0,0.0,0.0,0.0,900.0
0.046783,201384.98,9421.55,0.0,1644973239,cbTHC/ADA_0.3,0.0,0.0,0.0,900.0
0.739539,25664506.9,18979911.2,640223.31,1644974139,SUNDAE/ADA_0.3,9.299999999989872e-05,1213.879999998957,3284.570000000298,899.0
105.788021,152004.8,16080287.77,1239888.07,1644974139,LQ/ADA_0.3,0.009533000000004677,43.470000000001164,6047.2400000002235,899.0
0.810713,13810978.25,11196743.72,1308021.13,1644974139,WMT/ADA_0.3,0.0004790000000000072,13091.890000000596,17222.0,899.0
0.13244,11134848.67,1474701.89,472361.65,1644974139,MELD/ADA_0.3,0.00037799999999998946,-5457.910000000149,3483.9799999999814,899.0
0.164202,6555571.0,1076444.26,28791.32,1644974139,XRAY/ADA_0.3,-8.800000000000474e-05,1745.0,-285.75,899.0
0.069914,12958478.0,905981.63,583352.15,1644974139,PAVIA/ADA_0.3,-0.002575999999999995,186947.0,-19839.25,899.0
0.354999,2460843.0,873597.9,62266.69,1644974139,ADAX/ADA_0.3,0.0,0.0,0.0,899.0
2.004805,383971.7,769788.71,134398.63,1644974139,AADA/ADA_0.3,-0.006981999999999822,670.6300000000047,-1331.7299999999814,899.0
1.665514,325482.19,542095.22,47378.86,1644974139,VYFI/ADA_0.3,0.0,0.0,0.0,899.0
6.663099,49871.0,332295.41,124990.42,1644974139,MILK/ADA_0.3,-0.06996599999999997,268.0,-1684.8099999999977,899.0
0.115205,1734377.1,199810.19,66358.56,1644974139,MINt/ADA_0.3,0.0,0.0,0.0,899.0
0.033909,5716424.19,193841.84,11644.5,1644974139,CLAP/ADA_0.3,0.0,0.0,0.0,899.0
0.0,6833883678251.0,154490.8,1104.68,1644974139,CHRLZ/ADA_0.3,0.0,2000000000.0,-45.09000000002561,899.0
2.177798,70222.37,152930.18,98238.59,1644974139,DANA/ADA_0.05,0.0,0.0,0.0,899.0
0.812871,175648.3,142779.51,2799.33,1644974139,WMT/ADA_0.05,0.0,1168.3299999999872,949.7000000000116,899.0
0.005448,21390188.0,116541.87,7062.84,1644974139,RAVE/ADA_1.0,3.9999999999996635e-06,-7120.0,40.81999999999243,899.0
3.3e-05,3287491101.83,110391.59,0.0,1644974139,ASHIB/ADA_1.0,0.0,0.0,0.0,899.0
0.0,96828406717803.0,96461.5,2691.45,1644974139,BISON/ADA_0.3,0.0,0.0,0.0,899.0
0.0344,2650884.0,91192.32,8905.01,1644974139,FIRE/ADA_0.3,-1.7999999999997185e-05,700.0,-24.00999999999476,899.0
0.332502,223441.65,74295.0,76364.92,1644974139,MIN/ADA_0.3,4.500000000001725e-05,-0.33000000001629815,10.10000000000582,899.0
0.688636,100324.12,69086.85,1486.74,1644974139,SUNDAE/ADA_0.05,0.0,0.0,0.0,899.0
0.0,1050222241138.0,64492.01,31596.02,1644974139,HOSKY/ADA_0.3,0.0,33456985623.0,-2115.760000000002,899.0
0.006193,9014359.0,55832.25,11069.7,1644974139,FLICK/ADA_0.3,0.0,0.0,0.0,899.0
0.708963,77897.52,55226.51,0.0,1644974139,SUNDAE/ADA_1.0,0.0,0.0,0.0,899.0
0.084576,544102.0,46018.38,9383.89,1644974139,cNETA/ADA_0.3,-0.005280000000000007,16250.0,-1412.4300000000003,899.0
0.131209,321704.11,42210.69,0.0,1644974139,MELD/ADA_1.0,0.0,0.0,0.0,899.0
0.009846,3762841.0,37048.98,17638.12,1644974139,CNFT/ADA_0.3,0.00028500000000000053,-55560.0,540.7100000000064,899.0
0.112003,303811.32,34027.95,3939.91,1644974139,REVU/ADA_0.3,0.0,0.0,0.0,899.0
0.002583,12205009.89,31526.64,15824.34,1644974139,DRIP/ADA_1.0,3.600000000000001e-05,-85407.50999999978,221.84999999999854,899.0
0.005446,5763067.0,31388.24,1351.73,1644974139,BDOGE/ADA_1.0,0.0,0.0,0.0,899.0
0.019014,1588348.0,30200.87,8069.61,1644974139,QUID/ADA_0.3,0.0,0.0,0.0,899.0
38.608071,750.0,28956.05,3749.41,1644974139,unsi…en/ADA_1.0,0.0,0.0,0.0,899.0
0.000849,33523372.24,28492.08,0.0,1644974139,MONET/ADA_0.3,0.0,0.0,0.0,899.0
0.00073,28254709.0,20626.01,0.0,1644974139,RAG/ADA_1.0,0.0,0.0,0.0,899.0
0.111367,182755.14,20353.06,0.0,1644974139,MINt/ADA_0.05,0.0,0.0,0.0,899.0
0.0,290654481888.0,20021.0,0.0,1644974139,HOSKY/ADA_0.05,0.0,0.0,0.0,899.0
27.758339,721.0,20013.76,532.77,1644974139,XDIA…ND/ADA_1.0,0.07808400000000049,-1.0,28.61999999999898,899.0
0.016861,1125784.0,18982.15,0.0,1644974139,GOKEY/ADA_0.3,0.0,0.0,0.0,899.0
0.314679,58841.07,18516.07,0.0,1644974139,MIN/ADA_0.05,0.0,0.0,0.0,899.0
0.150279,116220.0,17465.47,2173.04,1644974139,SKULL/ADA_1.0,0.0,0.0,0.0,899.0
0.436189,39619.0,17281.39,0.0,1644974139,CDX/ADA_1.0,0.0,0.0,0.0,899.0
0.033684,468730.0,15788.9,0.0,1644974139,cMETA/ADA_0.3,0.0,0.0,0.0,899.0
2.188129,6587.41,14414.11,0.0,1644974139,DANA/ADA_0.3,0.0,0.0,0.0,899.0
0.000441,32641146.0,14412.56,12621.67,1644974139,KIDZ/ADA_0.3,-2.3000000000000017e-05,807368.0,-364.4400000000005,899.0
0.0,15286442250.0,13281.36,0.0,1644974139,MEOW/ADA_0.3,0.0,0.0,0.0,899.0
0.29463,42561.32,12539.87,2778.36,1644974139,CARGO/ADA_0.3,0.0047940000000000205,-350.01000000000204,102.59000000000015,899.0
0.109167,97819.0,10678.67,0.0,1644974139,Card…rm/ADA_0.3,0.0,0.0,0.0,899.0
0.768512,13807.44,10611.19,0.0,1644974139,WMT/ADA_1.0,0.0,0.0,0.0,899.0
0.001177,8027761.0,9455.39,0.0,1644974139,FLANO/ADA_1.0,0.0,0.0,0.0,899.0
0.046783,201384.98,9421.55,0.0,1644974139,cbTHC/ADA_0.3,0.0,0.0,0.0,899.0
0.739707,25664019.57,18983865.63,642390.54,1644975040,SUNDAE/ADA_0.3,0.000168000000000057,-487.32999999821186,3954.429999999702,900.0
105.499548,152252.81,16062603.45,1262643.64,1644975040,LQ/ADA_0.3,-0.2884729999999962,248.0100000000093,-17684.320000000298,900.0
0.810808,13815025.82,11201339.59,1309282.97,1644975040,WMT/ADA_0.3,9.499999999995623e-05,4047.570000000298,4595.86999999918,900.0
0.135656,11002419.64,1492547.67,505231.45,1644975040,MELD/ADA_0.3,0.0032159999999999966,-132429.02999999933,17845.780000000028,900.0
0.164202,6561619.0,1077437.36,28791.32,1644975040,XRAY/ADA_0.3,0.0,6048.0,993.1000000000931,900.0
0.070077,12943365.0,907042.81,584416.51,1644975040,PAVIA/ADA_0.3,0.00016299999999999648,-15113.0,1061.1800000000512,900.0
0.354507,2462551.0,872993.8,62870.79,1644975040,ADAX/ADA_0.3,-0.0004919999999999924,1708.0,-604.0999999999767,900.0
1.999706,384461.75,768810.56,141165.54,1644975040,AADA/ADA_0.3,-0.005099000000000187,490.04999999998836,-978.1499999999069,900.0
1.666035,325431.31,542180.22,47464.12,1644975040,VYFI/ADA_0.3,0.0005209999999999937,-50.88000000000466,85.0,900.0
6.665581,49862.0,332359.24,125054.45,1644975040,MILK/ADA_0.3,0.0024820000000005393,-9.0,63.8300000000163,900.0
0.115205,1736144.03,200013.76,66358.56,1644975040,MINt/ADA_0.3,0.0,1766.9299999999348,203.57000000000698,900.0
0.033909,5716424.19,193841.84,11644.5,1644975040,CLAP/ADA_0.3,0.0,0.0,0.0,900.0
0.0,6833883678251.0,154490.8,1104.68,1644975040,CHRLZ/ADA_0.3,0.0,0.0,0.0,900.0
2.166291,70408.67,152525.73,98643.04,1644975040,DANA/ADA_0.05,-0.011506999999999934,186.3000000000029,-404.44999999998254,900.0
0.812871,175648.3,142779.51,2799.33,1644975040,WMT/ADA_0.05,0.0,0.0,0.0,900.0
0.005448,21390338.0,116542.69,7062.84,1644975040,RAVE/ADA_1.0,0.0,150.0,0.8200000000069849,900.0
3.3e-05,3287491101.83,110391.59,0.0,1644975040,ASHIB/ADA_1.0,0.0,0.0,0.0,900.0
0.0,96878406717803.0,96411.86,2741.08,1644975040,BISON/ADA_0.3,0.0,50000000000.0,-49.63999999999942,900.0
0.0344,2650884.0,91192.32,8905.01,1644975040,FIRE/ADA_0.3,0.0,0.0,0.0,900.0
0.0,896933857472.0,75548.51,42684.95,1644975040,HOSKY/ADA_0.3,0.0,-153288383666.0,11056.499999999993,900.0
0.336986,221952.4,74795.0,76866.42,1644975040,MIN/ADA_0.3,0.004483999999999988,-1489.25,500.0,900.0
0.688636,100324.12,69086.85,1486.74,1644975040,SUNDAE/ADA_0.05,0.0,0.0,0.0,900.0
0.006193,9014359.0,55832.25,11069.7,1644975040,FLICK/ADA_0.3,0.0,0.0,0.0,900.0
0.708963,77897.52,55226.51,0.0,1644975040,SUNDAE/ADA_1.0,0.0,0.0,0.0,900.0
0.084944,542926.0,46118.38,9484.19,1644975040,cNETA/ADA_0.3,0.0003680000000000072,-1176.0,100.0,900.0
0.131209,321704.11,42210.69,2517.04,1644975040,MELD/ADA_1.0,0.0,0.0,0.0,900.0
0.009846,3762841.0,37048.98,17638.12,1644975040,CNFT/ADA_0.3,0.0,0.0,0.0,900.0
0.112003,303811.32,34027.95,3939.91,1644975040,REVU/ADA_0.3,0.0,0.0,0.0,900.0
0.002583,12208009.89,31534.39,15824.34,1644975040,DRIP/ADA_1.0,0.0,3000.0,7.75,900.0
0.005446,5763067.0,31388.24,1351.73,1644975040,BDOGE/ADA_1.0,0.0,0.0,0.0,900.0
0.019014,1588348.0,30200.87,8257.99,1644975040,QUID/ADA_0.3,0.0,0.0,0.0,900.0
38.608071,750.0,28956.05,3749.41,1644975040,unsi…en/ADA_1.0,0.0,0.0,0.0,900.0
0.000849,33523372.24,28492.08,0.0,1644975040,MONET/ADA_0.3,0.0,0.0,0.0,900.0
0.00073,28254709.0,20626.01,0.0,1644975040,RAG/ADA_1.0,0.0,0.0,0.0,900.0
0.111367,182755.14,20353.06,0.0,1644975040,MINt/ADA_0.05,0.0,0.0,0.0,900.0
0.0,290654481888.0,20021.0,0.0,1644975040,HOSKY/ADA_0.05,0.0,0.0,0.0,900.0
27.758339,721.0,20013.76,532.77,1644975040,XDIA…ND/ADA_1.0,0.0,0.0,0.0,900.0
0.016861,1125784.0,18982.15,0.0,1644975040,GOKEY/ADA_0.3,0.0,0.0,0.0,900.0
0.314679,58841.07,18516.07,0.0,1644975040,MIN/ADA_0.05,0.0,0.0,0.0,900.0
0.150279,116220.0,17465.47,2173.04,1644975040,SKULL/ADA_1.0,0.0,0.0,0.0,900.0
0.436189,39619.0,17281.39,0.0,1644975040,CDX/ADA_1.0,0.0,0.0,0.0,900.0
0.033684,468730.0,15788.9,0.0,1644975040,cMETA/ADA_0.3,0.0,0.0,0.0,900.0
2.188129,6587.41,14414.11,0.0,1644975040,DANA/ADA_0.3,0.0,0.0,0.0,900.0
0.000437,32782346.0,14350.67,12683.56,1644975040,KIDZ/ADA_0.3,-3.999999999999989e-06,141200.0,-61.88999999999942,900.0
0.0,15286442250.0,13281.36,0.0,1644975040,MEOW/ADA_0.3,0.0,0.0,0.0,900.0
0.29463,42561.32,12539.87,2778.36,1644975040,CARGO/ADA_0.3,0.0,0.0,0.0,900.0
0.109167,97819.0,10678.67,0.0,1644975040,Card…rm/ADA_0.3,0.0,0.0,0.0,900.0
0.768512,13807.44,10611.19,0.0,1644975040,WMT/ADA_1.0,0.0,0.0,0.0,900.0
0.046783,201384.98,9421.55,0.0,1644975040,cbTHC/ADA_0.3,0.0,0.0,0.0,900.0
0.001152,8116297.0,9353.26,117.27,1644975040,FLANO/ADA_1.0,-2.5000000000000066e-05,88536.0,-102.1299999999992,900.0
0.739733,25663610.37,18984229.09,642725.12,1644975939,SUNDAE/ADA_0.3,2.599999999997049e-05,-409.19999999925494,363.46000000089407,899.0
105.545002,152305.11,16075043.41,1268276.97,1644975939,LQ/ADA_0.3,0.045453999999992334,52.29999999998836,12439.960000000894,899.0
0.811139,14333374.24,11626370.8,1311000.95,1644975939,WMT/ADA_0.3,0.00033100000000008123,518348.4199999999,425031.2100000009,899.0
0.135759,10998250.03,1493117.92,505749.73,1644975939,MELD/ADA_0.3,0.00010299999999999199,-4169.610000001267,570.25,899.0
0.164202,6562436.0,1077571.51,28791.32,1644975939,XRAY/ADA_0.3,0.0,817.0,134.14999999990687,899.0
0.071042,12855318.0,913278.3,591997.18,1644975939,PAVIA/ADA_0.3,0.0009649999999999936,-88047.0,6235.489999999991,899.0
0.353928,2464569.0,872281.13,63583.46,1644975939,ADAX/ADA_0.3,-0.0005789999999999962,2018.0,-712.6700000000419,899.0
2.01992,382536.03,772692.48,142184.76,1644975939,AADA/ADA_0.3,0.020213999999999954,-1925.719999999972,3881.9199999999255,899.0
1.666299,325405.58,542223.22,47507.24,1644975939,VYFI/ADA_0.3,0.000264000000000042,-25.729999999981374,43.0,899.0
6.654649,49903.0,332086.99,125326.69,1644975939,MILK/ADA_0.3,-0.010932000000000386,41.0,-272.25,899.0
0.115205,1736509.01,200055.8,66358.56,1644975939,MINt/ADA_0.3,0.0,364.9799999999814,42.039999999979045,899.0
0.033909,5720424.38,193977.49,11644.5,1644975939,CLAP/ADA_0.3,0.0,4000.1899999994785,135.64999999999418,899.0
0.0,6833883678251.0,154490.8,1104.68,1644975939,CHRLZ/ADA_0.3,0.0,0.0,0.0,899.0
2.155672,70581.93,152151.54,99077.25,1644975939,DANA/ADA_0.05,-0.010619000000000156,173.25999999999476,-374.1900000000023,899.0
0.812871,175598.3,142738.87,2799.33,1644975939,WMT/ADA_0.05,0.0,-50.0,-40.64000000001397,899.0
0.005448,21390338.0,116542.69,7062.84,1644975939,RAVE/ADA_1.0,0.0,0.0,0.0,899.0
3.3e-05,3287491101.83,110391.59,0.0,1644975939,ASHIB/ADA_1.0,0.0,0.0,0.0,899.0
0.0,96878406717803.0,96411.86,2741.08,1644975939,BISON/ADA_0.3,0.0,0.0,0.0,899.0
0.0344,2650884.0,91192.32,8905.01,1644975939,FIRE/ADA_0.3,0.0,0.0,0.0,899.0
0.0,911933857472.0,74309.52,43923.93,1644975939,HOSKY/ADA_0.3,0.0,15000000000.0,-1238.9899999999907,899.0
0.326311,225559.05,73602.57,78058.85,1644975939,MIN/ADA_0.3,-0.01067499999999999,3606.649999999994,-1192.429999999993,899.0
0.688636,100794.87,69411.03,1486.74,1644975939,SUNDAE/ADA_0.05,0.0,470.75,324.179999999993,899.0
0.006193,9014359.0,55832.25,11069.7,1644975939,FLICK/ADA_0.3,0.0,0.0,0.0,899.0
0.708963,77897.52,55226.51,0.0,1644975939,SUNDAE/ADA_1.0,0.0,0.0,0.0,899.0
0.084944,542926.0,46118.38,9484.19,1644975939,cNETA/ADA_0.3,0.0,0.0,0.0,899.0
0.131209,316117.61,41477.69,2517.04,1644975939,MELD/ADA_1.0,0.0,-5586.5,-733.0,899.0
0.009952,3742639.0,37249.57,17839.31,1644975939,CNFT/ADA_0.3,0.00010600000000000019,-20202.0,200.5899999999965,899.0
0.10873,308356.52,33527.86,4440.0,1644975939,REVU/ADA_0.3,-0.003273000000000012,4545.200000000012,-500.0899999999965,899.0
0.002583,12208009.89,31534.39,15824.34,1644975939,DRIP/ADA_1.0,0.0,0.0,0.0,899.0
0.005446,5763067.0,31388.24,1351.73,1644975939,BDOGE/ADA_1.0,0.0,0.0,0.0,899.0
0.018777,1598348.0,30012.48,8257.99,1644975939,QUID/ADA_0.3,-0.0002370000000000011,10000.0,-188.38999999999942,899.0
38.608071,750.0,28956.05,3749.41,1644975939,unsi…en/ADA_1.0,0.0,0.0,0.0,899.0
0.000849,33523372.24,28492.08,0.0,1644975939,MONET/ADA_0.3,0.0,0.0,0.0,899.0
0.00073,28254709.0,20626.01,0.0,1644975939,RAG/ADA_1.0,0.0,0.0,0.0,899.0
0.111367,182755.14,20353.06,0.0,1644975939,MINt/ADA_0.05,0.0,0.0,0.0,899.0
27.836698,720.0,20042.42,561.72,1644975939,XDIA…ND/ADA_1.0,0.07835899999999896,-1.0,28.659999999999854,899.0
0.0,290654481888.0,20021.0,0.0,1644975939,HOSKY/ADA_0.05,0.0,0.0,0.0,899.0
0.016861,1125784.0,18982.15,0.0,1644975939,GOKEY/ADA_0.3,0.0,0.0,0.0,899.0
0.314679,58841.07,18516.07,0.0,1644975939,MIN/ADA_0.05,0.0,0.0,0.0,899.0
0.150279,116220.0,17465.47,2173.04,1644975939,SKULL/ADA_1.0,0.0,0.0,0.0,899.0
0.436189,39619.0,17281.39,0.0,1644975939,CDX/ADA_1.0,0.0,0.0,0.0,899.0
0.033684,468730.0,15788.9,0.0,1644975939,cMETA/ADA_0.3,0.0,0.0,0.0,899.0
2.188129,6587.41,14414.11,0.0,1644975939,DANA/ADA_0.3,0.0,0.0,0.0,899.0
0.000437,32782346.0,14350.67,12683.56,1644975939,KIDZ/ADA_0.3,0.0,0.0,0.0,899.0
0.0,15357894853.0,13343.44,3657.17,1644975939,MEOW/ADA_0.3,0.0,71452603.0,62.07999999999993,899.0
0.284529,43311.32,12323.36,2994.87,1644975939,CARGO/ADA_0.3,-0.010101000000000027,750.0,-216.51000000000022,899.0
0.109167,97819.0,10678.67,0.0,1644975939,Card…rm/ADA_0.3,0.0,0.0,0.0,899.0
0.768512,13807.44,10611.19,0.0,1644975939,WMT/ADA_1.0,0.0,0.0,0.0,899.0
0.046783,201384.98,9421.55,0.0,1644975939,cbTHC/ADA_0.3,0.0,0.0,0.0,899.0
0.001152,8116297.0,9353.26,117.27,1644975939,FLANO/ADA_1.0,0.0,0.0,0.0,899.0
0.739878,25663819.41,18988106.59,644595.02,1644976840,SUNDAE/ADA_0.3,0.00014500000000006175,209.03999999910593,3877.5,900.0
105.537808,152336.72,16077283.81,1269836.88,1644976840,LQ/ADA_0.3,-0.007193999999998368,31.610000000015134,2240.4000000003725,900.0
0.812082,14325612.8,11633580.45,1317785.84,1644976840,WMT/ADA_0.3,0.0009429999999999161,-7761.4399999994785,7209.64999999851,900.0
0.135765,10998164.42,1493171.64,505782.55,1644976840,MELD/ADA_0.3,6.0000000000060005e-06,-85.60999999940395,53.71999999997206,900.0
0.164264,6561219.0,1077772.4,29091.18,1644976840,XRAY/ADA_0.3,6.20000000000065e-05,-1217.0,200.88999999989755,900.0
0.072052,12765088.0,919756.83,599449.7,1644976840,PAVIA/ADA_0.3,0.0010100000000000109,-90230.0,6478.5299999999115,900.0
0.353928,2464569.0,872281.13,63583.46,1644976840,ADAX/ADA_0.3,0.0,0.0,0.0,900.0
2.026277,381936.45,773909.14,143405.07,1644976840,AADA/ADA_0.3,0.006356999999999946,-599.5800000000163,1216.6600000000326,900.0
1.667527,325285.96,542423.22,47707.84,1644976840,VYFI/ADA_0.3,0.0012280000000000069,-119.61999999999534,200.0,900.0
6.721454,49655.0,333753.82,127064.96,1644976840,MILK/ADA_0.3,0.06680499999999956,-248.0,1666.8300000000163,900.0
0.115205,1736509.01,200055.8,66328.75,1644976840,MINt/ADA_0.3,0.0,0.0,0.0,900.0
0.033909,5720424.38,193977.49,11377.53,1644976840,CLAP/ADA_0.3,0.0,0.0,0.0,900.0
0.0,6833883678251.0,154490.8,1104.68,1644976840,CHRLZ/ADA_0.3,0.0,0.0,0.0,900.0
2.196229,69927.34,153576.54,96292.1,1644976840,DANA/ADA_0.05,0.040557000000000176,-654.5899999999965,1425.0,900.0
0.812871,175598.3,142738.87,1398.63,1644976840,WMT/ADA_0.05,0.0,0.0,0.0,900.0
0.005494,21299870.0,117042.69,7419.37,1644976840,RAVE/ADA_1.0,4.6000000000000034e-05,-90468.0,500.0,900.0
3.3e-05,3287503101.83,110391.99,3290.03,1644976840,ASHIB/ADA_1.0,0.0,12000.0,0.40000000000873115,900.0
0.0,96878406717803.0,96411.86,2741.08,1644976840,BISON/ADA_0.3,0.0,0.0,0.0,900.0
0.0344,2650884.0,91192.32,8793.68,1644976840,FIRE/ADA_0.3,0.0,0.0,0.0,900.0
0.0,908537732265.0,74231.88,41935.85,1644976840,HOSKY/ADA_0.3,0.0,-3396125207.0,-77.63999999999942,900.0
0.329328,224524.99,73942.57,77396.87,1644976840,MIN/ADA_0.3,0.003016999999999992,-1034.0599999999977,340.0,900.0
0.688636,100794.87,69411.03,1486.74,1644976840,SUNDAE/ADA_0.05,0.0,0.0,0.0,900.0
0.006193,9014359.0,55832.25,3170.7,1644976840,FLICK/ADA_0.3,0.0,0.0,0.0,900.0
0.708963,77897.52,55226.51,0.0,1644976840,SUNDAE/ADA_1.0,0.0,0.0,0.0,900.0
0.088067,533226.0,46959.88,10207.85,1644976840,cNETA/ADA_0.3,0.0031230000000000008,-9700.0,841.5,900.0
0.131209,302268.63,39660.57,2517.04,1644976840,MELD/ADA_1.0,0.0,-13848.979999999981,-1817.1200000000026,900.0
0.009952,3742639.0,37249.57,17839.31,1644976840,CNFT/ADA_0.3,0.0,0.0,0.0,900.0
0.10873,308356.52,33527.86,4440.0,1644976840,REVU/ADA_0.3,0.0,0.0,0.0,900.0
0.002583,12213009.89,31547.3,15674.53,1644976840,DRIP/ADA_1.0,0.0,5000.0,12.909999999999854,900.0
0.005446,5763067.0,31388.24,1351.73,1644976840,BDOGE/ADA_1.0,0.0,0.0,0.0,900.0
0.018777,1598348.0,30012.48,8257.99,1644976840,QUID/ADA_0.3,0.0,0.0,0.0,900.0
38.608071,750.0,28956.05,3749.41,1644976840,unsi…en/ADA_1.0,0.0,0.0,0.0,900.0
0.000849,33523372.24,28492.08,0.0,1644976840,MONET/ADA_0.3,0.0,0.0,0.0,900.0
0.00073,28254709.0,20626.01,0.0,1644976840,RAG/ADA_1.0,0.0,0.0,0.0,900.0
0.111367,182755.14,20353.06,0.0,1644976840,MINt/ADA_0.05,0.0,0.0,0.0,900.0
27.915296,719.0,20071.09,590.68,1644976840,XDIA…ND/ADA_1.0,0.07859800000000305,-1.0,28.67000000000189,900.0
0.0,290654481888.0,20021.0,0.0,1644976840,HOSKY/ADA_0.05,0.0,0.0,0.0,900.0
0.016861,1125784.0,18982.15,0.0,1644976840,GOKEY/ADA_0.3,0.0,0.0,0.0,900.0
0.314679,58841.07,18516.07,0.0,1644976840,MIN/ADA_0.05,0.0,0.0,0.0,900.0
0.150279,116220.0,17465.47,2051.84,1644976840,SKULL/ADA_1.0,0.0,0.0,0.0,900.0
0.436189,39685.0,17310.18,1813.69,1644976840,CDX/ADA_1.0,0.0,66.0,28.790000000000873,900.0
0.033684,468730.0,15788.9,0.0,1644976840,cMETA/ADA_0.3,0.0,0.0,0.0,900.0
0.00045,32333084.0,14550.67,12884.16,1644976840,KIDZ/ADA_0.3,1.299999999999999e-05,-449262.0,200.0,900.0
2.188129,6587.41,14414.11,0.0,1644976840,DANA/ADA_0.3,0.0,0.0,0.0,900.0
0.0,15357894853.0,13343.44,3442.01,1644976840,MEOW/ADA_0.3,0.0,0.0,0.0,900.0
0.284529,43861.32,12479.85,2955.32,1644976840,CARGO/ADA_0.3,0.0,550.0,156.48999999999978,900.0
0.109167,97819.0,10678.67,0.0,1644976840,Card…rm/ADA_0.3,0.0,0.0,0.0,900.0
0.768512,13807.44,10611.19,0.0,1644976840,WMT/ADA_1.0,0.0,0.0,0.0,900.0
0.046783,201384.98,9421.55,0.0,1644976840,cbTHC/ADA_0.3,0.0,0.0,0.0,900.0
0.001152,8116297.0,9353.26,117.27,1644976840,FLANO/ADA_1.0,0.0,0.0,0.0,900.0
0.739914,25684191.52,19004116.91,640192.66,1644977739,SUNDAE/ADA_0.3,3.599999999992498e-05,20372.109999999404,16010.320000000298,899.0
105.354053,152508.5,16067388.69,1250291.62,1644977739,LQ/ADA_0.3,-0.183755000000005,171.77999999999884,-9895.120000001043,899.0
0.812476,14322177.23,11636427.63,1081512.15,1644977739,WMT/ADA_0.3,0.00039400000000000546,-3435.570000000298,2847.1800000015646,899.0
0.134962,11036136.08,1489461.27,497554.99,1644977739,MELD/ADA_0.3,-0.0008029999999999982,37971.66000000015,-3710.369999999879,899.0
0.164264,6561519.0,1077821.66,27845.06,1644977739,XRAY/ADA_0.3,0.0,300.0,49.26000000000931,899.0
0.072699,12704455.0,923607.84,603259.55,1644977739,PAVIA/ADA_0.3,0.0006469999999999948,-60633.0,3851.0100000000093,899.0
0.353928,2464569.0,872281.13,61358.89,1644977739,ADAX/ADA_0.3,0.0,0.0,0.0,899.0
2.020973,382438.03,772897.16,135934.28,1644977739,AADA/ADA_0.3,-0.005303999999999753,501.5800000000163,-1011.9799999999814,899.0
1.667527,325285.96,542423.22,47707.84,1644977739,VYFI/ADA_0.3,0.0,0.0,0.0,899.0
6.720346,49679.0,333860.11,127091.77,1644977739,MILK/ADA_0.3,-0.0011079999999994428,24.0,106.28999999997905,899.0
0.033909,5720424.38,193977.49,11377.53,1644977739,CLAP/ADA_0.3,0.0,0.0,0.0,899.0
0.10658,1805509.01,192432.46,73952.09,1644977739,MINt/ADA_0.3,-0.008625000000000008,69000.0,-7623.3399999999965,899.0
0.0,6833883678251.0,154490.8,1104.68,1644977739,CHRLZ/ADA_0.3,0.0,0.0,0.0,899.0
2.17786,70221.9,152933.53,98648.96,1644977739,DANA/ADA_0.05,-0.018369000000000302,294.5599999999977,-643.0100000000093,899.0
0.812871,176299.35,143308.74,1398.63,1644977739,WMT/ADA_0.05,0.0,701.0500000000175,569.8699999999953,899.0
0.005494,21302870.0,117059.17,7419.37,1644977739,RAVE/ADA_1.0,0.0,3000.0,16.479999999995925,899.0
3.3e-05,3287503101.83,110391.99,3290.03,1644977739,ASHIB/ADA_1.0,0.0,0.0,0.0,899.0
0.0,96878406717803.0,96411.86,2741.08,1644977739,BISON/ADA_0.3,0.0,0.0,0.0,899.0
0.033142,2704384.0,89629.45,10476.94,1644977739,FIRE/ADA_0.3,-0.0012580000000000022,53500.0,-1562.87000000001,899.0
0.337388,221831.2,74843.19,78300.19,1644977739,MIN/ADA_0.3,0.008060000000000012,-2693.789999999979,900.6199999999953,899.0
0.0,962100625041.0,70110.99,46056.74,1644977739,HOSKY/ADA_0.3,0.0,53562892776.0,-4120.889999999999,899.0
0.688636,100179.2,68987.06,1486.74,1644977739,SUNDAE/ADA_0.05,0.0,-615.6699999999983,-423.97000000000116,899.0
0.006193,9014359.0,55832.25,3170.7,1644977739,FLICK/ADA_0.3,0.0,0.0,0.0,899.0
0.708963,77920.3,55242.66,2822.29,1644977739,SUNDAE/ADA_1.0,0.0,22.779999999998836,16.150000000001455,899.0
0.088067,533226.0,46959.88,10207.85,1644977739,cNETA/ADA_0.3,0.0,0.0,0.0,899.0
0.131209,302268.63,39660.57,2517.04,1644977739,MELD/ADA_1.0,0.0,0.0,0.0,899.0
0.009952,3742639.0,37249.57,17839.31,1644977739,CNFT/ADA_0.3,0.0,0.0,0.0,899.0
0.10873,308356.52,33527.86,4440.0,1644977739,REVU/ADA_0.3,0.0,0.0,0.0,899.0
0.00257,12248009.89,31488.74,15748.51,1644977739,DRIP/ADA_1.0,-1.299999999999999e-05,35000.0,-58.55999999999767,899.0
0.005446,5763067.0,31388.24,1351.73,1644977739,BDOGE/ADA_1.0,0.0,0.0,0.0,899.0
0.018777,1598348.0,30012.48,8257.99,1644977739,QUID/ADA_0.3,0.0,0.0,0.0,899.0
39.712248,740.0,29387.06,4184.73,1644977739,unsi…en/ADA_1.0,1.104177,-10.0,431.01000000000204,899.0
0.000849,33523372.24,28492.08,0.0,1644977739,MONET/ADA_0.3,0.0,0.0,0.0,899.0
0.0,273609790556.0,21269.14,2668.9,1644977739,HOSKY/ADA_0.05,0.0,-17044691332.0,1248.1399999999994,899.0
0.00073,28254709.0,20626.01,0.0,1644977739,RAG/ADA_1.0,0.0,0.0,0.0,899.0
0.111367,182755.14,20353.06,0.0,1644977739,MINt/ADA_0.05,0.0,0.0,0.0,899.0
27.994223,718.0,20099.85,619.72,1644977739,XDIA…ND/ADA_1.0,0.07892700000000019,-1.0,28.7599999999984,899.0
0.016861,1124205.0,18955.52,160.48,1644977739,GOKEY/ADA_0.3,0.0,-1579.0,-26.63000000000102,899.0
0.314679,58841.07,18516.07,0.0,1644977739,MIN/ADA_0.05,0.0,0.0,0.0,899.0
0.150279,116220.0,17465.47,2051.84,1644977739,SKULL/ADA_1.0,0.0,0.0,0.0,899.0
0.436189,39685.0,17310.18,1813.69,1644977739,CDX/ADA_1.0,0.0,0.0,0.0,899.0
0.033684,468730.0,15788.9,0.0,1644977739,cMETA/ADA_0.3,0.0,0.0,0.0,899.0
0.00045,32333084.0,14550.67,12884.16,1644977739,KIDZ/ADA_0.3,0.0,0.0,0.0,899.0
2.188129,6587.41,14414.11,0.0,1644977739,DANA/ADA_0.3,0.0,0.0,0.0,899.0
0.0,15286442251.0,13281.36,3442.01,1644977739,MEOW/ADA_0.3,0.0,-71452602.0,-62.07999999999993,899.0
0.284529,43861.32,12479.85,2955.32,1644977739,CARGO/ADA_0.3,0.0,0.0,0.0,899.0
0.109167,97819.0,10678.67,0.0,1644977739,Card…rm/ADA_0.3,0.0,0.0,0.0,899.0
0.768512,13807.44,10611.19,0.0,1644977739,WMT/ADA_1.0,0.0,0.0,0.0,899.0
0.046783,201384.98,9421.55,0.0,1644977739,cbTHC/ADA_0.3,0.0,0.0,0.0,899.0
0.001152,8116297.0,9353.26,117.27,1644977739,FLANO/ADA_1.0,0.0,0.0,0.0,899.0
0.740029,25683546.95,19006593.96,641677.84,1644978639,SUNDAE/ADA_0.3,0.00011500000000008725,-644.570000000298,2477.050000000745,900.0
105.300445,152564.4,16065099.58,1257824.45,1644978639,LQ/ADA_0.3,-0.05360799999999699,55.89999999999418,-2289.109999999404,900.0
0.813266,14318889.4,11645067.07,1082675.63,1644978639,WMT/ADA_0.3,0.0007900000000000684,-3287.8300000000745,8639.439999999478,900.0
0.133945,11078037.09,1483849.06,505035.27,1644978639,MELD/ADA_0.3,-0.0010169999999999901,41901.00999999978,-5612.209999999963,900.0
0.164264,6561519.0,1077821.66,27845.06,1644978639,XRAY/ADA_0.3,0.0,0.0,0.0,900.0
0.073336,12649209.0,927654.71,613492.32,1644978639,PAVIA/ADA_0.3,0.0006369999999999987,-55246.0,4046.8699999999953,900.0
0.352297,2470277.0,870271.6,63368.41,1644978639,ADAX/ADA_0.3,-0.0016309999999999936,5708.0,-2009.530000000028,900.0
2.0013,384316.36,769132.41,140189.24,1644978639,AADA/ADA_0.3,-0.01967300000000005,1878.329999999958,-3764.75,900.0
1.668908,325151.49,542648.22,47933.52,1644978639,VYFI/ADA_0.3,0.0013810000000000766,-134.47000000003027,225.0,900.0
6.720346,49679.0,333860.11,128094.77,1644978639,MILK/ADA_0.3,0.0,0.0,0.0,900.0
0.033909,5720424.38,193977.49,11377.53,1644978639,CLAP/ADA_0.3,0.0,0.0,0.0,900.0
0.107134,1800843.89,192932.46,75456.59,1644978639,MINt/ADA_0.3,0.0005539999999999989,-4665.120000000112,500.0,900.0
0.0,6833883678251.0,154490.8,1104.68,1644978639,CHRLZ/ADA_0.3,0.0,0.0,0.0,900.0
2.166187,70410.9,152523.22,99059.27,1644978639,DANA/ADA_0.05,-0.011673000000000044,189.0,-410.3099999999977,900.0
0.812871,176399.35,143390.03,1398.63,1644978639,WMT/ADA_0.05,0.0,100.0,81.29000000000815,900.0
0.005494,21302870.0,117059.17,7419.37,1644978639,RAVE/ADA_1.0,0.0,0.0,0.0,900.0
3.3e-05,3287507101.83,110392.13,3290.03,1644978639,ASHIB/ADA_1.0,0.0,4000.0,0.13999999999941792,900.0
0.0,96844267657987.0,96377.89,2741.08,1644978639,BISON/ADA_0.3,0.0,-34139059816.0,-33.970000000001164,900.0
0.033142,2704384.0,89629.45,10476.94,1644978639,FIRE/ADA_0.3,0.0,0.0,0.0,900.0
0.337388,221831.2,74843.19,78300.19,1644978639,MIN/ADA_0.3,0.0,0.0,0.0,900.0
0.688636,100168.35,68979.59,1486.74,1644978639,SUNDAE/ADA_0.05,0.0,-10.849999999991269,-7.470000000001164,900.0
0.0,979147316373.0,68893.98,47273.75,1644978639,HOSKY/ADA_0.3,0.0,17046691332.0,-1217.0100000000093,900.0
0.006193,9014359.0,55832.25,3170.7,1644978639,FLICK/ADA_0.3,0.0,0.0,0.0,900.0
0.708963,77920.3,55242.66,2822.29,1644978639,SUNDAE/ADA_1.0,0.0,0.0,0.0,900.0
0.088067,533226.0,46959.88,10207.85,1644978639,cNETA/ADA_0.3,0.0,0.0,0.0,900.0
0.131209,302268.63,39660.57,2517.04,1644978639,MELD/ADA_1.0,0.0,0.0,0.0,900.0
0.009952,3742639.0,37249.57,17839.31,1644978639,CNFT/ADA_0.3,0.0,0.0,0.0,900.0
0.10873,308356.52,33527.86,4440.0,1644978639,REVU/ADA_0.3,0.0,0.0,0.0,900.0
0.00257,12240734.95,31470.04,15773.95,1644978639,DRIP/ADA_1.0,0.0,-7274.940000001341,-18.700000000000728,900.0
0.005446,5763067.0,31388.24,1351.73,1644978639,BDOGE/ADA_1.0,0.0,0.0,0.0,900.0
0.018777,1598348.0,30012.48,8257.99,1644978639,QUID/ADA_0.3,0.0,0.0,0.0,900.0
39.712248,740.0,29387.06,4184.73,1644978639,unsi…en/ADA_1.0,0.0,0.0,0.0,900.0
0.000849,33523372.24,28492.08,0.0,1644978639,MONET/ADA_0.3,0.0,0.0,0.0,900.0
0.0,273609790556.0,21269.14,2668.9,1644978639,HOSKY/ADA_0.05,0.0,0.0,0.0,900.0
0.00073,28254709.0,20626.01,0.0,1644978639,RAG/ADA_1.0,0.0,0.0,0.0,900.0
0.111367,182755.14,20353.06,0.0,1644978639,MINt/ADA_0.05,0.0,0.0,0.0,900.0
28.073427,717.0,20128.64,648.8,1644978639,XDIA…ND/ADA_1.0,0.07920399999999717,-1.0,28.790000000000873,900.0
0.73576,27291.29,20079.85,10578.12,1644978639,CARGO/ADA_0.3,0.451231,-16570.03,7599.999999999998,900.0
0.016861,1124205.0,18955.52,160.48,1644978639,GOKEY/ADA_0.3,0.0,0.0,0.0,900.0
0.314679,58841.07,18516.07,0.0,1644978639,MIN/ADA_0.05,0.0,0.0,0.0,900.0
0.150279,116220.0,17465.47,2051.84,1644978639,SKULL/ADA_1.0,0.0,0.0,0.0,900.0
0.436189,39685.0,17310.18,1813.69,1644978639,CDX/ADA_1.0,0.0,0.0,0.0,900.0
0.032596,476503.0,15532.1,2830.93,1644978639,cMETA/ADA_0.3,-0.0010879999999999987,7773.0,-256.7999999999993,900.0
0.00045,32333084.0,14550.67,12884.16,1644978639,KIDZ/ADA_0.3,0.0,0.0,0.0,900.0
2.188129,6587.41,14414.11,0.0,1644978639,DANA/ADA_0.3,0.0,0.0,0.0,900.0
0.0,15886200221.0,12781.39,3941.98,1644978639,MEOW/ADA_0.3,0.0,599757970.0,-499.97000000000116,900.0
0.109,97894.0,10670.52,58.24,1644978639,Card…rm/ADA_0.3,-0.00016700000000000048,75.0,-8.149999999999636,900.0
0.768512,13807.44,10611.19,0.0,1644978639,WMT/ADA_1.0,0.0,0.0,0.0,900.0
0.046783,201384.98,9421.55,0.0,1644978639,cbTHC/ADA_0.3,0.0,0.0,0.0,900.0
0.001152,8116297.0,9353.26,117.27,1644978639,FLANO/ADA_1.0,0.0,0.0,0.0,900.0
0.740094,25683411.54,19008160.33,642514.89,1644979540,SUNDAE/ADA_0.3,6.499999999998174e-05,-135.410000000149,1566.3699999973178,900.0
105.240389,152612.74,16061024.6,1263749.4,1644979540,LQ/ADA_0.3,-0.060056000000002996,48.33999999999651,-4074.980000000447,900.0
0.813637,14317372.01,11649152.6,1085347.63,1644979540,WMT/ADA_0.3,0.0003710000000000102,-1517.390000000596,4085.5299999993294,900.0
0.134158,11070256.69,1485170.26,508114.32,1644979540,MELD/ADA_0.3,0.00021299999999999097,-7780.4000000003725,1321.1999999999534,900.0
0.164264,6561519.0,1077821.66,27845.06,1644979540,XRAY/ADA_0.3,0.0,0.0,0.0,900.0
0.074018,12586118.0,931610.27,622038.68,1644979540,PAVIA/ADA_0.3,0.000682000000000002,-63091.0,3955.560000000056,900.0
0.352297,2470277.0,870271.6,63368.41,1644979540,ADAX/ADA_0.3,0.0,0.0,0.0,900.0
2.0013,384316.36,769132.41,140189.24,1644979540,AADA/ADA_0.3,0.0,0.0,0.0,900.0
1.670235,325022.5,542864.22,48318.11,1644979540,VYFI/ADA_0.3,0.001326999999999856,-128.9899999999907,216.0,900.0
6.760474,49539.0,334907.15,128094.77,1644979540,MILK/ADA_0.3,0.040128000000000164,-140.0,1047.0400000000373,900.0
0.033909,5720424.38,193977.49,11377.53,1644979540,CLAP/ADA_0.3,0.0,0.0,0.0,900.0
0.107645,1796585.67,193394.35,75994.7,1644979540,MINt/ADA_0.3,0.0005110000000000114,-4258.219999999972,461.89000000001397,900.0
0.0,6833883678251.0,154490.8,1104.68,1644979540,CHRLZ/ADA_0.3,0.0,0.0,0.0,900.0
2.154608,70599.9,152115.11,99467.38,1644979540,DANA/ADA_0.05,-0.011578999999999784,189.0,-408.11000000001513,900.0
0.812871,176399.35,143390.03,1398.63,1644979540,WMT/ADA_0.05,0.0,0.0,0.0,900.0
0.005494,21302870.0,117059.17,7419.37,1644979540,RAVE/ADA_1.0,0.0,0.0,0.0,900.0
3.3e-05,3287507101.83,110392.13,3290.03,1644979540,ASHIB/ADA_1.0,0.0,0.0,0.0,900.0
0.0,96844267657987.0,96377.89,2741.08,1644979540,BISON/ADA_0.3,0.0,0.0,0.0,900.0
0.033142,2704384.0,89629.45,10476.94,1644979540,FIRE/ADA_0.3,0.0,0.0,0.0,900.0
0.337388,221831.2,74843.19,78300.19,1644979540,MIN/ADA_0.3,0.0,0.0,0.0,900.0
0.688636,101719.29,70047.62,1486.74,1644979540,SUNDAE/ADA_0.05,0.0,1550.9399999999878,1068.0299999999988,900.0
0.0,980461791622.0,68822.12,47355.75,1644979540,HOSKY/ADA_0.3,0.0,1314475249.0,-71.86000000000058,900.0
0.006193,9014359.0,55832.25,3170.7,1644979540,FLICK/ADA_0.3,0.0,0.0,0.0,900.0
0.708963,77920.3,55242.66,2822.29,1644979540,SUNDAE/ADA_1.0,0.0,0.0,0.0,900.0
0.088067,533226.0,46959.88,10207.85,1644979540,cNETA/ADA_0.3,0.0,0.0,0.0,900.0
0.131209,302268.63,39660.57,2517.04,1644979540,MELD/ADA_1.0,0.0,0.0,0.0,900.0
0.010125,3710665.0,37571.52,18162.23,1644979540,CNFT/ADA_0.3,0.00017299999999999954,-31974.0,321.9499999999971,900.0
0.10873,308356.52,33527.86,4440.0,1644979540,REVU/ADA_0.3,0.0,0.0,0.0,900.0
0.002562,12261734.95,31416.68,15801.87,1644979540,DRIP/ADA_1.0,-7.99999999999976e-06,21000.0,-53.36000000000058,900.0
0.005446,5763067.0,31388.24,1351.73,1644979540,BDOGE/ADA_1.0,0.0,0.0,0.0,900.0
0.018777,1598354.0,30012.6,8257.99,1644979540,QUID/ADA_0.3,0.0,6.0,0.11999999999898137,900.0
39.712248,740.0,29387.06,4184.73,1644979540,unsi…en/ADA_1.0,0.0,0.0,0.0,900.0
0.000849,33527130.3,28488.89,184.73,1644979540,MONET/ADA_0.3,0.0,3758.060000002384,-3.1900000000023283,900.0
0.0,273609790556.0,21269.14,2668.9,1644979540,HOSKY/ADA_0.05,0.0,0.0,0.0,900.0
0.00073,28254709.0,20626.01,0.0,1644979540,RAG/ADA_1.0,0.0,0.0,0.0,900.0
0.111367,182755.14,20353.06,0.0,1644979540,MINt/ADA_0.05,0.0,0.0,0.0,900.0
28.073427,717.0,20128.64,648.8,1644979540,XDIA…ND/ADA_1.0,0.0,0.0,0.0,900.0
0.730406,27391.29,20006.76,10651.21,1644979540,CARGO/ADA_0.3,-0.00535399999999997,100.0,-73.09000000000015,900.0
0.33155,57324.81,19006.07,1138.06,1644979540,MIN/ADA_0.05,0.016871000000000025,-1516.260000000002,490.0,900.0
0.016814,1125784.0,18929.01,186.99,1644979540,GOKEY/ADA_0.3,-4.70000000000019e-05,1579.0,-26.510000000002037,900.0
0.150279,116220.0,17465.47,2051.84,1644979540,SKULL/ADA_1.0,0.0,0.0,0.0,900.0
0.436189,39685.0,17310.18,1813.69,1644979540,CDX/ADA_1.0,0.0,0.0,0.0,900.0
0.032596,476503.0,15532.1,2830.93,1644979540,cMETA/ADA_0.3,0.0,0.0,0.0,900.0
0.00045,32333084.0,14550.67,12884.16,1644979540,KIDZ/ADA_0.3,0.0,0.0,0.0,900.0
2.188129,6587.41,14414.11,0.0,1644979540,DANA/ADA_0.3,0.0,0.0,0.0,900.0
0.0,15759581211.0,12884.39,4045.29,1644979540,MEOW/ADA_0.3,0.0,-126619010.0,103.0,900.0
0.109,97894.0,10670.52,58.24,1644979540,Card…rm/ADA_0.3,0.0,0.0,0.0,900.0
0.768512,13807.44,10611.19,0.0,1644979540,WMT/ADA_1.0,0.0,0.0,0.0,900.0
0.046783,201384.98,9421.55,0.0,1644979540,cbTHC/ADA_0.3,0.0,0.0,0.0,900.0
0.001152,8116297.0,9353.26,117.27,1644979540,FLANO/ADA_1.0,0.0,0.0,0.0,900.0
0.742513,25642526.1,19039919.03,681115.42,1644980443,SUNDAE/ADA_0.3,0.002418999999999949,-40885.439999997616,31758.70000000298,903.0
104.745959,152973.54,16023361.21,1303507.73,1644980443,LQ/ADA_0.3,-0.49442999999999415,360.80000000001746,-37663.38999999873,903.0
0.81453,14310670.92,11656478.67,1091766.83,1644980443,WMT/ADA_0.3,0.0008929999999999216,-6701.089999999851,7326.070000000298,903.0
0.134695,11041872.43,1487293.81,512540.79,1644980443,MELD/ADA_0.3,0.0005370000000000097,-28384.259999999776,2123.5500000000466,903.0
0.164264,6561519.0,1077821.66,27845.06,1644980443,XRAY/ADA_0.3,0.0,0.0,0.0,903.0
0.074237,12565821.0,932853.73,624652.93,1644980443,PAVIA/ADA_0.3,0.00021899999999999697,-20297.0,1243.4599999999627,903.0
0.352297,2470277.0,870271.6,63368.41,1644980443,ADAX/ADA_0.3,0.0,0.0,0.0,903.0
2.0013,384316.36,769132.41,140189.24,1644980443,AADA/ADA_0.3,0.0,0.0,0.0,903.0
1.671264,324922.58,543031.66,48486.06,1644980443,VYFI/ADA_0.3,0.0010290000000001687,-99.9199999999837,167.44000000006054,903.0
6.746869,49589.0,334570.48,128431.44,1644980443,MILK/ADA_0.3,-0.01360500000000009,50.0,-336.6700000000419,903.0
0.108862,1786529.85,194486.18,75318.75,1644980443,MINt/ADA_0.3,0.0012169999999999959,-10055.819999999832,1091.8299999999872,903.0
0.033909,5720424.38,193977.49,11377.53,1644980443,CLAP/ADA_0.3,0.0,0.0,0.0,903.0
0.0,6833883678251.0,154490.8,1104.68,1644980443,CHRLZ/ADA_0.3,0.0,0.0,0.0,903.0
2.157441,70171.96,151391.89,98674.06,1644980443,DANA/ADA_0.05,0.0028329999999998634,-427.9399999999878,-723.2199999999721,903.0
0.812871,176399.35,143390.03,1398.63,1644980443,WMT/ADA_0.05,0.0,0.0,0.0,903.0
0.005496,21299268.0,117079.17,6858.95,1644980443,RAVE/ADA_1.0,2.0000000000002655e-06,-3602.0,20.0,903.0
3.3e-05,3287507101.83,110392.13,3189.03,1644980443,ASHIB/ADA_1.0,0.0,0.0,0.0,903.0
0.0,96844267657987.0,96377.89,2540.48,1644980443,BISON/ADA_0.3,0.0,0.0,0.0,903.0
0.033142,2704384.0,89629.45,10075.74,1644980443,FIRE/ADA_0.3,0.0,0.0,0.0,903.0
0.332514,223453.33,74301.49,77884.75,1644980443,MIN/ADA_0.3,-0.004874000000000045,1622.1299999999756,-541.6999999999971,903.0
0.688636,101732.76,70056.89,1486.74,1644980443,SUNDAE/ADA_0.05,0.0,13.470000000001164,9.270000000004075,903.0
0.0,971050813848.0,69491.12,47824.5,1644980443,HOSKY/ADA_0.3,0.0,-9410977774.0,669.0,903.0
0.006193,9014359.0,55832.25,2742.39,1644980443,FLICK/ADA_0.3,0.0,0.0,0.0,903.0
0.708963,77920.3,55242.66,2822.29,1644980443,SUNDAE/ADA_1.0,0.0,0.0,0.0,903.0
0.088067,533226.0,46959.88,9505.82,1644980443,cNETA/ADA_0.3,0.0,0.0,0.0,903.0
0.131209,302268.63,39660.57,2517.04,1644980443,MELD/ADA_1.0,0.0,0.0,0.0,903.0
0.010125,3710665.0,37571.52,18162.23,1644980443,CNFT/ADA_0.3,0.0,0.0,0.0,903.0
0.10873,308356.52,33527.86,4440.0,1644980443,REVU/ADA_0.3,0.0,0.0,0.0,903.0
0.002561,12265734.95,31421.83,14479.18,1644980443,DRIP/ADA_1.0,-1.0000000000001327e-06,4000.0,5.150000000001455,903.0
0.005446,5763067.0,31388.24,1351.73,1644980443,BDOGE/ADA_1.0,0.0,0.0,0.0,903.0
0.018777,1598366.0,30012.82,8257.99,1644980443,QUID/ADA_0.3,0.0,12.0,0.22000000000116415,903.0
39.712248,740.0,29387.06,4184.73,1644980443,unsi…en/ADA_1.0,0.0,0.0,0.0,903.0
0.000849,33527130.3,28488.89,184.73,1644980443,MONET/ADA_0.3,0.0,0.0,0.0,903.0
0.00073,28254709.0,20626.01,0.0,1644980443,RAG/ADA_1.0,0.0,0.0,0.0,903.0
0.0,282714171289.0,20584.53,3353.51,1644980443,HOSKY/ADA_0.05,0.0,9104380733.0,-684.6100000000006,903.0
0.111367,182755.14,20353.06,0.0,1644980443,MINt/ADA_0.05,0.0,0.0,0.0,903.0
28.152906,716.0,20157.48,624.29,1644980443,XDIA…ND/ADA_1.0,0.07947900000000274,-1.0,28.840000000000146,903.0
0.730406,27391.29,20006.76,10500.11,1644980443,CARGO/ADA_0.3,0.0,0.0,0.0,903.0
0.33155,57324.81,19006.07,1138.06,1644980443,MIN/ADA_0.05,0.0,0.0,0.0,903.0
0.016814,1125784.0,18929.01,166.93,1644980443,GOKEY/ADA_0.3,0.0,0.0,0.0,903.0
0.150279,116220.0,17465.47,2051.84,1644980443,SKULL/ADA_1.0,0.0,0.0,0.0,903.0
0.442534,39401.0,17436.28,1040.63,1644980443,CDX/ADA_1.0,0.0063449999999999895,-284.0,126.09999999999854,903.0
0.032596,476503.0,15532.1,2830.93,1644980443,cMETA/ADA_0.3,0.0,0.0,0.0,903.0
0.00045,32333084.0,14550.67,12884.16,1644980443,KIDZ/ADA_0.3,0.0,0.0,0.0,903.0
2.188129,6587.41,14414.11,0.0,1644980443,DANA/ADA_0.3,0.0,0.0,0.0,903.0
0.0,15759581211.0,12884.39,1047.21,1644980443,MEOW/ADA_0.3,0.0,0.0,0.0,903.0
0.109,97894.0,10670.52,58.24,1644980443,Card…rm/ADA_0.3,0.0,0.0,0.0,903.0
0.768512,13799.15,10604.82,0.0,1644980443,WMT/ADA_1.0,0.0,-8.290000000000873,-6.3700000000008,903.0
0.046783,201385.38,9421.57,0.0,1644980443,cbTHC/ADA_0.3,0.0,0.39999999999417923,0.020000000000436557,903.0
0.001152,8116297.0,9353.26,117.27,1644980443,FLANO/ADA_1.0,0.0,0.0,0.0,903.0
0.742532,25642948.94,19040732.24,622953.18,1644981340,SUNDAE/ADA_0.3,1.8999999999991246e-05,422.839999999851,813.2099999971688,896.0
104.686543,153065.94,16023945.04,1273293.01,1644981340,LQ/ADA_0.3,-0.0594159999999988,92.39999999999418,583.8299999982119,896.0
0.814773,14309051.7,11658640.28,979988.94,1644981340,WMT/ADA_0.3,0.00024299999999999322,-1619.2200000006706,2161.609999999404,896.0
0.136897,10952836.36,1499420.95,484338.29,1644981340,MELD/ADA_0.3,0.0022019999999999817,-89036.0700000003,12127.139999999898,896.0
0.164629,6554244.0,1079021.66,28349.79,1644981340,XRAY/ADA_0.3,0.0003650000000000042,-7275.0,1200.0,896.0
0.079847,12117159.0,967525.02,657563.55,1644981340,PAVIA/ADA_0.3,0.005610000000000004,-448662.0,34671.29000000004,896.0
0.350393,2476987.0,867921.15,59117.66,1644981340,ADAX/ADA_0.3,-0.0019040000000000168,6710.0,-2350.4499999999534,896.0
2.0013,384316.36,769132.41,138588.01,1644981340,AADA/ADA_0.3,0.0,0.0,0.0,896.0
1.671264,324922.58,543031.66,47944.44,1644981340,VYFI/ADA_0.3,0.0,0.0,0.0,896.0
6.746869,49589.0,334570.48,127181.96,1644981340,MILK/ADA_0.3,0.0,0.0,0.0,896.0
0.108862,1786704.85,194505.23,75318.75,1644981340,MINt/ADA_0.3,0.0,175.0,19.050000000017462,896.0
0.033909,5720424.38,193977.49,11377.53,1644981340,CLAP/ADA_0.3,0.0,0.0,0.0,896.0
0.0,6833883678251.0,154490.8,1104.68,1644981340,CHRLZ/ADA_0.3,0.0,0.0,0.0,896.0
2.173702,69909.15,151961.71,100057.29,1644981340,DANA/ADA_0.05,0.01626100000000008,-262.8100000000122,569.8199999999779,896.0
0.812871,176399.35,143390.03,1398.63,1644981340,WMT/ADA_0.05,0.0,0.0,0.0,896.0
0.005496,21299268.0,117079.17,6858.95,1644981340,RAVE/ADA_1.0,0.0,0.0,0.0,896.0
3.3e-05,3287507101.83,110392.13,3189.03,1644981340,ASHIB/ADA_1.0,0.0,0.0,0.0,896.0
0.0,96844267657987.0,96377.89,2540.48,1644981340,BISON/ADA_0.3,0.0,0.0,0.0,896.0
0.033179,2702881.0,89679.45,10125.89,1644981340,FIRE/ADA_0.3,3.700000000000231e-05,-1503.0,50.0,896.0
0.334632,222746.04,74538.13,78122.1,1644981340,MIN/ADA_0.3,0.0021180000000000088,-707.289999999979,236.63999999999942,896.0
0.688636,101653.64,70002.41,1486.74,1644981340,SUNDAE/ADA_0.05,0.0,-79.11999999999534,-54.479999999995925,896.0
0.0,970191646150.0,69552.85,47886.41,1644981340,HOSKY/ADA_0.3,0.0,-859167698.0,61.73000000001048,896.0
0.006193,9014359.0,55832.25,2742.39,1644981340,FLICK/ADA_0.3,0.0,0.0,0.0,896.0
0.708963,77920.3,55242.66,2822.29,1644981340,SUNDAE/ADA_1.0,0.0,0.0,0.0,896.0
0.088067,533226.0,46959.88,9505.82,1644981340,cNETA/ADA_0.3,0.0,0.0,0.0,896.0
0.131209,302268.63,39660.57,2517.04,1644981340,MELD/ADA_1.0,0.0,0.0,0.0,896.0
0.010125,3710665.0,37571.52,18162.23,1644981340,CNFT/ADA_0.3,0.0,0.0,0.0,896.0
0.10873,308356.52,33527.86,4440.0,1644981340,REVU/ADA_0.3,0.0,0.0,0.0,896.0
0.002558,12274734.95,31399.02,14501.99,1644981340,DRIP/ADA_1.0,-2.9999999999999645e-06,9000.0,-22.81000000000131,896.0
40.199695,736.0,29586.97,4386.64,1644981340,unsi…en/ADA_1.0,0.48744699999999597,-4.0,199.90999999999985,896.0
0.000849,33527130.3,28488.89,184.73,1644981340,MONET/ADA_0.3,0.0,0.0,0.0,896.0
0.00073,28254709.0,20626.01,0.0,1644981340,RAG/ADA_1.0,0.0,0.0,0.0,896.0
0.0,282714171289.0,20584.53,3353.51,1644981340,HOSKY/ADA_0.05,0.0,0.0,0.0,896.0
0.111367,183580.89,20445.03,2240.41,1644981340,MINt/ADA_0.05,0.0,825.75,91.96999999999753,896.0
28.232674,715.0,20186.36,653.46,1644981340,XDIA…ND/ADA_1.0,0.07976799999999784,-1.0,28.88000000000102,896.0
0.33155,57324.81,19006.07,1138.06,1644981340,MIN/ADA_0.05,0.0,0.0,0.0,896.0
0.016814,1125784.0,18929.01,166.93,1644981340,GOKEY/ADA_0.3,0.0,0.0,0.0,896.0
0.634296,29396.38,18646.01,11860.86,1644981340,CARGO/ADA_0.3,-0.09611000000000003,2005.0900000000001,-1360.75,896.0
0.150279,116220.0,17465.47,2051.84,1644981340,SKULL/ADA_1.0,0.0,0.0,0.0,896.0
0.442534,39401.0,17436.28,1040.63,1644981340,CDX/ADA_1.0,0.0,0.0,0.0,896.0
0.032596,476503.0,15532.1,2830.93,1644981340,cMETA/ADA_0.3,0.0,0.0,0.0,896.0
0.00045,32333084.0,14550.67,12884.16,1644981340,KIDZ/ADA_0.3,0.0,0.0,0.0,896.0
2.188129,6587.41,14414.11,0.0,1644981340,DANA/ADA_0.3,0.0,0.0,0.0,896.0
0.0,15759581211.0,12884.39,1047.21,1644981340,MEOW/ADA_0.3,0.0,0.0,0.0,896.0
0.109,97894.0,10670.52,58.24,1644981340,Card…rm/ADA_0.3,0.0,0.0,0.0,896.0
0.768512,13799.15,10604.82,0.0,1644981340,WMT/ADA_1.0,0.0,0.0,0.0,896.0
0.046783,201385.38,9421.57,0.0,1644981340,cbTHC/ADA_0.3,0.0,0.0,0.0,896.0
0.001152,8116297.0,9353.26,117.27,1644981340,FLANO/ADA_1.0,0.0,0.0,0.0,896.0
100.801593,87.9,8860.54,0.0,1644981340,LQ/ADA_1.0,0.0,0.0,0.0,26999.0
0.002618,3171296.11,8302.57,587.52,1644981340,DRIP/ADA_0.3,-0.0003839999999999998,211169.69999999972,-584.5200000000004,26999.0
0.742521,25646742.2,19043264.21,623219.27,1644982239,SUNDAE/ADA_0.3,-1.0999999999983245e-05,3793.259999997914,2531.970000002533,898.0
104.684802,153077.38,16024876.05,1276260.47,1644982239,LQ/ADA_0.3,-0.0017409999999955517,11.440000000002328,931.0100000016391,898.0
0.814707,14319424.84,11666138.29,980575.55,1644982239,WMT/ADA_0.3,-6.60000000000105e-05,10373.140000000596,7498.0099999997765,898.0
0.136019,10980772.59,1493602.89,491501.18,1644982239,MELD/ADA_0.3,-0.0008779999999999899,27936.230000000447,-5818.060000000056,898.0
0.164629,6554244.0,1079021.66,28349.79,1644982239,XRAY/ADA_0.3,0.0,0.0,0.0,898.0
0.079457,12146942.0,965171.44,663761.16,1644982239,PAVIA/ADA_0.3,-0.00039000000000000146,29783.0,-2353.5800000000745,898.0
0.350387,2477009.0,867913.68,59145.15,1644982239,ADAX/ADA_0.3,-6.0000000000060005e-06,22.0,-7.46999999997206,898.0
2.0013,384316.36,769132.41,138588.01,1644982239,AADA/ADA_0.3,0.0,0.0,0.0,898.0
1.669182,325125.56,542693.87,48349.39,1644982239,VYFI/ADA_0.3,-0.0020820000000001393,202.97999999998137,-337.79000000003725,898.0
6.75354,49565.0,334739.24,127351.23,1644982239,MILK/ADA_0.3,0.0066709999999998715,-24.0,168.7600000000093,898.0
0.108862,1786704.85,194505.23,75318.75,1644982239,MINt/ADA_0.3,0.0,0.0,0.0,898.0
0.033909,5720424.38,193977.49,11377.53,1644982239,CLAP/ADA_0.3,0.0,0.0,0.0,898.0
0.0,6833883678251.0,154490.8,1104.68,1644982239,CHRLZ/ADA_0.3,0.0,0.0,0.0,898.0
2.148713,70533.45,151556.2,100935.8,1644982239,DANA/ADA_0.05,-0.02498900000000015,624.3000000000029,-405.5099999999802,898.0
0.812871,176399.35,143390.03,1398.63,1644982239,WMT/ADA_0.05,0.0,0.0,0.0,898.0
0.005458,21373663.0,116678.47,7538.89,1644982239,RAVE/ADA_1.0,-3.799999999999984e-05,74395.0,-400.6999999999971,898.0
3.3e-05,3287507101.83,110392.13,3189.03,1644982239,ASHIB/ADA_1.0,0.0,0.0,0.0,898.0
0.0,96844267657987.0,96377.89,2540.48,1644982239,BISON/ADA_0.3,0.0,0.0,0.0,898.0
0.033179,2702881.0,89679.45,10125.89,1644982239,FIRE/ADA_0.3,0.0,0.0,0.0,898.0
0.334632,222746.04,74538.13,83137.1,1644982239,MIN/ADA_0.3,0.0,0.0,0.0,898.0
0.688636,101695.35,70031.13,1486.74,1644982239,SUNDAE/ADA_0.05,0.0,41.7100000000064,28.720000000001164,898.0
0.0,969627061194.0,69594.04,47927.44,1644982239,HOSKY/ADA_0.3,0.0,-564584956.0,41.189999999987776,898.0
0.006215,8998291.0,55932.25,2842.69,1644982239,FLICK/ADA_0.3,2.2000000000000318e-05,-16068.0,100.0,898.0
0.708963,77920.3,55242.66,2822.29,1644982239,SUNDAE/ADA_1.0,0.0,0.0,0.0,898.0
0.088067,533226.0,46959.88,9505.82,1644982239,cNETA/ADA_0.3,0.0,0.0,0.0,898.0
0.131209,302268.63,39660.57,2517.04,1644982239,MELD/ADA_1.0,0.0,0.0,0.0,898.0
0.010125,3710665.0,37571.52,18162.23,1644982239,CNFT/ADA_0.3,0.0,0.0,0.0,898.0
0.10873,308356.52,33527.86,4440.0,1644982239,REVU/ADA_0.3,0.0,0.0,0.0,898.0
0.002705,11938030.08,32293.66,15416.35,1644982239,DRIP/ADA_1.0,0.000147,-336704.8699999992,894.6399999999994,898.0
0.005446,5763067.0,31388.24,1351.73,1644982239,BDOGE/ADA_1.0,0.0,0.0,0.0,1795.0
0.018543,1608423.0,29825.72,8445.1,1644982239,QUID/ADA_0.3,-0.0002339999999999981,10057.0,-187.09999999999854,1795.0
40.199695,736.0,29586.97,4386.64,1644982239,unsi…en/ADA_1.0,0.0,0.0,0.0,898.0
0.000849,33527130.3,28488.89,184.73,1644982239,MONET/ADA_0.3,0.0,0.0,0.0,898.0
0.00073,28254709.0,20626.01,0.0,1644982239,RAG/ADA_1.0,0.0,0.0,0.0,898.0
0.0,282714171289.0,20584.53,3353.51,1644982239,HOSKY/ADA_0.05,0.0,0.0,0.0,898.0
0.111367,183580.89,20445.03,2240.41,1644982239,MINt/ADA_0.05,0.0,0.0,0.0,898.0
28.312793,714.0,20215.33,682.73,1644982239,XDIA…ND/ADA_1.0,0.08011899999999983,-1.0,28.970000000001164,898.0
0.33155,57324.81,19006.07,1138.06,1644982239,MIN/ADA_0.05,0.0,0.0,0.0,898.0
0.016814,1125784.0,18929.01,166.93,1644982239,GOKEY/ADA_0.3,0.0,0.0,0.0,898.0
0.613287,29896.38,18335.09,12171.79,1644982239,CARGO/ADA_0.3,-0.021008999999999944,500.0,-310.91999999999825,898.0
0.152911,115221.0,17618.58,2206.48,1644982239,SKULL/ADA_1.0,0.0026319999999999955,-999.0,153.11000000000058,898.0
0.442534,39401.0,17436.28,1040.63,1644982239,CDX/ADA_1.0,0.0,0.0,0.0,898.0
0.032596,476503.0,15532.1,2830.93,1644982239,cMETA/ADA_0.3,0.0,0.0,0.0,898.0
0.00045,32333084.0,14550.67,12884.16,1644982239,KIDZ/ADA_0.3,0.0,0.0,0.0,898.0
2.188129,6587.41,14414.11,0.0,1644982239,DANA/ADA_0.3,0.0,0.0,0.0,898.0
0.0,15831033813.0,12826.41,1105.19,1644982239,MEOW/ADA_0.3,0.0,71452602.0,-57.97999999999956,898.0
0.109,97894.0,10670.52,58.24,1644982239,Card…rm/ADA_0.3,0.0,0.0,0.0,898.0
0.768512,13799.15,10604.82,0.0,1644982239,WMT/ADA_1.0,0.0,0.0,0.0,898.0
0.046783,201385.38,9421.57,0.0,1644982239,cbTHC/ADA_0.3,0.0,0.0,0.0,898.0
0.001152,8116297.0,9353.26,117.27,1644982239,FLANO/ADA_1.0,0.0,0.0,0.0,898.0
0.73833,25720841.91,18990470.06,680859.66,1644983140,SUNDAE/ADA_0.3,-0.004190999999999945,74099.7100000009,-52794.150000002235,901.0
104.653752,153139.19,16026590.96,1279734.14,1644983140,LQ/ADA_0.3,-0.03105000000000757,61.80999999999767,1714.910000000149,901.0
0.8148,14329222.46,11675452.27,981274.92,1644983140,WMT/ADA_0.3,9.300000000000974e-05,9797.620000001043,9313.980000000447,901.0
0.136032,10980249.58,1493674.33,491600.0,1644983140,MELD/ADA_0.3,1.2999999999985246e-05,-523.0099999997765,71.44000000017695,901.0
0.164629,6562234.0,1080337.05,28349.79,1644983140,XRAY/ADA_0.3,0.0,7990.0,1315.3900000001304,901.0
0.083931,11817496.0,991860.6,692738.3,1644983140,PAVIA/ADA_0.3,0.004474000000000006,-329446.0,26689.160000000033,901.0
0.350387,2477009.0,867913.68,59145.15,1644983140,ADAX/ADA_0.3,0.0,0.0,0.0,901.0
2.004545,384383.85,770514.98,139974.95,1644983140,AADA/ADA_0.3,0.0032449999999997203,67.48999999999069,1382.5699999999488,901.0
1.669233,325120.56,542702.24,48357.79,1644983140,VYFI/ADA_0.3,5.100000000002325e-05,-5.0,8.369999999995343,901.0
6.345498,51063.0,324020.17,127351.23,1644983140,MILK/ADA_0.3,-0.408042,1498.0,-10719.070000000007,901.0
0.108888,1786489.45,194528.75,75342.34,1644983140,MINt/ADA_0.3,2.5999999999998247e-05,-215.4000000001397,23.519999999989523,901.0
0.033909,5720424.38,193977.49,11377.53,1644983140,CLAP/ADA_0.3,0.0,0.0,0.0,901.0
2.260478,68768.09,155448.79,104830.33,1644983140,DANA/ADA_0.05,0.11176500000000011,-1765.3600000000006,3892.5899999999965,901.0
0.0,6833883678251.0,154490.8,1104.68,1644983140,CHRLZ/ADA_0.3,0.0,0.0,0.0,901.0
0.812871,176399.35,143390.03,1398.63,1644983140,WMT/ADA_0.05,0.0,0.0,0.0,901.0
0.005426,21436990.0,116337.22,7880.14,1644983140,RAVE/ADA_1.0,-3.199999999999991e-05,63327.0,-341.25,901.0
3.3e-05,3287507101.83,110392.13,3189.03,1644983140,ASHIB/ADA_1.0,0.0,0.0,0.0,901.0
0.0,96844267657987.0,96377.89,2540.48,1644983140,BISON/ADA_0.3,0.0,0.0,0.0,901.0
0.033179,2702881.0,89679.45,10125.89,1644983140,FIRE/ADA_0.3,0.0,0.0,0.0,901.0
0.338101,221641.0,74937.22,87738.01,1644983140,MIN/ADA_0.3,0.003469,-1105.0400000000081,399.0899999999965,901.0
0.688636,101541.11,69924.92,1486.74,1644983140,SUNDAE/ADA_0.05,0.0,-154.24000000000524,-106.2100000000064,901.0
0.0,982430627362.0,68717.81,48817.73,1644983140,HOSKY/ADA_0.3,0.0,12803566168.0,-876.2299999999959,901.0
0.006215,8998291.0,55932.25,2842.69,1644983140,FLICK/ADA_0.3,0.0,0.0,0.0,901.0
0.708963,78217.27,55453.19,2822.29,1644983140,SUNDAE/ADA_1.0,0.0,296.97000000000116,210.52999999999884,901.0
0.088442,532097.0,47059.88,9606.12,1644983140,cNETA/ADA_0.3,0.00037500000000000033,-1129.0,100.0,901.0
0.131209,302268.63,39660.57,2517.04,1644983140,MELD/ADA_1.0,0.0,0.0,0.0,901.0
0.010125,3710665.0,37571.52,18162.23,1644983140,CNFT/ADA_0.3,0.0,0.0,0.0,901.0
0.112054,303757.86,34037.33,5070.16,1644983140,REVU/ADA_0.3,0.0033240000000000075,-4598.660000000033,509.47000000000116,901.0
0.002702,11943140.58,32279.98,15430.03,1644983140,DRIP/ADA_1.0,-2.9999999999999645e-06,5110.5,-13.680000000000291,901.0
0.005446,5763067.0,31388.24,1351.73,1644983140,BDOGE/ADA_1.0,0.0,0.0,0.0,901.0
0.018648,1603875.0,29910.56,8530.2,1644983140,QUID/ADA_0.3,0.00010500000000000093,-4548.0,84.84000000000015,901.0
40.199695,736.0,29586.97,4386.64,1644983140,unsi…en/ADA_1.0,0.0,0.0,0.0,901.0
0.000849,33527130.3,28488.89,184.73,1644983140,MONET/ADA_0.3,0.0,0.0,0.0,901.0
0.00073,28254709.0,20626.01,0.0,1644983140,RAG/ADA_1.0,0.0,0.0,0.0,901.0
0.0,282714171289.0,20584.53,3353.51,1644983140,HOSKY/ADA_0.05,0.0,0.0,0.0,901.0
0.111367,183580.89,20445.03,2240.41,1644983140,MINt/ADA_0.05,0.0,0.0,0.0,901.0
28.393354,713.0,20244.46,712.14,1644983140,XDIA…ND/ADA_1.0,0.08056099999999944,-1.0,29.12999999999738,901.0
0.33155,57324.81,19006.07,1138.06,1644983140,MIN/ADA_0.05,0.0,0.0,0.0,901.0
0.016814,1125784.0,18929.01,166.93,1644983140,GOKEY/ADA_0.3,0.0,0.0,0.0,901.0
0.574099,30901.42,17740.48,12766.39,1644983140,CARGO/ADA_0.3,-0.039188,1005.0399999999972,-594.6100000000006,901.0
0.152911,115221.0,17618.58,2206.48,1644983140,SKULL/ADA_1.0,0.0,0.0,0.0,901.0
0.442534,39401.0,17436.28,1040.63,1644983140,CDX/ADA_1.0,0.0,0.0,0.0,901.0
0.032596,476503.0,15532.1,2830.93,1644983140,cMETA/ADA_0.3,0.0,0.0,0.0,901.0
0.00045,32333084.0,14550.67,12884.16,1644983140,KIDZ/ADA_0.3,0.0,0.0,0.0,901.0
2.188129,6587.41,14414.11,0.0,1644983140,DANA/ADA_0.3,0.0,0.0,0.0,901.0
0.0,15831033813.0,12826.41,1105.19,1644983140,MEOW/ADA_0.3,0.0,0.0,0.0,901.0
0.109,97894.0,10670.52,58.24,1644983140,Card…rm/ADA_0.3,0.0,0.0,0.0,901.0
0.768512,13799.15,10604.82,0.0,1644983140,WMT/ADA_1.0,0.0,0.0,0.0,901.0
0.046783,201385.38,9421.57,0.0,1644983140,cbTHC/ADA_0.3,0.0,0.0,0.0,901.0
0.001152,8116297.0,9353.26,117.27,1644983140,FLANO/ADA_1.0,0.0,0.0,0.0,901.0
0.738819,25725710.89,19006667.43,680614.15,1644984039,SUNDAE/ADA_0.3,0.0004889999999999617,4868.980000000447,16197.370000001043,899.0
104.677459,153122.47,16028471.18,1278505.2,1644984039,LQ/ADA_0.3,0.0237070000000017,-16.720000000001164,1880.219999998808,899.0
0.814841,14331458.25,11677866.72,826452.76,1644984039,WMT/ADA_0.3,4.100000000006876e-05,2235.789999999106,2414.4500000011176,899.0
0.136071,10978707.53,1493885.45,420075.83,1644984039,MELD/ADA_0.3,3.900000000001125e-05,-1542.050000000745,211.11999999987893,899.0
0.164629,6562234.0,1080337.05,27237.03,1644984039,XRAY/ADA_0.3,0.0,0.0,0.0,899.0
0.083903,11819501.0,991692.9,678458.19,1644984039,PAVIA/ADA_0.3,-2.8000000000000247e-05,2005.0,-167.69999999995343,899.0
0.350387,2477009.0,867913.68,57582.46,1644984039,ADAX/ADA_0.3,0.0,0.0,0.0,899.0
2.004545,384383.85,770514.98,138432.19,1644984039,AADA/ADA_0.3,0.0,0.0,0.0,899.0
1.669233,325120.56,542702.24,47521.41,1644984039,VYFI/ADA_0.3,0.0,0.0,0.0,899.0
6.75354,49565.0,334739.24,124448.0,1644984039,MILK/ADA_0.3,0.408042,-1498.0,10719.070000000007,899.0
0.111135,1768363.0,196528.75,53321.67,1644984039,MINt/ADA_0.3,0.002246999999999999,-18126.449999999953,2000.0,899.0
0.033909,5720424.38,193977.49,11183.68,1644984039,CLAP/ADA_0.3,0.0,0.0,0.0,899.0
0.0,6833883678251.0,154490.8,1104.68,1644984039,CHRLZ/ADA_0.3,0.0,0.0,0.0,899.0
2.156134,70412.87,151819.62,110836.69,1644984039,DANA/ADA_0.05,-0.10434399999999977,1644.7799999999988,-3629.170000000013,899.0
0.812871,176399.35,143390.03,0.0,1644984039,WMT/ADA_0.05,0.0,0.0,0.0,899.0
0.005427,21586219.0,117149.08,7469.7,1644984039,RAVE/ADA_1.0,1.0000000000001327e-06,149229.0,811.8600000000006,899.0
3.3e-05,3287507101.83,110392.13,3138.53,1644984039,ASHIB/ADA_1.0,0.0,0.0,0.0,899.0
0.0,96844267657987.0,96377.89,2540.48,1644984039,BISON/ADA_0.3,0.0,0.0,0.0,899.0
0.032442,2733452.0,88679.45,11125.89,1644984039,FIRE/ADA_0.3,-0.0007370000000000015,30571.0,-1000.0,899.0
0.339003,221346.51,75037.22,86198.63,1644984039,MIN/ADA_0.3,0.0009020000000000139,-294.4899999999907,100.0,899.0
0.688636,101541.11,69924.92,1486.74,1644984039,SUNDAE/ADA_0.05,0.0,0.0,0.0,899.0
0.0,982415020096.0,68716.72,47271.69,1644984039,HOSKY/ADA_0.3,0.0,-15607266.0,-1.0899999999965075,899.0
0.006215,8998291.0,55932.25,2727.35,1644984039,FLICK/ADA_0.3,0.0,0.0,0.0,899.0
0.708963,78217.27,55453.19,2822.29,1644984039,SUNDAE/ADA_1.0,0.0,0.0,0.0,899.0
0.088442,532097.0,47059.88,8496.42,1644984039,cNETA/ADA_0.3,0.0,0.0,0.0,899.0
0.131209,302268.63,39660.57,2517.04,1644984039,MELD/ADA_1.0,0.0,0.0,0.0,899.0
0.010125,3710665.0,37571.52,18132.14,1644984039,CNFT/ADA_0.3,0.0,0.0,0.0,899.0
0.112054,303757.86,34037.33,5070.16,1644984039,REVU/ADA_0.3,0.0,0.0,0.0,899.0
0.002737,12210117.73,33423.51,15660.1,1644984039,DRIP/ADA_1.0,3.4999999999999875e-05,266977.1500000004,1143.5300000000025,899.0
0.005446,5763067.0,31388.24,1311.33,1644984039,BDOGE/ADA_1.0,0.0,0.0,0.0,899.0
0.018648,1603875.0,29910.56,8530.2,1644984039,QUID/ADA_0.3,0.0,0.0,0.0,899.0
40.199695,736.0,29586.97,4386.64,1644984039,unsi…en/ADA_1.0,0.0,0.0,0.0,899.0
0.000849,33527130.3,28488.89,184.73,1644984039,MONET/ADA_0.3,0.0,0.0,0.0,899.0
0.00073,28254709.0,20626.01,0.0,1644984039,RAG/ADA_1.0,0.0,0.0,0.0,899.0
0.0,282714171289.0,20584.53,3353.51,1644984039,HOSKY/ADA_0.05,0.0,0.0,0.0,899.0
0.111367,183580.89,20445.03,2240.41,1644984039,MINt/ADA_0.05,0.0,0.0,0.0,899.0
28.474152,712.0,20273.59,770.98,1644984039,XDIA…ND/ADA_1.0,0.08079800000000148,-1.0,29.13000000000102,899.0
0.33155,57324.81,19006.07,1138.06,1644984039,MIN/ADA_0.05,0.0,0.0,0.0,899.0
0.016814,1125784.0,18929.01,166.93,1644984039,GOKEY/ADA_0.3,0.0,0.0,0.0,899.0
0.155615,114221.0,17774.54,2364.01,1644984039,SKULL/ADA_1.0,0.002704000000000012,-1000.0,155.95999999999913,899.0
0.442534,39401.0,17436.28,1040.63,1644984039,CDX/ADA_1.0,0.0,0.0,0.0,899.0
0.522248,32401.42,16921.58,13585.3,1644984039,CARGO/ADA_0.3,-0.05185099999999998,1500.0,-818.8999999999978,899.0
0.032596,476503.0,15532.1,2830.93,1644984039,cMETA/ADA_0.3,0.0,0.0,0.0,899.0
0.00045,32333084.0,14550.67,12884.16,1644984039,KIDZ/ADA_0.3,0.0,0.0,0.0,899.0
2.188129,6587.41,14414.11,0.0,1644984039,DANA/ADA_0.3,0.0,0.0,0.0,899.0
0.0,15831033813.0,12826.41,1105.19,1644984039,MEOW/ADA_0.3,0.0,0.0,0.0,899.0
0.109,97894.0,10670.52,58.24,1644984039,Card…rm/ADA_0.3,0.0,0.0,0.0,899.0
0.768512,13799.15,10604.82,0.0,1644984039,WMT/ADA_1.0,0.0,0.0,0.0,899.0
0.046783,201385.38,9421.57,0.0,1644984039,cbTHC/ADA_0.3,0.0,0.0,0.0,899.0
0.001152,8116297.0,9353.26,117.27,1644984039,FLANO/ADA_1.0,0.0,0.0,0.0,899.0
0.739198,25719880.13,19012101.37,696598.82,1644984940,SUNDAE/ADA_0.3,0.0003790000000000182,-5830.760000001639,5433.940000001341,900.0
104.678828,153126.21,16029072.31,1278610.49,1644984940,LQ/ADA_0.3,0.001368999999996845,3.7399999999906868,601.1300000008196,900.0
0.815419,14326961.11,11682487.6,830696.72,1644984940,WMT/ADA_0.3,0.0005779999999999674,-4497.140000000596,4620.879999998957,900.0
0.136055,10987128.32,1494855.24,420711.17,1644984940,MELD/ADA_0.3,-1.5999999999988246e-05,8420.790000000969,969.7900000000373,900.0
0.164629,6562234.0,1080337.05,27237.03,1644984940,XRAY/ADA_0.3,0.0,0.0,0.0,900.0
0.083973,11817435.0,992350.93,680758.62,1644984940,PAVIA/ADA_0.3,7.000000000000062e-05,-2066.0,658.0300000000279,900.0
0.350387,2477009.0,867913.68,57582.46,1644984940,ADAX/ADA_0.3,0.0,0.0,0.0,900.0
2.003364,384497.37,770288.22,138673.98,1644984940,AADA/ADA_0.3,-0.0011809999999998766,113.52000000001863,-226.7600000000093,900.0
1.630716,328943.56,536413.62,53810.03,1644984940,VYFI/ADA_0.3,-0.03851699999999991,3823.0,-6288.619999999995,900.0
6.75354,49565.0,334739.24,124448.0,1644984940,MILK/ADA_0.3,0.0,0.0,0.0,900.0
0.111135,1768363.0,196528.75,53321.67,1644984940,MINt/ADA_0.3,0.0,0.0,0.0,900.0
0.033909,5720424.38,193977.49,11183.68,1644984940,CLAP/ADA_0.3,0.0,0.0,0.0,900.0
2.287354,68363.93,156372.53,111283.78,1644984940,DANA/ADA_0.05,0.1312199999999999,-2048.9400000000023,4552.9100000000035,900.0
0.0,6833883678251.0,154490.8,1104.68,1644984940,CHRLZ/ADA_0.3,0.0,0.0,0.0,900.0
0.812871,176399.35,143390.03,0.0,1644984940,WMT/ADA_0.05,0.0,0.0,0.0,900.0
0.005427,21586219.0,117149.08,7469.7,1644984940,RAVE/ADA_1.0,0.0,0.0,0.0,900.0
3.3e-05,3287507101.83,110392.13,3138.53,1644984940,ASHIB/ADA_1.0,0.0,0.0,0.0,900.0
0.0,96844267657987.0,96377.89,2540.48,1644984940,BISON/ADA_0.3,0.0,0.0,0.0,900.0
0.032442,2733452.0,88679.45,11125.89,1644984940,FIRE/ADA_0.3,0.0,0.0,0.0,900.0
0.339003,221346.51,75037.22,86198.63,1644984940,MIN/ADA_0.3,0.0,0.0,0.0,900.0
0.688636,103558.35,71314.07,1486.74,1644984940,SUNDAE/ADA_0.05,0.0,2017.2400000000052,1389.1500000000087,900.0
0.0,982415020096.0,68716.72,47271.69,1644984940,HOSKY/ADA_0.3,0.0,0.0,0.0,900.0
0.00625,8973292.0,56088.54,2884.12,1644984940,FLICK/ADA_0.3,3.500000000000031e-05,-24999.0,156.29000000000087,900.0
0.708963,78217.27,55453.19,2822.29,1644984940,SUNDAE/ADA_1.0,0.0,0.0,0.0,900.0
0.088425,532147.0,47055.47,8500.83,1644984940,cNETA/ADA_0.3,-1.7000000000003124e-05,50.0,-4.4099999999962165,900.0
0.131209,302268.63,39660.57,2517.04,1644984940,MELD/ADA_1.0,0.0,0.0,0.0,900.0
0.010125,3710665.0,37571.52,18132.14,1644984940,CNFT/ADA_0.3,0.0,0.0,0.0,900.0
0.112054,303757.86,34037.33,5070.16,1644984940,REVU/ADA_0.3,0.0,0.0,0.0,900.0
0.002736,12211117.73,33420.8,15662.81,1644984940,DRIP/ADA_1.0,-9.99999999999699e-07,1000.0,-2.709999999999127,900.0
0.005446,5763067.0,31388.24,1311.33,1644984940,BDOGE/ADA_1.0,0.0,0.0,0.0,900.0
0.018648,1603875.0,29910.56,8530.2,1644984940,QUID/ADA_0.3,0.0,0.0,0.0,900.0
40.199695,736.0,29586.97,4386.64,1644984940,unsi…en/ADA_1.0,0.0,0.0,0.0,900.0
0.000849,33527130.3,28488.89,184.73,1644984940,MONET/ADA_0.3,0.0,0.0,0.0,900.0
0.00073,28254709.0,20626.01,0.0,1644984940,RAG/ADA_1.0,0.0,0.0,0.0,900.0
0.0,282714171289.0,20584.53,3353.51,1644984940,HOSKY/ADA_0.05,0.0,0.0,0.0,900.0
0.111367,183580.89,20445.03,2240.41,1644984940,MINt/ADA_0.05,0.0,0.0,0.0,900.0
28.55515,711.0,20302.71,770.98,1644984940,XDIA…ND/ADA_1.0,0.08099800000000101,-1.0,29.11999999999898,900.0
0.33155,57324.81,19006.07,1138.06,1644984940,MIN/ADA_0.05,0.0,0.0,0.0,900.0
0.016814,1125784.0,18929.01,46.57,1644984940,GOKEY/ADA_0.3,0.0,0.0,0.0,900.0
0.155615,114221.0,17774.54,2364.01,1644984940,SKULL/ADA_1.0,0.0,0.0,0.0,900.0
0.442534,39401.0,17436.28,796.03,1644984940,CDX/ADA_1.0,0.0,0.0,0.0,900.0
0.506518,32901.42,16665.18,13841.69,1644984940,CARGO/ADA_0.3,-0.015730000000000022,500.0,-256.40000000000146,900.0
0.032596,476503.0,15532.1,2710.57,1644984940,cMETA/ADA_0.3,0.0,0.0,0.0,900.0
0.00045,32333084.0,14550.67,12884.16,1644984940,KIDZ/ADA_0.3,0.0,0.0,0.0,900.0
2.188129,6587.41,14414.11,0.0,1644984940,DANA/ADA_0.3,0.0,0.0,0.0,900.0
0.0,15831033813.0,12826.41,933.07,1644984940,MEOW/ADA_0.3,0.0,0.0,0.0,900.0
0.109,97894.0,10670.52,58.24,1644984940,Card…rm/ADA_0.3,0.0,0.0,0.0,900.0
0.768512,13799.15,10604.82,0.0,1644984940,WMT/ADA_1.0,0.0,0.0,0.0,900.0
0.046783,201385.38,9421.57,0.0,1644984940,cbTHC/ADA_0.3,0.0,0.0,0.0,900.0
0.001152,8116297.0,9353.26,117.27,1644984940,FLANO/ADA_1.0,0.0,0.0,0.0,900.0
0.739227,25727909.88,19018775.95,696969.93,1644985840,SUNDAE/ADA_0.3,2.8999999999945736e-05,8029.75,6674.579999998212,900.0
104.679162,153129.99,16029519.8,1280729.92,1644985840,LQ/ADA_0.3,0.00033400000000938235,3.779999999998836,447.4900000002235,900.0
0.815576,14326516.56,11684373.77,831826.09,1644985840,WMT/ADA_0.3,0.00015699999999996272,-444.5499999988824,1886.1699999999255,900.0
0.133639,11087698.08,1481753.61,434821.61,1644985840,MELD/ADA_0.3,-0.0024160000000000015,100569.75999999978,-13101.629999999888,900.0
0.164579,6563234.0,1080172.94,27401.14,1644985840,XRAY/ADA_0.3,-4.999999999999449e-05,1000.0,-164.11000000010245,900.0
0.08429,12303878.0,1037099.3,682724.33,1644985840,PAVIA/ADA_0.3,0.00031699999999999784,486443.0,44748.369999999995,900.0
0.350468,2476725.0,868013.68,57682.76,1644985840,ADAX/ADA_0.3,8.099999999999774e-05,-284.0,100.0,900.0
2.014619,383038.25,771676.31,138971.47,1644985840,AADA/ADA_0.3,0.011255000000000237,-1459.1199999999953,1388.0900000000838,900.0
1.630716,328943.56,536413.62,53810.03,1644985840,VYFI/ADA_0.3,0.0,0.0,0.0,900.0
6.75354,49565.0,334739.24,124448.0,1644985840,MILK/ADA_0.3,0.0,0.0,0.0,900.0
0.111135,1768363.0,196528.75,53321.67,1644985840,MINt/ADA_0.3,0.0,0.0,0.0,900.0
0.033909,5720424.38,193977.49,11183.68,1644985840,CLAP/ADA_0.3,0.0,0.0,0.0,900.0
2.287354,68363.93,156372.53,111283.78,1644985840,DANA/ADA_0.05,0.0,0.0,0.0,900.0
0.0,6833883678251.0,154490.8,1104.68,1644985840,CHRLZ/ADA_0.3,0.0,0.0,0.0,900.0
0.812871,176399.35,143390.03,0.0,1644985840,WMT/ADA_0.05,0.0,0.0,0.0,900.0
0.005376,21687401.0,116607.96,8010.81,1644985840,RAVE/ADA_1.0,-5.10000000000007e-05,101182.0,-541.1199999999953,900.0
3.1e-05,3385387227.56,107232.74,6434.34,1644985840,ASHIB/ADA_1.0,-2.000000000000001e-06,97880125.73000002,-3159.3899999999994,900.0
0.0,96844267657987.0,96377.89,2540.48,1644985840,BISON/ADA_0.3,0.0,0.0,0.0,900.0
0.032442,2733452.0,88679.45,11125.89,1644985840,FIRE/ADA_0.3,0.0,0.0,0.0,900.0
0.339003,221346.51,75037.22,86198.63,1644985840,MIN/ADA_0.3,0.0,0.0,0.0,900.0
0.688636,103558.35,71314.07,1486.74,1644985840,SUNDAE/ADA_0.05,0.0,0.0,0.0,900.0
0.0,986415020096.0,68438.9,47549.51,1644985840,HOSKY/ADA_0.3,0.0,4000000000.0,-277.820000000007,900.0
0.00625,8973292.0,56088.54,2884.12,1644985840,FLICK/ADA_0.3,0.0,0.0,0.0,900.0
0.708963,78217.27,55453.19,2822.29,1644985840,SUNDAE/ADA_1.0,0.0,0.0,0.0,900.0
0.087919,533678.0,46920.89,8635.42,1644985840,cNETA/ADA_0.3,-0.0005060000000000064,1531.0,-134.58000000000175,900.0
0.131209,302268.63,39660.57,2517.04,1644985840,MELD/ADA_1.0,0.0,0.0,0.0,900.0
0.010071,3720597.0,37471.53,18232.14,1644985840,CNFT/ADA_0.3,-5.400000000000023e-05,9932.0,-99.98999999999796,900.0
0.112054,303757.86,34037.33,5070.16,1644985840,REVU/ADA_0.3,0.0,0.0,0.0,900.0
0.002733,12228117.73,33423.77,15684.47,1644985840,DRIP/ADA_1.0,-2.9999999999999645e-06,17000.0,2.969999999993888,900.0
0.005429,5772067.0,31339.79,1359.78,1644985840,BDOGE/ADA_1.0,-1.700000000000052e-05,9000.0,-48.45000000000073,900.0
0.018648,1603875.0,29910.56,8530.2,1644985840,QUID/ADA_0.3,0.0,0.0,0.0,900.0
40.199695,736.0,29586.97,4386.64,1644985840,unsi…en/ADA_1.0,0.0,0.0,0.0,900.0
0.000849,33527130.3,28488.89,184.73,1644985840,MONET/ADA_0.3,0.0,0.0,0.0,900.0
0.0,283677249653.0,20654.65,3353.51,1644985840,HOSKY/ADA_0.05,0.0,963078364.0,70.12000000000262,900.0
0.00073,28254709.0,20626.01,0.0,1644985840,RAG/ADA_1.0,0.0,0.0,0.0,900.0
0.111367,183580.89,20445.03,2240.41,1644985840,MINt/ADA_0.05,0.0,0.0,0.0,900.0
28.55515,711.0,20302.71,770.98,1644985840,XDIA…ND/ADA_1.0,0.0,0.0,0.0,900.0
0.33155,57324.81,19006.07,1138.06,1644985840,MIN/ADA_0.05,0.0,0.0,0.0,900.0
0.016814,1125784.0,18929.01,46.57,1644985840,GOKEY/ADA_0.3,0.0,0.0,0.0,900.0
0.155615,114221.0,17774.54,2364.01,1644985840,SKULL/ADA_1.0,0.0,0.0,0.0,900.0
0.442534,39401.0,17436.28,796.03,1644985840,CDX/ADA_1.0,0.0,0.0,0.0,900.0
0.032596,476503.0,15532.1,2710.57,1644985840,cMETA/ADA_0.3,0.0,0.0,0.0,900.0
0.00045,32333084.0,14550.67,12884.16,1644985840,KIDZ/ADA_0.3,0.0,0.0,0.0,900.0
2.188129,6587.41,14414.11,0.0,1644985840,DANA/ADA_0.3,0.0,0.0,0.0,900.0
0.0,15831033813.0,12826.41,933.07,1644985840,MEOW/ADA_0.3,0.0,0.0,0.0,900.0
0.109,97894.0,10670.52,58.24,1644985840,Card…rm/ADA_0.3,0.0,0.0,0.0,900.0
0.768512,13799.15,10604.82,0.0,1644985840,WMT/ADA_1.0,0.0,0.0,0.0,900.0
0.046783,201385.38,9421.57,0.0,1644985840,cbTHC/ADA_0.3,0.0,0.0,0.0,900.0
0.001152,8116297.0,9353.26,117.27,1644985840,FLANO/ADA_1.0,0.0,0.0,0.0,900.0
100.801593,87.9,8860.54,0.0,1644985840,LQ/ADA_1.0,0.0,0.0,0.0,4499.0
0.741226,25695416.34,19046133.59,722791.93,1644986736,SUNDAE/ADA_0.3,0.001999000000000084,-32493.539999999106,27357.640000000596,896.0
104.692603,153122.32,16030774.9,1282182.39,1644986736,LQ/ADA_0.3,0.013441000000000258,-7.669999999983702,1255.0999999996275,896.0
0.81559,14332460.71,11689421.46,831926.39,1644986736,WMT/ADA_0.3,1.4000000000069512e-05,5944.1500000003725,5047.690000001341,896.0
0.133657,11090950.42,1482387.94,434921.91,1644986736,MELD/ADA_0.3,1.7999999999990246e-05,3252.339999999851,634.3299999998417,896.0
0.164541,6563994.0,1080048.52,27591.51,1644986736,XRAY/ADA_0.3,-3.800000000001025e-05,760.0,-124.4199999999255,896.0
0.083938,12329862.0,1034951.87,695373.4,1644986736,PAVIA/ADA_0.3,-0.0003520000000000051,25984.0,-2147.430000000051,896.0
0.350383,2477025.0,867908.87,57787.58,1644986736,ADAX/ADA_0.3,-8.500000000000174e-05,300.0,-104.81000000005588,896.0
2.013191,383562.78,772185.39,145448.81,1644986736,AADA/ADA_0.3,-0.0014280000000002069,524.5300000000279,509.0799999999581,896.0
1.630716,328943.56,536413.62,53810.03,1644986736,VYFI/ADA_0.3,0.0,0.0,0.0,896.0
6.75354,49565.0,334739.24,124448.0,1644986736,MILK/ADA_0.3,0.0,0.0,0.0,896.0
0.111135,1768363.0,196528.75,53321.67,1644986736,MINt/ADA_0.3,0.0,0.0,0.0,896.0
0.033918,5719667.64,194003.23,11209.5,1644986736,CLAP/ADA_0.3,8.999999999995123e-06,-756.7400000002235,25.74000000001979,896.0
0.0,6833883678251.0,154490.8,1104.68,1644986736,CHRLZ/ADA_0.3,0.0,0.0,0.0,896.0
2.21663,69446.25,153936.7,113769.39,1644986736,DANA/ADA_0.05,-0.07072400000000023,1082.320000000007,-2435.829999999987,896.0
0.812871,177011.3,143887.46,0.0,1644986736,WMT/ADA_0.05,0.0,611.9499999999825,497.429999999993,896.0
0.005376,21687401.0,116607.96,8010.81,1644986736,RAVE/ADA_1.0,0.0,0.0,0.0,896.0
3.1e-05,3385387227.56,107232.74,6434.34,1644986736,ASHIB/ADA_1.0,0.0,0.0,0.0,896.0
0.0,96844267657987.0,96377.89,2540.48,1644986736,BISON/ADA_0.3,0.0,0.0,0.0,896.0
0.032442,2733452.0,88679.45,11125.89,1644986736,FIRE/ADA_0.3,0.0,0.0,0.0,896.0
0.338638,221465.8,74996.92,86238.92,1644986736,MIN/ADA_0.3,-0.0003650000000000042,119.28999999997905,-40.30000000000291,896.0
0.688636,103681.92,71399.16,1486.74,1644986736,SUNDAE/ADA_0.05,0.0,123.56999999999243,85.08999999999651,896.0
0.0,985406873674.0,68509.13,47619.94,1644986736,HOSKY/ADA_0.3,0.0,-1008146422.0,70.23000000001048,896.0
0.00625,8973292.0,56088.54,2884.12,1644986736,FLICK/ADA_0.3,0.0,0.0,0.0,896.0
0.708963,78217.27,55453.19,2822.29,1644986736,SUNDAE/ADA_1.0,0.0,0.0,0.0,896.0
0.087919,533678.0,46920.89,8635.42,1644986736,cNETA/ADA_0.3,0.0,0.0,0.0,896.0
0.131209,302268.63,39660.57,2517.04,1644986736,MELD/ADA_1.0,0.0,0.0,0.0,896.0
0.010077,3719509.0,37482.53,18243.17,1644986736,CNFT/ADA_0.3,5.999999999999062e-06,-1088.0,11.0,896.0
0.112054,303757.86,34037.33,5070.16,1644986736,REVU/ADA_0.3,0.0,0.0,0.0,896.0
0.00273,12236117.73,33413.01,15700.7,1644986736,DRIP/ADA_1.0,-3.000000000000398e-06,8000.0,-10.759999999994761,896.0
0.005429,5772067.0,31339.79,1359.78,1644986736,BDOGE/ADA_1.0,0.0,0.0,0.0,896.0
0.018648,1603875.0,29910.56,8530.2,1644986736,QUID/ADA_0.3,0.0,0.0,0.0,896.0
40.199695,736.0,29586.97,4386.64,1644986736,unsi…en/ADA_1.0,0.0,0.0,0.0,896.0
0.000849,33527130.3,28488.89,184.73,1644986736,MONET/ADA_0.3,0.0,0.0,0.0,896.0
0.0,283677249653.0,20654.65,3353.51,1644986736,HOSKY/ADA_0.05,0.0,0.0,0.0,896.0
0.00073,28254709.0,20626.01,0.0,1644986736,RAG/ADA_1.0,0.0,0.0,0.0,896.0
0.111367,183580.89,20445.03,2240.41,1644986736,MINt/ADA_0.05,0.0,0.0,0.0,896.0
28.55515,711.0,20302.71,770.98,1644986736,XDIA…ND/ADA_1.0,0.0,0.0,0.0,896.0
0.33155,57324.81,19006.07,1138.06,1644986736,MIN/ADA_0.05,0.0,0.0,0.0,896.0
0.016814,1125784.0,18929.01,46.57,1644986736,GOKEY/ADA_0.3,0.0,0.0,0.0,896.0
0.155615,114221.0,17774.54,2364.01,1644986736,SKULL/ADA_1.0,0.0,0.0,0.0,896.0
0.442534,39401.0,17436.28,796.03,1644986736,CDX/ADA_1.0,0.0,0.0,0.0,896.0
0.032596,476503.0,15532.1,2710.57,1644986736,cMETA/ADA_0.3,0.0,0.0,0.0,896.0
0.00045,32333084.0,14550.67,12884.16,1644986736,KIDZ/ADA_0.3,0.0,0.0,0.0,896.0
0.382801,37854.06,14490.59,16064.54,1644986736,CARGO/ADA_0.3,-0.12371700000000002,4952.639999999999,-2174.59,1796.0
2.188129,6587.41,14414.11,0.0,1644986736,DANA/ADA_0.3,0.0,0.0,0.0,896.0
0.0,15831033813.0,12826.41,933.07,1644986736,MEOW/ADA_0.3,0.0,0.0,0.0,896.0
0.109,97894.0,10670.52,58.24,1644986736,Card…rm/ADA_0.3,0.0,0.0,0.0,896.0
0.768512,13799.15,10604.82,0.0,1644986736,WMT/ADA_1.0,0.0,0.0,0.0,896.0
0.046783,201385.38,9421.57,0.0,1644986736,cbTHC/ADA_0.3,0.0,0.0,0.0,896.0
0.001152,8116297.0,9353.26,117.27,1644986736,FLANO/ADA_1.0,0.0,0.0,0.0,896.0
0.741305,25695640.68,19048326.56,724402.91,1644987641,SUNDAE/ADA_0.3,7.899999999994023e-05,224.339999999851,2192.969999998808,904.0
104.790849,153061.33,16039426.91,1292823.99,1644987641,LQ/ADA_0.3,0.09824599999998895,-60.99000000001979,8652.009999999776,904.0
0.815948,14333365.35,11695285.51,834523.75,1644987641,WMT/ADA_0.3,0.00035799999999996945,904.6399999987334,5864.049999998882,904.0
0.133947,11078938.95,1483999.94,436538.75,1644987641,MELD/ADA_0.3,0.00029000000000001247,-12011.47000000067,1612.0,904.0
0.164541,6564193.0,1080081.26,27591.51,1644987641,XRAY/ADA_0.3,0.0,199.0,32.73999999999069,904.0
0.083799,12340173.0,1034096.45,698393.98,1644987641,PAVIA/ADA_0.3,-0.00013900000000000023,10311.0,-855.4200000000419,904.0
0.350722,2476140.0,868439.19,58209.84,1644987641,ADAX/ADA_0.3,0.0003389999999999782,-885.0,530.3199999999488,904.0
2.012039,383847.78,772316.77,145669.53,1644987641,AADA/ADA_0.3,-0.0011519999999998198,285.0,131.38000000000466,904.0
1.630868,328928.28,536438.62,53835.1,1644987641,VYFI/ADA_0.3,0.00015199999999992997,-15.279999999969732,25.0,904.0
6.646799,49962.0,332087.41,127113.36,1644987641,MILK/ADA_0.3,-0.10674100000000042,397.0,-2651.8300000000163,904.0
0.110711,1771753.87,196153.75,49507.27,1644987641,MINt/ADA_0.3,-0.0004239999999999938,3390.8700000001118,-375.0,904.0
0.033918,5719667.64,194003.23,6993.17,1644987641,CLAP/ADA_0.3,0.0,0.0,0.0,904.0
2.268676,68645.96,155735.51,122265.51,1644987641,DANA/ADA_0.05,0.05204600000000026,-800.2899999999936,1798.8099999999977,904.0
0.0,6833883678251.0,154490.8,904.08,1644987641,CHRLZ/ADA_0.3,0.0,0.0,0.0,904.0
0.812871,177023.54,143897.41,0.0,1644987641,WMT/ADA_0.05,0.0,12.24000000001979,9.950000000011642,904.0
0.005376,21687401.0,116607.96,8010.81,1644987641,RAVE/ADA_1.0,0.0,0.0,0.0,904.0
3.1e-05,3383552143.15,107291.62,6493.74,1644987641,ASHIB/ADA_1.0,0.0,-1835084.4099998474,58.879999999990105,904.0
0.0,96843267658133.0,96378.89,1769.17,1644987641,BISON/ADA_0.3,0.0,-999999854.0,1.0,904.0
0.032442,2733452.0,88679.45,11125.89,1644987641,FIRE/ADA_0.3,0.0,0.0,0.0,904.0
0.338631,221387.01,74968.72,86153.33,1644987641,MIN/ADA_0.3,-6.999999999979245e-06,-78.78999999997905,-28.19999999999709,904.0
0.688636,104197.47,71754.18,1486.74,1644987641,SUNDAE/ADA_0.05,0.0,515.5500000000029,355.0199999999895,904.0
0.0,985557257682.0,68499.82,46466.21,1644987641,HOSKY/ADA_0.3,0.0,150384008.0,-9.309999999997672,904.0
0.00625,8973292.0,56088.54,2857.7,1644987641,FLICK/ADA_0.3,0.0,0.0,0.0,904.0
0.708963,78267.33,55488.69,2822.29,1644987641,SUNDAE/ADA_1.0,0.0,50.05999999999767,35.5,904.0
0.08875,531179.0,47142.34,8785.31,1644987641,cNETA/ADA_0.3,0.0008309999999999984,-2499.0,221.4499999999971,904.0
0.131209,302268.63,39660.57,2517.04,1644987641,MELD/ADA_1.0,0.0,0.0,0.0,904.0
0.010077,3719509.0,37482.53,18243.17,1644987641,CNFT/ADA_0.3,0.0,0.0,0.0,904.0
0.112054,303757.86,34037.33,5070.16,1644987641,REVU/ADA_0.3,0.0,0.0,0.0,904.0
0.002724,12251117.73,33372.51,14345.4,1644987641,DRIP/ADA_1.0,-5.999999999999929e-06,15000.0,-40.5,904.0
0.005429,5772067.0,31339.79,808.93,1644987641,BDOGE/ADA_1.0,0.0,0.0,0.0,904.0
0.018648,1603875.0,29910.56,8530.2,1644987641,QUID/ADA_0.3,0.0,0.0,0.0,904.0
40.199695,736.0,29586.97,4386.64,1644987641,unsi…en/ADA_1.0,0.0,0.0,0.0,904.0
0.000849,33527130.3,28488.89,184.73,1644987641,MONET/ADA_0.3,0.0,0.0,0.0,904.0
0.0,283677249653.0,20654.65,3353.51,1644987641,HOSKY/ADA_0.05,0.0,0.0,0.0,904.0
0.00073,28254709.0,20626.01,0.0,1644987641,RAG/ADA_1.0,0.0,0.0,0.0,904.0
0.111367,183580.89,20445.03,2240.41,1644987641,MINt/ADA_0.05,0.0,0.0,0.0,904.0
28.003808,718.0,20106.73,966.95,1644987641,XDIA…ND/ADA_1.0,-0.5513420000000018,7.0,-195.97999999999956,904.0
0.33155,57324.81,19006.07,1138.06,1644987641,MIN/ADA_0.05,0.0,0.0,0.0,904.0
0.016814,1125784.0,18929.01,46.57,1644987641,GOKEY/ADA_0.3,0.0,0.0,0.0,904.0
0.155298,114338.0,17756.54,1719.48,1644987641,SKULL/ADA_1.0,-0.0003170000000000117,117.0,-18.0,904.0
0.442534,39401.0,17436.28,730.98,1644987641,CDX/ADA_1.0,0.0,0.0,0.0,904.0
0.032596,476503.0,15532.1,2710.57,1644987641,cMETA/ADA_0.3,0.0,0.0,0.0,904.0
0.00045,32333084.0,14550.67,12854.07,1644987641,KIDZ/ADA_0.3,0.0,0.0,0.0,904.0
0.382801,37854.06,14490.59,16064.54,1644987641,CARGO/ADA_0.3,0.0,0.0,0.0,904.0
2.188129,6587.41,14414.11,0.0,1644987641,DANA/ADA_0.3,0.0,0.0,0.0,904.0
0.0,15831033813.0,12826.41,792.65,1644987641,MEOW/ADA_0.3,0.0,0.0,0.0,904.0
0.109,97894.0,10670.52,8.59,1644987641,Card…rm/ADA_0.3,0.0,0.0,0.0,904.0
0.768512,13799.15,10604.82,0.0,1644987641,WMT/ADA_1.0,0.0,0.0,0.0,904.0
0.046783,201385.38,9421.57,0.0,1644987641,cbTHC/ADA_0.3,0.0,0.0,0.0,904.0
0.001166,8066292.0,9411.83,176.43,1644987641,FLANO/ADA_1.0,1.3999999999999907e-05,-50005.0,58.56999999999971,904.0
0.741792,25689775.75,19056471.17,706106.74,1644988540,SUNDAE/ADA_0.3,0.0004870000000000152,-5864.929999999702,8144.610000003129,899.0
104.536893,153252.1,16020498.9,966862.28,1644988540,LQ/ADA_0.3,-0.2539559999999881,190.77000000001863,-18928.009999999776,899.0
0.816003,14335402.03,11697740.82,782798.5,1644988540,WMT/ADA_0.3,5.500000000002725e-05,2036.679999999702,2455.3100000005215,899.0
0.134564,11057435.81,1487939.07,419268.26,1644988540,MELD/ADA_0.3,0.0006169999999999787,-21503.139999998733,3939.130000000121,899.0
0.164541,6564193.0,1080081.26,27100.04,1644988540,XRAY/ADA_0.3,0.0,0.0,0.0,899.0
0.081932,12481405.0,1022628.66,687115.49,1644988540,PAVIA/ADA_0.3,-0.0018669999999999937,141232.0,-11467.78999999992,899.0
0.350722,2476140.0,868439.19,58209.84,1644988540,ADAX/ADA_0.3,0.0,0.0,0.0,899.0
2.009904,384052.35,771908.43,133694.18,1644988540,AADA/ADA_0.3,-0.002134999999999998,204.56999999994878,-408.3399999999674,899.0
1.634847,328528.31,537093.67,54411.88,1644988540,VYFI/ADA_0.3,0.003978999999999955,-399.97000000003027,655.0500000000466,899.0
6.662713,49903.0,332489.41,103307.08,1644988540,MILK/ADA_0.3,0.015914000000000428,-59.0,402.0,899.0
0.110711,1771753.87,196153.75,49507.27,1644988540,MINt/ADA_0.3,0.0,0.0,0.0,899.0
0.033918,5719667.64,194003.23,6993.17,1644988540,CLAP/ADA_0.3,0.0,0.0,0.0,899.0
2.294453,68259.46,156618.16,123983.5,1644988540,DANA/ADA_0.05,0.025776999999999717,-386.5,882.6499999999942,899.0
0.0,6833883678251.0,154490.8,904.08,1644988540,CHRLZ/ADA_0.3,0.0,0.0,0.0,899.0
0.812871,177635.49,144394.84,0.0,1644988540,WMT/ADA_0.05,0.0,611.9499999999825,497.429999999993,899.0
0.005376,21687401.0,116607.96,8010.81,1644988540,RAVE/ADA_1.0,0.0,0.0,0.0,899.0
3.1e-05,3383554143.15,107291.55,6493.8,1644988540,ASHIB/ADA_1.0,0.0,2000.0,-0.069999999992433,899.0
0.0,96843267658133.0,96378.89,1769.17,1644988540,BISON/ADA_0.3,0.0,0.0,0.0,899.0
0.032637,2725272.0,88946.45,11393.69,1644988540,FIRE/ADA_0.3,0.00019500000000000073,-8180.0,267.0,899.0
0.348025,218548.67,76060.46,91918.34,1644988540,MIN/ADA_0.3,0.009393999999999958,-2838.3399999999965,1091.7400000000052,899.0
0.688636,104402.23,71895.19,1486.74,1644988540,SUNDAE/ADA_0.05,0.0,204.75999999999476,141.0100000000093,899.0
0.0,985557257682.0,68499.82,46466.21,1644988540,HOSKY/ADA_0.3,0.0,0.0,0.0,899.0
0.00625,8973292.0,56088.54,2857.7,1644988540,FLICK/ADA_0.3,0.0,0.0,0.0,899.0
0.708963,78267.33,55488.69,2822.29,1644988540,SUNDAE/ADA_1.0,0.0,0.0,0.0,899.0
0.08875,531179.0,47142.34,8785.31,1644988540,cNETA/ADA_0.3,0.0,0.0,0.0,899.0
0.131209,302268.63,39660.57,2517.04,1644988540,MELD/ADA_1.0,0.0,0.0,0.0,899.0
0.010077,3719509.0,37482.53,18243.17,1644988540,CNFT/ADA_0.3,0.0,0.0,0.0,899.0
0.112054,303757.86,34037.33,5070.16,1644988540,REVU/ADA_0.3,0.0,0.0,0.0,899.0
0.002724,12251117.73,33372.51,14345.4,1644988540,DRIP/ADA_1.0,0.0,0.0,0.0,899.0
0.005429,5772067.0,31339.79,808.93,1644988540,BDOGE/ADA_1.0,0.0,0.0,0.0,899.0
0.018648,1603875.0,29910.56,8530.2,1644988540,QUID/ADA_0.3,0.0,0.0,0.0,899.0
40.199695,736.0,29586.97,4386.64,1644988540,unsi…en/ADA_1.0,0.0,0.0,0.0,899.0
0.000849,33527130.3,28488.89,184.73,1644988540,MONET/ADA_0.3,0.0,0.0,0.0,899.0
0.0,283677249653.0,20654.65,3353.51,1644988540,HOSKY/ADA_0.05,0.0,0.0,0.0,899.0
0.00073,28254709.0,20626.01,0.0,1644988540,RAG/ADA_1.0,0.0,0.0,0.0,899.0
0.111367,183580.89,20445.03,2240.41,1644988540,MINt/ADA_0.05,0.0,0.0,0.0,899.0
26.513739,738.0,19567.13,1506.55,1644988540,XDIA…ND/ADA_1.0,-1.4900689999999983,20.0,-539.5999999999985,899.0
0.33155,57324.81,19006.07,1138.06,1644988540,MIN/ADA_0.05,0.0,0.0,0.0,899.0
0.016814,1125784.0,18929.01,46.57,1644988540,GOKEY/ADA_0.3,0.0,0.0,0.0,899.0
0.155298,114338.0,17756.54,1719.48,1644988540,SKULL/ADA_1.0,0.0,0.0,0.0,899.0
0.442534,39401.0,17436.28,730.98,1644988540,CDX/ADA_1.0,0.0,0.0,0.0,899.0
0.032596,476503.0,15532.1,2710.57,1644988540,cMETA/ADA_0.3,0.0,0.0,0.0,899.0
0.00045,32333084.0,14550.67,12854.07,1644988540,KIDZ/ADA_0.3,0.0,0.0,0.0,899.0
0.382801,37854.06,14490.59,16064.54,1644988540,CARGO/ADA_0.3,0.0,0.0,0.0,899.0
2.188129,6587.41,14414.11,0.0,1644988540,DANA/ADA_0.3,0.0,0.0,0.0,899.0
0.0,15531629082.0,13074.41,1041.39,1644988540,MEOW/ADA_0.3,0.0,-299404731.0,248.0,899.0
0.109,97894.0,10670.52,8.59,1644988540,Card…rm/ADA_0.3,0.0,0.0,0.0,899.0
0.768512,13799.15,10604.82,0.0,1644988540,WMT/ADA_1.0,0.0,0.0,0.0,899.0
0.001166,8066292.0,9411.83,176.43,1644988540,FLANO/ADA_1.0,0.0,0.0,0.0,899.0
0.046601,201780.18,9403.19,18.38,1644988540,cbTHC/ADA_0.3,-0.0001820000000000016,394.79999999998836,-18.3799999999992,899.0
0.743281,25675858.29,19084395.03,725321.96,1644989439,SUNDAE/ADA_0.3,0.0014889999999999626,-13917.460000000894,27923.859999999404,899.0
104.637955,153183.99,16028859.48,975331.59,1644989439,LQ/ADA_0.3,0.10106199999999887,-68.11000000001513,8360.580000000075,899.0
0.816853,14331904.53,11707065.24,788856.62,1644989439,WMT/ADA_0.3,0.0008500000000000174,-3497.5,9324.419999999925,899.0
0.13466,11060916.37,1489466.32,419799.85,1644989439,MELD/ADA_0.3,9.600000000001274e-05,3480.559999998659,1527.25,899.0
0.164541,6564193.0,1080081.26,27100.04,1644989439,XRAY/ADA_0.3,0.0,0.0,0.0,899.0
0.081704,12499027.0,1021220.73,698391.86,1644989439,PAVIA/ADA_0.3,-0.00022800000000000598,17622.0,-1407.9300000000512,899.0
0.350722,2476140.0,868439.19,58209.84,1644989439,ADAX/ADA_0.3,0.0,0.0,0.0,899.0
2.011158,383933.87,772151.91,136467.96,1644989439,AADA/ADA_0.3,0.0012539999999998663,-118.47999999998137,243.47999999998137,899.0
1.640844,327928.31,538079.33,55400.5,1644989439,VYFI/ADA_0.3,0.00599700000000003,-600.0,985.6599999999162,899.0
6.729628,49657.0,334173.16,115229.7,1644989439,MILK/ADA_0.3,0.06691499999999984,-246.0,1683.75,899.0
0.112229,1759753.62,197495.41,50852.94,1644989439,MINt/ADA_0.3,0.0015179999999999916,-12000.25,1341.6600000000035,899.0
0.033918,5719667.64,194003.23,6993.17,1644989439,CLAP/ADA_0.3,0.0,0.0,0.0,899.0
0.0,6833883678251.0,154490.8,904.08,1644989439,CHRLZ/ADA_0.3,0.0,0.0,0.0,899.0
2.205256,69626.59,153544.51,127157.18,1644989439,DANA/ADA_0.05,-0.08919699999999997,1367.12999999999,-3073.649999999994,899.0
0.812871,177623.25,144384.9,0.0,1644989439,WMT/ADA_0.05,0.0,-12.239999999990687,-9.940000000002328,899.0
0.005376,21687401.0,116607.96,8010.81,1644989439,RAVE/ADA_1.0,0.0,0.0,0.0,899.0
3.1e-05,3383555143.15,107291.59,6493.8,1644989439,ASHIB/ADA_1.0,0.0,1000.0,0.03999999999359716,899.0
0.0,96843267658133.0,96378.89,1769.17,1644989439,BISON/ADA_0.3,0.0,0.0,0.0,899.0
0.032637,2725272.0,88946.45,11393.69,1644989439,FIRE/ADA_0.3,0.0,0.0,0.0,899.0
0.347945,218630.16,76071.44,91927.01,1644989439,MIN/ADA_0.3,-7.999999999996898e-05,81.48999999999069,10.979999999995925,899.0
0.688636,104456.86,71932.81,1486.74,1644989439,SUNDAE/ADA_0.05,0.0,54.63000000000466,37.61999999999534,899.0
0.0,985557257682.0,68499.82,46466.21,1644989439,HOSKY/ADA_0.3,0.0,0.0,0.0,899.0
0.00626,8966106.0,56133.64,2902.93,1644989439,FLICK/ADA_0.3,9.999999999999593e-06,-7186.0,45.099999999998545,899.0
0.708963,78267.33,55488.69,2822.29,1644989439,SUNDAE/ADA_1.0,0.0,0.0,0.0,899.0
0.088787,531067.0,47152.34,8795.34,1644989439,cNETA/ADA_0.3,3.700000000000925e-05,-112.0,10.0,899.0
0.131209,302268.63,39660.57,2517.04,1644989439,MELD/ADA_1.0,0.0,0.0,0.0,899.0
0.010077,3719509.0,37482.53,18243.17,1644989439,CNFT/ADA_0.3,0.0,0.0,0.0,899.0
0.112054,303757.86,34037.33,5070.16,1644989439,REVU/ADA_0.3,0.0,0.0,0.0,899.0
0.002723,12253117.73,33367.11,14350.79,1644989439,DRIP/ADA_1.0,-9.99999999999699e-07,2000.0,-5.400000000001455,899.0
0.005429,5772067.0,31339.79,808.93,1644989439,BDOGE/ADA_1.0,0.0,0.0,0.0,899.0
0.018648,1603875.0,29910.56,8530.2,1644989439,QUID/ADA_0.3,0.0,0.0,0.0,899.0
40.199695,736.0,29586.97,4386.64,1644989439,unsi…en/ADA_1.0,0.0,0.0,0.0,899.0
0.000849,33527130.3,28488.89,184.73,1644989439,MONET/ADA_0.3,0.0,0.0,0.0,899.0
0.0,283677249653.0,20654.65,3353.51,1644989439,HOSKY/ADA_0.05,0.0,0.0,0.0,899.0
0.00073,28254709.0,20626.01,0.0,1644989439,RAG/ADA_1.0,0.0,0.0,0.0,899.0
0.111367,183580.89,20445.03,2240.41,1644989439,MINt/ADA_0.05,0.0,0.0,0.0,899.0
26.513739,738.0,19567.13,1506.55,1644989439,XDIA…ND/ADA_1.0,0.0,0.0,0.0,899.0
0.33155,57324.81,19006.07,1138.06,1644989439,MIN/ADA_0.05,0.0,0.0,0.0,899.0
0.016814,1125784.0,18929.01,46.57,1644989439,GOKEY/ADA_0.3,0.0,0.0,0.0,899.0
0.155384,114307.0,17761.54,1724.53,1644989439,SKULL/ADA_1.0,8.600000000000274e-05,-31.0,5.0,899.0
0.442534,39401.0,17436.28,730.98,1644989439,CDX/ADA_1.0,0.0,0.0,0.0,899.0
0.032596,476503.0,15532.1,2710.57,1644989439,cMETA/ADA_0.3,0.0,0.0,0.0,899.0
0.00045,32333084.0,14550.67,12854.07,1644989439,KIDZ/ADA_0.3,0.0,0.0,0.0,899.0
0.382801,37854.06,14490.59,16064.54,1644989439,CARGO/ADA_0.3,0.0,0.0,0.0,899.0
2.188129,6587.41,14414.11,0.0,1644989439,DANA/ADA_0.3,0.0,0.0,0.0,899.0
0.0,15531629082.0,13074.41,1041.39,1644989439,MEOW/ADA_0.3,0.0,0.0,0.0,899.0
0.109,97894.0,10670.52,8.59,1644989439,Card…rm/ADA_0.3,0.0,0.0,0.0,899.0
0.768512,13799.15,10604.82,0.0,1644989439,WMT/ADA_1.0,0.0,0.0,0.0,899.0
0.001166,8066292.0,9411.83,176.43,1644989439,FLANO/ADA_1.0,0.0,0.0,0.0,899.0
0.046601,201780.18,9403.19,18.38,1644989439,cbTHC/ADA_0.3,0.0,0.0,0.0,899.0
0.742407,25697211.15,19077801.95,742566.42,1644990340,SUNDAE/ADA_0.3,-0.0008739999999999304,21352.859999999404,-6593.080000001937,900.0
105.184373,152858.81,16078358.31,1017336.47,1644990340,LQ/ADA_0.3,0.5464179999999885,-325.179999999993,49498.830000000075,900.0
0.817078,14337358.42,11714748.32,790477.43,1644990340,WMT/ADA_0.3,0.0002249999999999197,5453.890000000596,7683.0800000000745,900.0
0.134694,11068794.44,1490901.97,419987.95,1644990340,MELD/ADA_0.3,3.400000000000625e-05,7878.070000000298,1435.6499999999069,900.0
0.164541,6564193.0,1080081.26,27100.04,1644990340,XRAY/ADA_0.3,0.0,0.0,0.0,900.0
0.081345,12526601.0,1018985.37,702542.86,1644990340,PAVIA/ADA_0.3,-0.0003589999999999982,27574.0,-2235.359999999986,900.0
0.350667,2476026.0,868260.94,58278.72,1644990340,ADAX/ADA_0.3,-5.499999999997174e-05,-114.0,-178.25,900.0
2.020066,383087.86,773862.87,137370.62,1644990340,AADA/ADA_0.3,0.008907999999999916,-846.0100000000093,1710.9599999999627,900.0
1.641847,327828.31,538243.96,55565.62,1644990340,VYFI/ADA_0.3,0.0010030000000000872,-100.0,164.63000000000466,900.0
6.716926,50700.0,340548.17,115544.75,1644990340,MILK/ADA_0.3,-0.012701999999999991,1043.0,6375.010000000009,900.0
0.112188,1760075.12,197459.44,50888.91,1644990340,MINt/ADA_0.3,-4.099999999999937e-05,321.5,-35.970000000001164,900.0
0.033918,5719667.64,194003.23,6993.17,1644990340,CLAP/ADA_0.3,0.0,0.0,0.0,900.0
0.0,6833883678251.0,154490.8,904.08,1644990340,CHRLZ/ADA_0.3,0.0,0.0,0.0,900.0
2.205256,69626.59,153544.51,127157.18,1644990340,DANA/ADA_0.05,0.0,0.0,0.0,900.0
0.812871,174623.42,141946.42,0.0,1644990340,WMT/ADA_0.05,0.0,-2999.829999999987,-2438.4799999999814,900.0
0.005376,21687401.0,116607.96,8010.81,1644990340,RAVE/ADA_1.0,0.0,0.0,0.0,900.0
3.2e-05,3366742546.13,107832.79,7040.42,1644990340,ASHIB/ADA_1.0,9.999999999999972e-07,-16812597.01999998,541.1999999999971,900.0
0.0,96843267658133.0,96378.89,1769.17,1644990340,BISON/ADA_0.3,0.0,0.0,0.0,900.0
0.032637,2725272.0,88946.45,11393.69,1644990340,FIRE/ADA_0.3,0.0,0.0,0.0,900.0
0.347945,218630.16,76071.44,91927.01,1644990340,MIN/ADA_0.3,0.0,0.0,0.0,900.0
0.688636,104411.92,71901.86,1486.74,1644990340,SUNDAE/ADA_0.05,0.0,-44.94000000000233,-30.94999999999709,900.0
0.0,994790281866.0,67867.42,47599.35,1644990340,HOSKY/ADA_0.3,0.0,9233024184.0,-632.4000000000087,900.0
0.00626,8966106.0,56133.64,2902.93,1644990340,FLICK/ADA_0.3,0.0,0.0,0.0,900.0
0.708963,78267.33,55488.69,2822.29,1644990340,SUNDAE/ADA_1.0,0.0,0.0,0.0,900.0
0.088787,531067.0,47152.34,8795.34,1644990340,cNETA/ADA_0.3,0.0,0.0,0.0,900.0
0.131209,302268.63,39660.57,2517.04,1644990340,MELD/ADA_1.0,0.0,0.0,0.0,900.0
0.010121,3711356.0,37565.13,18326.02,1644990340,CNFT/ADA_0.3,4.4000000000000636e-05,-8153.0,82.59999999999854,900.0
0.112054,303757.86,34037.33,5207.87,1644990340,REVU/ADA_0.3,0.0,0.0,0.0,900.0
0.00272,12260117.73,33348.25,14380.42,1644990340,DRIP/ADA_1.0,-2.9999999999999645e-06,7000.0,-18.860000000000582,900.0
0.005429,5772067.0,31339.79,808.93,1644990340,BDOGE/ADA_1.0,0.0,0.0,0.0,900.0
0.018648,1603875.0,29910.56,8530.2,1644990340,QUID/ADA_0.3,0.0,0.0,0.0,900.0
40.199695,736.0,29586.97,4386.64,1644990340,unsi…en/ADA_1.0,0.0,0.0,0.0,900.0
0.000849,33527130.3,28488.89,184.73,1644990340,MONET/ADA_0.3,0.0,0.0,0.0,900.0
0.0,283677249653.0,20654.65,3353.51,1644990340,HOSKY/ADA_0.05,0.0,0.0,0.0,900.0
0.00073,28254709.0,20626.01,0.0,1644990340,RAG/ADA_1.0,0.0,0.0,0.0,900.0
0.111367,183580.89,20445.03,2240.41,1644990340,MINt/ADA_0.05,0.0,0.0,0.0,900.0
26.513739,738.0,19567.13,1506.55,1644990340,XDIA…ND/ADA_1.0,0.0,0.0,0.0,900.0
0.33155,57324.81,19006.07,1138.06,1644990340,MIN/ADA_0.05,0.0,0.0,0.0,900.0
0.016814,1125784.0,18929.01,46.57,1644990340,GOKEY/ADA_0.3,0.0,0.0,0.0,900.0
0.155384,114307.0,17761.54,1724.53,1644990340,SKULL/ADA_1.0,0.0,0.0,0.0,900.0
0.442534,39401.0,17436.28,730.98,1644990340,CDX/ADA_1.0,0.0,0.0,0.0,900.0
0.032596,476503.0,15532.1,2710.57,1644990340,cMETA/ADA_0.3,0.0,0.0,0.0,900.0
0.00045,32333084.0,14550.67,12854.07,1644990340,KIDZ/ADA_0.3,0.0,0.0,0.0,900.0
0.382801,37854.06,14490.59,16064.54,1644990340,CARGO/ADA_0.3,0.0,0.0,0.0,900.0
2.188129,6587.41,14414.11,0.0,1644990340,DANA/ADA_0.3,0.0,0.0,0.0,900.0
0.0,15531629082.0,13074.41,1041.39,1644990340,MEOW/ADA_0.3,0.0,0.0,0.0,900.0
0.109,97894.0,10670.52,8.59,1644990340,Card…rm/ADA_0.3,0.0,0.0,0.0,900.0
0.768512,13799.15,10604.82,0.0,1644990340,WMT/ADA_1.0,0.0,0.0,0.0,900.0
0.001166,8066292.0,9411.83,176.43,1644990340,FLANO/ADA_1.0,0.0,0.0,0.0,900.0
0.046601,201780.18,9403.19,18.38,1644990340,cbTHC/ADA_0.3,0.0,0.0,0.0,900.0
0.742525,25695717.07,19079734.81,744138.89,1644991240,SUNDAE/ADA_0.3,0.00011799999999995148,-1494.0799999982119,1932.859999999404,899.0
104.909825,153451.38,16098558.33,1038482.22,1644991240,LQ/ADA_0.3,-0.2745479999999958,592.570000000007,20200.019999999553,899.0
0.817137,14337908.77,11716048.29,790904.46,1644991240,WMT/ADA_0.3,5.900000000003125e-05,550.3499999996275,1299.969999998808,899.0
0.13507,11053390.25,1492985.97,422078.2,1644991240,MELD/ADA_0.3,0.00037599999999998746,-15404.189999999478,2084.0,899.0
0.164541,6564193.0,1080081.26,27100.04,1644991240,XRAY/ADA_0.3,0.0,0.0,0.0,899.0
0.081097,12545808.0,1017431.23,704455.71,1644991240,PAVIA/ADA_0.3,-0.0002479999999999982,19207.0,-1554.140000000014,899.0
0.350667,2476026.0,868260.94,58278.72,1644991240,ADAX/ADA_0.3,0.0,0.0,0.0,899.0
2.020587,383038.51,773962.87,137470.92,1644991240,AADA/ADA_0.3,0.0005209999999999937,-49.34999999997672,100.0,899.0
1.641847,327828.31,538243.96,55565.62,1644991240,VYFI/ADA_0.3,0.0,0.0,0.0,899.0
6.168301,52910.0,326364.85,129728.07,1644991240,MILK/ADA_0.3,-0.5486250000000004,2210.0,-14183.320000000007,899.0
0.112188,1760075.12,197459.44,46508.58,1644991240,MINt/ADA_0.3,0.0,0.0,0.0,899.0
0.033918,5719667.64,194003.23,6993.17,1644991240,CLAP/ADA_0.3,0.0,0.0,0.0,899.0
0.0,6833883678251.0,154490.8,594.4,1644991240,CHRLZ/ADA_0.3,0.0,0.0,0.0,899.0
2.205256,69626.59,153544.51,121414.1,1644991240,DANA/ADA_0.05,0.0,0.0,0.0,899.0
0.812871,174623.42,141946.42,0.0,1644991240,WMT/ADA_0.05,0.0,0.0,0.0,899.0
0.005376,21687401.0,116607.96,8010.81,1644991240,RAVE/ADA_1.0,0.0,0.0,0.0,899.0
3.2e-05,3366744546.13,107832.85,6714.19,1644991240,ASHIB/ADA_1.0,0.0,2000.0,0.06000000001222361,899.0
0.708963,138267.33,98026.5,2822.29,1644991240,SUNDAE/ADA_1.0,0.0,59999.999999999985,42537.81,899.0
0.0,96843267658133.0,96378.89,1613.71,1644991240,BISON/ADA_0.3,0.0,0.0,0.0,899.0
0.032637,2725272.0,88946.45,11393.69,1644991240,FIRE/ADA_0.3,0.0,0.0,0.0,899.0
0.351155,217630.15,76422.04,91047.73,1644991240,MIN/ADA_0.3,0.0032099999999999906,-1000.0100000000093,350.59999999999127,899.0
0.688636,104411.83,71901.8,1486.74,1644991240,SUNDAE/ADA_0.05,0.0,-0.08999999999650754,-0.059999999997671694,899.0
0.0,994790281866.0,67867.42,46520.67,1644991240,HOSKY/ADA_0.3,0.0,0.0,0.0,899.0
0.00626,8966106.0,56133.64,3060.83,1644991240,FLICK/ADA_0.3,0.0,0.0,0.0,899.0
0.08973,528275.0,47402.34,9046.09,1644991240,cNETA/ADA_0.3,0.0009429999999999994,-2792.0,250.0,899.0
0.131209,302268.63,39660.57,1052.54,1644991240,MELD/ADA_1.0,0.0,0.0,0.0,899.0
0.010121,3711406.0,37564.63,18316.5,1644991240,CNFT/ADA_0.3,0.0,50.0,-0.5,899.0
0.111147,304995.52,33899.62,5207.87,1644991240,REVU/ADA_0.3,-0.000907000000000005,1237.6600000000326,-137.70999999999913,899.0
0.002718,12264117.73,33337.49,13705.69,1644991240,DRIP/ADA_1.0,-2.0000000000002655e-06,4000.0,-10.760000000002037,899.0
0.005429,5772067.0,31339.79,808.93,1644991240,BDOGE/ADA_1.0,0.0,0.0,0.0,899.0
0.018648,1603875.0,29910.56,6022.7,1644991240,QUID/ADA_0.3,0.0,0.0,0.0,899.0
40.199695,736.0,29586.97,4386.64,1644991240,unsi…en/ADA_1.0,0.0,0.0,0.0,899.0
0.000849,33527130.3,28488.89,184.73,1644991240,MONET/ADA_0.3,0.0,0.0,0.0,899.0
0.0,283679249653.0,20654.8,3353.51,1644991240,HOSKY/ADA_0.05,0.0,2000000.0,0.1499999999978172,899.0
0.00073,28254709.0,20626.01,0.0,1644991240,RAG/ADA_1.0,0.0,0.0,0.0,899.0
0.111367,183580.89,20445.03,2240.41,1644991240,MINt/ADA_0.05,0.0,0.0,0.0,899.0
26.513739,738.0,19567.13,1506.55,1644991240,XDIA…ND/ADA_1.0,0.0,0.0,0.0,899.0
0.33155,57324.81,19006.07,1138.06,1644991240,MIN/ADA_0.05,0.0,0.0,0.0,899.0
0.016814,1125784.0,18929.01,46.57,1644991240,GOKEY/ADA_0.3,0.0,0.0,0.0,899.0
0.155384,114307.0,17761.54,1724.53,1644991240,SKULL/ADA_1.0,0.0,0.0,0.0,899.0
0.442534,39401.0,17436.28,730.98,1644991240,CDX/ADA_1.0,0.0,0.0,0.0,899.0
0.032596,476503.0,15532.1,2710.57,1644991240,cMETA/ADA_0.3,0.0,0.0,0.0,899.0
0.00045,32333084.0,14550.67,12616.67,1644991240,KIDZ/ADA_0.3,0.0,0.0,0.0,899.0
0.382801,37854.06,14490.59,15581.84,1644991240,CARGO/ADA_0.3,0.0,0.0,0.0,899.0
2.188129,6587.41,14414.11,0.0,1644991240,DANA/ADA_0.3,0.0,0.0,0.0,899.0
0.0,15531629082.0,13074.41,1041.39,1644991240,MEOW/ADA_0.3,0.0,0.0,0.0,899.0
0.109,97894.0,10670.52,8.59,1644991240,Card…rm/ADA_0.3,0.0,0.0,0.0,899.0
0.768512,13799.15,10604.82,0.0,1644991240,WMT/ADA_1.0,0.0,0.0,0.0,899.0
0.001166,8066292.0,9411.83,176.43,1644991240,FLANO/ADA_1.0,0.0,0.0,0.0,899.0
0.046601,201780.18,9403.19,18.38,1644991240,cbTHC/ADA_0.3,0.0,0.0,0.0,899.0
0.742947,25689428.22,19085887.84,708856.85,1644992138,SUNDAE/ADA_0.3,0.00042200000000003346,-6288.85000000149,6153.030000001192,898.0
104.895835,153467.49,16098101.03,913603.04,1644992138,LQ/ADA_0.3,-0.01398999999999262,16.10999999998603,-457.30000000074506,898.0
0.81676,14341769.04,11713793.0,742567.92,1644992138,WMT/ADA_0.3,-0.0003769999999999607,3860.269999999553,-2255.289999999106,898.0
0.135181,11039627.04,1492350.06,411816.23,1644992138,MELD/ADA_0.3,0.00011099999999999999,-13763.210000000894,-635.9099999999162,898.0
0.164532,6564362.0,1080053.54,27127.77,1644992138,XRAY/ADA_0.3,-8.999999999981245e-06,169.0,-27.71999999997206,898.0
0.079281,12710891.0,1007739.38,711252.03,1644992138,PAVIA/ADA_0.3,-0.0018159999999999982,165083.0,-9691.849999999977,898.0
0.350667,2476026.0,868260.94,56272.72,1644992138,ADAX/ADA_0.3,0.0,0.0,0.0,898.0
2.020587,383068.21,774022.87,130874.06,1644992138,AADA/ADA_0.3,0.0,29.70000000001164,60.0,898.0
1.645363,327478.31,538820.95,56103.75,1644992138,VYFI/ADA_0.3,0.0035159999999998526,-350.0,576.9899999999907,898.0
6.293984,52381.0,329685.21,130319.79,1644992138,MILK/ADA_0.3,0.12568300000000043,-529.0,3320.3600000000442,898.0
0.112188,1760075.12,197459.44,46508.58,1644992138,MINt/ADA_0.3,0.0,0.0,0.0,898.0
0.033918,5719667.64,194003.23,6993.17,1644992138,CLAP/ADA_0.3,0.0,0.0,0.0,898.0
0.0,6833883678251.0,154490.8,594.4,1644992138,CHRLZ/ADA_0.3,0.0,0.0,0.0,898.0
2.174723,70113.79,152478.1,122480.51,1644992138,DANA/ADA_0.05,-0.0305329999999997,487.1999999999971,-1066.4100000000035,898.0
0.812871,174623.42,141946.42,0.0,1644992138,WMT/ADA_0.05,0.0,0.0,0.0,898.0
0.005376,21687401.0,116607.96,8010.81,1644992138,RAVE/ADA_1.0,0.0,0.0,0.0,898.0
3.2e-05,3366744546.13,107832.85,6714.19,1644992138,ASHIB/ADA_1.0,0.0,0.0,0.0,898.0
0.708963,138267.33,98026.5,2822.29,1644992138,SUNDAE/ADA_1.0,0.0,0.0,0.0,898.0
0.0,96843267658133.0,96378.89,1613.71,1644992138,BISON/ADA_0.3,0.0,0.0,0.0,898.0
0.032784,2719177.0,89146.45,11594.29,1644992138,FIRE/ADA_0.3,0.0001470000000000013,-6095.0,200.0,898.0
0.343378,220084.56,75572.3,91897.46,1644992138,MIN/ADA_0.3,-0.007776999999999978,2454.4100000000035,-849.7399999999907,898.0
0.688636,104411.83,71901.8,1486.74,1644992138,SUNDAE/ADA_0.05,0.0,0.0,0.0,898.0
0.0,994133092082.0,67912.42,46565.81,1644992138,HOSKY/ADA_0.3,0.0,-657189784.0,45.0,898.0
0.00616,9039107.0,55682.58,3827.21,1644992138,FLICK/ADA_0.3,-0.00010000000000000026,73001.0,-451.0599999999977,898.0
0.08973,528275.0,47402.34,9046.09,1644992138,cNETA/ADA_0.3,0.0,0.0,0.0,898.0
0.131209,302268.63,39660.57,1052.54,1644992138,MELD/ADA_1.0,0.0,0.0,0.0,898.0
0.010126,3710406.0,37574.79,18326.69,1644992138,CNFT/ADA_0.3,4.999999999999796e-06,-1000.0,10.160000000003492,898.0
0.111147,304995.52,33899.62,5207.87,1644992138,REVU/ADA_0.3,0.0,0.0,0.0,898.0
0.002716,12268117.73,33326.72,13716.45,1644992138,DRIP/ADA_1.0,-1.9999999999998318e-06,4000.0,-10.769999999996799,898.0
0.005429,5772067.0,31339.79,808.93,1644992138,BDOGE/ADA_1.0,0.0,0.0,0.0,898.0
0.018648,1603875.0,29910.56,6022.7,1644992138,QUID/ADA_0.3,0.0,0.0,0.0,898.0
40.199695,736.0,29586.97,4386.64,1644992138,unsi…en/ADA_1.0,0.0,0.0,0.0,898.0
0.000849,33527130.3,28488.89,184.73,1644992138,MONET/ADA_0.3,0.0,0.0,0.0,898.0
0.0,283679249653.0,20654.8,3353.51,1644992138,HOSKY/ADA_0.05,0.0,0.0,0.0,898.0
0.00073,28254709.0,20626.01,0.0,1644992138,RAG/ADA_1.0,0.0,0.0,0.0,898.0
0.111367,183580.89,20445.03,2240.41,1644992138,MINt/ADA_0.05,0.0,0.0,0.0,898.0
26.513739,738.0,19567.13,1506.55,1644992138,XDIA…ND/ADA_1.0,0.0,0.0,0.0,898.0
0.33155,57324.81,19006.07,1138.06,1644992138,MIN/ADA_0.05,0.0,0.0,0.0,898.0
0.016814,1125784.0,18929.01,46.57,1644992138,GOKEY/ADA_0.3,0.0,0.0,0.0,898.0
0.155384,114307.0,17761.54,1724.53,1644992138,SKULL/ADA_1.0,0.0,0.0,0.0,898.0
0.441418,39451.0,17414.4,752.86,1644992138,CDX/ADA_1.0,-0.0011160000000000059,50.0,-21.87999999999738,898.0
0.032596,476503.0,15532.1,2710.57,1644992138,cMETA/ADA_0.3,0.0,0.0,0.0,898.0
0.00045,32333084.0,14550.67,12616.67,1644992138,KIDZ/ADA_0.3,0.0,0.0,0.0,898.0
0.382801,37854.06,14490.59,15581.84,1644992138,CARGO/ADA_0.3,0.0,0.0,0.0,898.0
2.188129,6597.41,14435.99,0.0,1644992138,DANA/ADA_0.3,0.0,10.0,21.8799999999992,898.0
0.0,15531629082.0,13074.41,1041.39,1644992138,MEOW/ADA_0.3,0.0,0.0,0.0,898.0
0.109,97894.0,10670.52,8.59,1644992138,Card…rm/ADA_0.3,0.0,0.0,0.0,898.0
0.768512,13799.15,10604.82,0.0,1644992138,WMT/ADA_1.0,0.0,0.0,0.0,898.0
0.001166,8066292.0,9411.83,176.43,1644992138,FLANO/ADA_1.0,0.0,0.0,0.0,898.0
0.046601,201780.18,9403.19,18.38,1644992138,cbTHC/ADA_0.3,0.0,0.0,0.0,898.0
0.746601,25627657.96,19133655.62,755967.1,1644993039,SUNDAE/ADA_0.3,0.003653999999999935,-61770.259999997914,47767.78000000119,900.0
104.893219,153471.27,16098095.6,914083.5,1644993039,LQ/ADA_0.3,-0.0026160000000032824,3.779999999998836,-5.429999999701977,900.0
0.816833,14341562.24,11714664.54,743090.49,1644993039,WMT/ADA_0.3,7.299999999998974e-05,-206.7999999988824,871.5399999991059,900.0
0.135199,11044880.86,1493266.05,414485.27,1644993039,MELD/ADA_0.3,1.8000000000018e-05,5253.820000000298,915.9899999999907,900.0
0.164532,6564362.0,1080053.54,27127.77,1644993039,XRAY/ADA_0.3,0.0,0.0,0.0,900.0
0.080001,12653661.0,1012311.18,715837.55,1644993039,PAVIA/ADA_0.3,0.0007199999999999984,-57230.0,4571.800000000047,900.0
0.350667,2478016.0,868958.77,56272.72,1644993039,ADAX/ADA_0.3,0.0,1990.0,697.8300000000745,900.0
2.01991,383132.54,773893.59,131103.49,1644993039,AADA/ADA_0.3,-0.0006770000000000387,64.32999999995809,-129.28000000002794,900.0
1.645773,327437.63,538888.19,56201.82,1644993039,VYFI/ADA_0.3,0.00041000000000002146,-40.679999999993015,67.23999999999069,900.0
6.317964,52282.0,330315.81,130952.28,1644993039,MILK/ADA_0.3,0.02397999999999989,-99.0,630.5999999999767,900.0
0.112415,1758299.54,197659.44,46709.18,1644993039,MINt/ADA_0.3,0.00022700000000000498,-1775.5800000000745,200.0,900.0
0.033918,5719667.64,194003.23,6993.17,1644993039,CLAP/ADA_0.3,0.0,0.0,0.0,900.0
2.31965,67888.73,157478.1,127483.01,1644993039,DANA/ADA_0.05,0.14492700000000003,-2225.0599999999977,5000.0,900.0
0.0,6833883678251.0,154490.8,594.4,1644993039,CHRLZ/ADA_0.3,0.0,0.0,0.0,900.0
0.812871,174316.5,141696.93,0.0,1644993039,WMT/ADA_0.05,0.0,-306.9200000000128,-249.4900000000198,900.0
0.005381,21677401.0,116662.3,8065.69,1644993039,RAVE/ADA_1.0,5.000000000000664e-06,-10000.0,54.33999999999651,900.0
3.2e-05,3366744546.13,107832.85,6714.19,1644993039,ASHIB/ADA_1.0,0.0,0.0,0.0,900.0
0.708963,138267.33,98026.5,2822.29,1644993039,SUNDAE/ADA_1.0,0.0,0.0,0.0,900.0
0.0,96843262720574.0,96378.88,1613.71,1644993039,BISON/ADA_0.3,0.0,-4937559.0,-0.00999999999476131,900.0
0.031327,2787683.0,87331.49,13594.4,1644993039,FIRE/ADA_0.3,-0.001457,68506.0,-1814.9599999999919,900.0
0.340316,221073.92,75235.11,92234.66,1644993039,MIN/ADA_0.3,-0.003062000000000009,989.3600000000151,-337.1900000000023,900.0
0.688636,104411.83,71901.8,1486.74,1644993039,SUNDAE/ADA_0.05,0.0,0.0,0.0,900.0
0.0,997138092082.0,67708.37,46769.86,1644993039,HOSKY/ADA_0.3,0.0,3005000000.0,-204.0500000000029,900.0
0.00616,9039107.0,55682.58,3827.21,1644993039,FLICK/ADA_0.3,0.0,0.0,0.0,900.0
0.0899,527776.0,47447.34,9091.22,1644993039,cNETA/ADA_0.3,0.0001699999999999896,-499.0,45.0,900.0
0.131209,302268.63,39660.57,1052.54,1644993039,MELD/ADA_1.0,0.0,0.0,0.0,900.0
0.010265,3685369.0,37830.85,18583.52,1644993039,CNFT/ADA_0.3,0.00013900000000000023,-25037.0,256.0599999999977,900.0
0.111147,304995.52,33899.62,5207.87,1644993039,REVU/ADA_0.3,0.0,0.0,0.0,900.0
0.002714,12272117.73,33315.97,13727.2,1644993039,DRIP/ADA_1.0,-2.0000000000002655e-06,4000.0,-10.75,900.0
0.005429,5772067.0,31339.79,808.93,1644993039,BDOGE/ADA_1.0,0.0,0.0,0.0,900.0
0.018433,1613256.0,29737.15,6196.11,1644993039,QUID/ADA_0.3,-0.0002149999999999999,9381.0,-173.40999999999985,900.0
40.199695,736.0,29586.97,4386.64,1644993039,unsi…en/ADA_1.0,0.0,0.0,0.0,900.0
0.000849,33527130.3,28488.89,184.73,1644993039,MONET/ADA_0.3,0.0,0.0,0.0,900.0
0.0,283679249653.0,20654.8,4277.97,1644993039,HOSKY/ADA_0.05,0.0,0.0,0.0,900.0
0.00073,28254709.0,20626.01,0.0,1644993039,RAG/ADA_1.0,0.0,0.0,0.0,900.0
0.111367,183580.89,20445.03,2240.41,1644993039,MINt/ADA_0.05,0.0,0.0,0.0,900.0
0.33155,57324.81,19006.07,1138.06,1644993039,MIN/ADA_0.05,0.0,0.0,0.0,900.0
0.016814,1125784.0,18929.01,46.57,1644993039,GOKEY/ADA_0.3,0.0,0.0,0.0,900.0
23.388583,786.0,18383.42,2690.26,1644993039,XDIA…ND/ADA_1.0,-3.1251560000000005,48.0,-1183.7100000000028,900.0
0.155384,114307.0,17761.54,1724.53,1644993039,SKULL/ADA_1.0,0.0,0.0,0.0,900.0
0.441418,39451.0,17414.4,752.86,1644993039,CDX/ADA_1.0,0.0,0.0,0.0,900.0
0.032596,476503.0,15532.1,2750.69,1644993039,cMETA/ADA_0.3,0.0,0.0,0.0,900.0
0.000451,32281164.0,14574.14,12640.21,1644993039,KIDZ/ADA_0.3,1.0000000000000243e-06,-51920.0,23.469999999999345,900.0
0.382801,37854.06,14490.59,15581.84,1644993039,CARGO/ADA_0.3,0.0,0.0,0.0,900.0
2.188129,6597.41,14435.99,0.0,1644993039,DANA/ADA_0.3,0.0,0.0,0.0,900.0
0.0,15531629082.0,13074.41,1041.39,1644993039,MEOW/ADA_0.3,0.0,0.0,0.0,900.0
0.109,97894.0,10670.52,8.59,1644993039,Card…rm/ADA_0.3,0.0,0.0,0.0,900.0
0.768512,13799.15,10604.82,0.0,1644993039,WMT/ADA_1.0,0.0,0.0,0.0,900.0
0.001166,8066292.0,9411.83,176.43,1644993039,FLANO/ADA_1.0,0.0,0.0,0.0,900.0
0.046601,201780.18,9403.19,18.38,1644993039,cbTHC/ADA_0.3,0.0,0.0,0.0,900.0
0.746338,25640278.59,19136323.85,760597.07,1644993939,SUNDAE/ADA_0.3,-0.0002630000000000132,12620.629999998957,2668.230000000447,899.0
104.859105,153497.7,16095631.56,916697.54,1644993939,LQ/ADA_0.3,-0.03411400000000242,26.43000000002212,-2464.039999999106,899.0
0.817947,14344960.44,11733420.95,751114.49,1644993939,WMT/ADA_0.3,0.0011139999999999484,3398.199999999255,18756.41000000015,899.0
0.134995,11054020.38,1492245.44,416088.78,1644993939,MELD/ADA_0.3,-0.00020400000000000973,9139.520000001416,-1020.6100000001024,899.0
0.164532,6564812.0,1080127.58,27127.77,1644993939,XRAY/ADA_0.3,0.0,450.0,74.04000000003725,899.0
0.080147,12642457.0,1013261.16,717706.51,1644993939,PAVIA/ADA_0.3,0.00014599999999999336,-11204.0,949.9799999999814,899.0
0.350667,2478016.0,868958.77,56272.72,1644993939,ADAX/ADA_0.3,0.0,0.0,0.0,899.0
2.01991,383132.54,773893.59,131103.49,1644993939,AADA/ADA_0.3,0.0,0.0,0.0,899.0
1.645773,327437.63,538888.19,56201.82,1644993939,VYFI/ADA_0.3,0.0,0.0,0.0,899.0
6.342011,52334.0,331902.83,131587.19,1644993939,MILK/ADA_0.3,0.024047000000000374,52.0,1587.0200000000186,899.0
0.112391,1758487.16,197638.41,46730.21,1644993939,MINt/ADA_0.3,-2.3999999999996247e-05,187.61999999987893,-21.029999999998836,899.0
0.033918,5719667.64,194003.23,6993.17,1644993939,CLAP/ADA_0.3,0.0,0.0,0.0,899.0
2.288382,68351.07,156413.42,128547.69,1644993939,DANA/ADA_0.05,-0.031268000000000296,462.34000000001106,-1064.679999999993,899.0
0.0,6833883678251.0,154490.8,594.4,1644993939,CHRLZ/ADA_0.3,0.0,0.0,0.0,899.0
0.812871,174316.5,141696.93,0.0,1644993939,WMT/ADA_0.05,0.0,0.0,0.0,899.0
0.005381,21677401.0,116662.3,8065.69,1644993939,RAVE/ADA_1.0,0.0,0.0,0.0,899.0
3.2e-05,3366744546.13,107832.85,6714.19,1644993939,ASHIB/ADA_1.0,0.0,0.0,0.0,899.0
0.708963,138267.33,98026.5,2822.29,1644993939,SUNDAE/ADA_1.0,0.0,0.0,0.0,899.0
0.0,96843262720574.0,96378.88,1613.71,1644993939,BISON/ADA_0.3,0.0,0.0,0.0,899.0
0.031591,2776053.0,87698.47,13962.48,1644993939,FIRE/ADA_0.3,0.00026400000000000035,-11630.0,366.9799999999959,899.0
0.340316,221073.92,75235.11,92234.66,1644993939,MIN/ADA_0.3,0.0,0.0,0.0,899.0
0.688636,105760.61,72830.62,1486.74,1644993939,SUNDAE/ADA_0.05,0.0,1348.7799999999988,928.8199999999924,899.0
0.0,1010434755878.0,66818.85,47658.8,1644993939,HOSKY/ADA_0.3,0.0,13296663796.0,-889.5199999999895,899.0
0.00616,9039107.0,55682.58,3827.21,1644993939,FLICK/ADA_0.3,0.0,0.0,0.0,899.0
0.0899,527776.0,47447.34,9091.22,1644993939,cNETA/ADA_0.3,0.0,0.0,0.0,899.0
0.131209,302268.63,39660.57,1052.54,1644993939,MELD/ADA_1.0,0.0,0.0,0.0,899.0
0.00972,3787369.0,36814.98,19599.39,1644993939,CNFT/ADA_0.3,-0.0005450000000000003,102000.0,-1015.8699999999953,899.0
0.111147,304995.52,33899.62,5207.87,1644993939,REVU/ADA_0.3,0.0,0.0,0.0,899.0
0.002714,12272117.73,33315.97,13727.2,1644993939,DRIP/ADA_1.0,0.0,0.0,0.0,899.0
0.005429,5772067.0,31339.79,808.93,1644993939,BDOGE/ADA_1.0,0.0,0.0,0.0,899.0
0.018617,1605262.0,29885.91,6419.98,1644993939,QUID/ADA_0.3,0.00018400000000000014,-7994.0,148.7599999999984,899.0
40.199695,736.0,29586.97,4386.64,1644993939,unsi…en/ADA_1.0,0.0,0.0,0.0,899.0
0.000849,33527130.3,28488.89,184.73,1644993939,MONET/ADA_0.3,0.0,0.0,0.0,899.0
0.0,283679249653.0,20655.68,5201.09,1644993939,HOSKY/ADA_0.05,0.0,0.0,0.8800000000010186,899.0
0.00073,28254709.0,20626.01,0.0,1644993939,RAG/ADA_1.0,0.0,0.0,0.0,899.0
0.111367,183580.89,20445.03,2240.41,1644993939,MINt/ADA_0.05,0.0,0.0,0.0,899.0
0.33155,57324.81,19006.07,1138.06,1644993939,MIN/ADA_0.05,0.0,0.0,0.0,899.0
0.016814,1125784.0,18929.01,46.57,1644993939,GOKEY/ADA_0.3,0.0,0.0,0.0,899.0
23.388583,786.0,18383.42,2690.26,1644993939,XDIA…ND/ADA_1.0,0.0,0.0,0.0,899.0
0.155384,114307.0,17761.54,1724.53,1644993939,SKULL/ADA_1.0,0.0,0.0,0.0,899.0
0.441418,39451.0,17414.4,752.86,1644993939,CDX/ADA_1.0,0.0,0.0,0.0,899.0
0.032763,475283.0,15572.1,2912.33,1644993939,cMETA/ADA_0.3,0.00016700000000000048,-1220.0,40.0,899.0
0.000451,32281164.0,14574.14,12640.21,1644993939,KIDZ/ADA_0.3,0.0,0.0,0.0,899.0
0.382801,37854.06,14490.59,15581.84,1644993939,CARGO/ADA_0.3,0.0,0.0,0.0,899.0
2.188129,6597.41,14435.99,0.0,1644993939,DANA/ADA_0.3,0.0,0.0,0.0,899.0
0.0,15531629082.0,13074.41,1041.39,1644993939,MEOW/ADA_0.3,0.0,0.0,0.0,899.0
0.109,97894.0,10670.52,8.59,1644993939,Card…rm/ADA_0.3,0.0,0.0,0.0,899.0
0.768512,13799.15,10604.82,0.0,1644993939,WMT/ADA_1.0,0.0,0.0,0.0,899.0
0.001166,8066292.0,9411.83,176.43,1644993939,FLANO/ADA_1.0,0.0,0.0,0.0,899.0
0.046601,201780.18,9403.19,18.38,1644993939,cbTHC/ADA_0.3,0.0,0.0,0.0,899.0
0.744139,25679425.62,19109077.8,730270.15,1644994839,SUNDAE/ADA_0.3,-0.002198999999999951,39147.03000000119,-27246.050000000745,900.0
104.892283,153473.45,16098181.56,910528.51,1644994839,LQ/ADA_0.3,0.03317800000000659,-24.25,2550.0,900.0
0.824912,14345068.74,11833430.35,595671.14,1644994839,WMT/ADA_0.3,0.006964999999999999,108.30000000074506,100009.40000000037,900.0
0.135199,11045736.06,1493373.45,395170.98,1644994839,MELD/ADA_0.3,0.00020400000000000973,-8284.320000000298,1128.0100000000093,900.0
0.164532,6564812.0,1080127.58,27003.45,1644994839,XRAY/ADA_0.3,0.0,0.0,0.0,900.0
0.080623,12605117.0,1016272.1,714916.53,1644994839,PAVIA/ADA_0.3,0.0004760000000000042,-37340.0,3010.939999999944,900.0
0.350667,2478016.0,868958.77,53627.31,1644994839,ADAX/ADA_0.3,0.0,0.0,0.0,900.0
2.01991,383132.54,773893.59,129091.62,1644994839,AADA/ADA_0.3,0.0,0.0,0.0,900.0
1.645773,327437.63,538888.19,56201.82,1644994839,VYFI/ADA_0.3,0.0,0.0,0.0,900.0
6.449243,51898.0,334702.83,133380.36,1644994839,MILK/ADA_0.3,0.10723199999999977,-436.0,2800.0,900.0
0.112391,1758487.16,197638.41,42044.62,1644994839,MINt/ADA_0.3,0.0,0.0,0.0,900.0
0.033918,5719667.64,194003.23,6836.85,1644994839,CLAP/ADA_0.3,0.0,0.0,0.0,900.0
0.0,6833883678251.0,154490.8,594.4,1644994839,CHRLZ/ADA_0.3,0.0,0.0,0.0,900.0
2.214682,69479.34,153874.67,136394.28,1644994839,DANA/ADA_0.05,-0.0737000000000001,1128.2699999999895,-2538.75,900.0
0.812871,174726.5,142030.21,0.0,1644994839,WMT/ADA_0.05,0.0,410.0,333.27999999999884,900.0
0.005381,21677401.0,116662.3,7550.33,1644994839,RAVE/ADA_1.0,0.0,0.0,0.0,900.0
3.2e-05,3366450929.95,107842.35,6723.78,1644994839,ASHIB/ADA_1.0,0.0,-293616.1800003052,9.5,900.0
0.708963,138267.33,98026.5,2822.29,1644994839,SUNDAE/ADA_1.0,0.0,0.0,0.0,900.0
0.0,96843262720574.0,96378.88,1600.81,1644994839,BISON/ADA_0.3,0.0,0.0,0.0,900.0
0.031591,2776053.0,87698.47,12988.04,1644994839,FIRE/ADA_0.3,0.0,0.0,0.0,900.0
0.337282,222260.46,74964.65,87863.17,1644994839,MIN/ADA_0.3,-0.003033999999999981,1186.539999999979,-270.4600000000064,900.0
0.688636,105993.61,72991.07,1486.74,1644994839,SUNDAE/ADA_0.05,0.0,233.0,160.45000000001164,900.0
0.0,995092664822.0,67785.67,47650.89,1644994839,HOSKY/ADA_0.3,0.0,-15342091056.0,966.8199999999924,900.0
0.006271,8958903.0,56182.58,4027.81,1644994839,FLICK/ADA_0.3,0.00011099999999999999,-80204.0,500.0,900.0
0.0899,527776.0,47447.34,8989.21,1644994839,cNETA/ADA_0.3,0.0,0.0,0.0,900.0
0.131209,302268.63,39660.57,1052.54,1644994839,MELD/ADA_1.0,0.0,0.0,0.0,900.0
0.00972,3787369.0,36814.98,19599.39,1644994839,CNFT/ADA_0.3,0.0,0.0,0.0,900.0
0.111147,304995.52,33899.62,4671.94,1644994839,REVU/ADA_0.3,0.0,0.0,0.0,900.0
0.002709,12283117.73,33286.43,12963.13,1644994839,DRIP/ADA_1.0,-4.999999999999796e-06,11000.0,-29.540000000000873,900.0
0.005429,5772067.0,31339.79,808.93,1644994839,BDOGE/ADA_1.0,0.0,0.0,0.0,900.0
40.199695,736.0,29586.97,3521.08,1644994839,unsi…en/ADA_1.0,0.0,0.0,0.0,900.0
0.017965,1634162.0,29358.94,6946.96,1644994839,QUID/ADA_0.3,-0.0006520000000000033,28900.0,-526.9700000000012,900.0
0.000849,33527130.3,28488.89,184.73,1644994839,MONET/ADA_0.3,0.0,0.0,0.0,900.0
0.0,283679249653.0,20655.68,4522.85,1644994839,HOSKY/ADA_0.05,0.0,0.0,0.0,900.0
0.00073,28254709.0,20626.01,0.0,1644994839,RAG/ADA_1.0,0.0,0.0,0.0,900.0
0.111367,183580.89,20445.03,2240.41,1644994839,MINt/ADA_0.05,0.0,0.0,0.0,900.0
0.33155,57324.81,19006.07,1138.06,1644994839,MIN/ADA_0.05,0.0,0.0,0.0,900.0
0.016814,1125784.0,18929.01,46.57,1644994839,GOKEY/ADA_0.3,0.0,0.0,0.0,900.0
23.388583,786.0,18383.42,2690.26,1644994839,XDIA…ND/ADA_1.0,0.0,0.0,0.0,900.0
0.155384,114307.0,17761.54,1724.53,1644994839,SKULL/ADA_1.0,0.0,0.0,0.0,900.0
0.441418,39451.0,17414.4,752.86,1644994839,CDX/ADA_1.0,0.0,0.0,0.0,900.0
0.032086,480283.0,15410.47,2912.33,1644994839,cMETA/ADA_0.3,-0.000676999999999997,5000.0,-161.63000000000102,900.0
0.000451,32281164.0,14574.14,12529.88,1644994839,KIDZ/ADA_0.3,0.0,0.0,0.0,900.0
0.382801,37854.06,14490.59,15034.67,1644994839,CARGO/ADA_0.3,0.0,0.0,0.0,900.0
2.188129,6597.41,14435.99,0.0,1644994839,DANA/ADA_0.3,0.0,0.0,0.0,900.0
0.0,15531629082.0,13074.41,1031.36,1644994839,MEOW/ADA_0.3,0.0,0.0,0.0,900.0
0.109,97894.0,10670.52,8.59,1644994839,Card…rm/ADA_0.3,0.0,0.0,0.0,900.0
0.768512,13799.15,10604.82,0.0,1644994839,WMT/ADA_1.0,0.0,0.0,0.0,900.0
0.001176,8031655.0,9452.83,217.84,1644994839,FLANO/ADA_1.0,1.0000000000000026e-05,-34637.0,41.0,900.0
0.046601,201780.18,9403.19,18.38,1644994839,cbTHC/ADA_0.3,0.0,0.0,0.0,900.0
0.744327,25685283.21,19118266.03,735687.4,1644995739,SUNDAE/ADA_0.3,0.00018799999999996597,5857.589999999851,9188.230000000447,900.0
104.82408,153547.23,16095447.27,915755.69,1644995739,LQ/ADA_0.3,-0.06820300000001112,73.77999999999884,-2734.2900000009686,900.0
0.823809,14355972.38,11826579.82,607954.66,1644995739,WMT/ADA_0.3,-0.0011029999999999651,10903.640000000596,-6850.529999999329,900.0
0.136209,11004771.07,1498949.23,400763.49,1644995739,MELD/ADA_0.3,0.0010099999999999831,-40964.99000000022,5575.780000000028,900.0
0.164532,6564812.0,1080127.58,27003.45,1644995739,XRAY/ADA_0.3,0.0,0.0,0.0,900.0
0.085026,12270845.0,1043349.65,742556.43,1644995739,PAVIA/ADA_0.3,0.004403000000000004,-334272.0,27077.550000000047,900.0
0.351359,2475595.0,869824.02,58771.06,1644995739,ADAX/ADA_0.3,0.0006919999999999704,-2421.0,865.25,900.0
2.009423,384132.54,771884.97,131100.24,1644995739,AADA/ADA_0.3,-0.010486999999999913,1000.0,-2008.6199999999953,900.0
1.646078,327407.34,538938.19,56251.97,1644995739,VYFI/ADA_0.3,0.0003049999999999997,-30.289999999979045,50.0,900.0
6.449243,51898.0,334702.83,133380.36,1644995739,MILK/ADA_0.3,0.0,0.0,0.0,900.0
0.112391,1758487.16,197638.41,42044.62,1644995739,MINt/ADA_0.3,0.0,0.0,0.0,900.0
0.033918,5719667.64,194003.23,6836.85,1644995739,CLAP/ADA_0.3,0.0,0.0,0.0,900.0
2.303212,68132.02,156922.55,140376.57,1644995739,DANA/ADA_0.05,0.08853,-1347.3199999999924,3047.8799999999756,900.0
0.0,6833883678251.0,154490.8,594.4,1644995739,CHRLZ/ADA_0.3,0.0,0.0,0.0,900.0
0.812871,174726.5,142030.21,0.0,1644995739,WMT/ADA_0.05,0.0,0.0,0.0,900.0
0.005333,21776298.0,116137.87,9133.28,1644995739,RAVE/ADA_1.0,-4.80000000000003e-05,98897.0,-524.4300000000076,900.0
3.2e-05,3366450929.95,107842.35,6723.78,1644995739,ASHIB/ADA_1.0,0.0,0.0,0.0,900.0
0.708963,138267.33,98026.5,2822.29,1644995739,SUNDAE/ADA_1.0,0.0,0.0,0.0,900.0
0.0,96843262720574.0,96378.88,1600.81,1644995739,BISON/ADA_0.3,0.0,0.0,0.0,900.0
0.031634,2774161.0,87758.47,13048.22,1644995739,FIRE/ADA_0.3,4.300000000000137e-05,-1892.0,60.0,900.0
0.338826,221754.46,75136.22,88035.25,1644995739,MIN/ADA_0.3,0.0015439999999999898,-506.0,171.57000000000698,900.0
0.688636,106020.41,73009.52,1486.74,1644995739,SUNDAE/ADA_0.05,0.0,26.80000000000291,18.44999999999709,900.0
0.0,1006492664822.0,67020.17,48416.38,1644995739,HOSKY/ADA_0.3,0.0,11400000000.0,-765.5,900.0
0.006271,8958903.0,56182.58,4027.81,1644995739,FLICK/ADA_0.3,0.0,0.0,0.0,900.0
0.090279,526670.0,47547.34,9089.51,1644995739,cNETA/ADA_0.3,0.00037900000000000433,-1106.0,100.0,900.0
0.131209,302268.63,39660.57,1052.54,1644995739,MELD/ADA_1.0,0.0,0.0,0.0,900.0
0.009583,3814295.0,36556.05,19918.41,1644995739,CNFT/ADA_0.3,-0.00013699999999999997,26926.0,-258.9300000000003,900.0
0.111147,304995.52,33899.62,4671.94,1644995739,REVU/ADA_0.3,0.0,0.0,0.0,900.0
0.002707,12289117.73,33275.73,12976.54,1644995739,DRIP/ADA_1.0,-1.9999999999998318e-06,6000.0,-10.69999999999709,900.0
0.005429,5772067.0,31339.79,808.93,1644995739,BDOGE/ADA_1.0,0.0,0.0,0.0,900.0
41.371737,726.0,30035.88,3974.47,1644995739,unsi…en/ADA_1.0,1.1720420000000047,-10.0,448.90999999999985,900.0
0.017965,1634162.0,29358.94,6946.96,1644995739,QUID/ADA_0.3,0.0,0.0,0.0,900.0
0.000849,33527130.3,28488.89,184.73,1644995739,MONET/ADA_0.3,0.0,0.0,0.0,900.0
0.0,283744406792.0,20660.43,4522.85,1644995739,HOSKY/ADA_0.05,0.0,65157139.0,4.75,900.0
0.00073,28254709.0,20626.01,0.0,1644995739,RAG/ADA_1.0,0.0,0.0,0.0,900.0
0.111367,183580.89,20445.03,2240.41,1644995739,MINt/ADA_0.05,0.0,0.0,0.0,900.0
0.33155,57324.81,19006.07,1138.06,1644995739,MIN/ADA_0.05,0.0,0.0,0.0,900.0
0.016814,1125784.0,18929.01,46.57,1644995739,GOKEY/ADA_0.3,0.0,0.0,0.0,900.0
23.388583,786.0,18383.42,2690.26,1644995739,XDIA…ND/ADA_1.0,0.0,0.0,0.0,900.0
0.155384,114307.0,17761.54,1724.53,1644995739,SKULL/ADA_1.0,0.0,0.0,0.0,900.0
0.441418,39451.0,17414.4,752.86,1644995739,CDX/ADA_1.0,0.0,0.0,0.0,900.0
0.032086,480283.0,15410.47,2912.33,1644995739,cMETA/ADA_0.3,0.0,0.0,0.0,900.0
0.000451,32281164.0,14574.14,12529.88,1644995739,KIDZ/ADA_0.3,0.0,0.0,0.0,900.0
0.382801,37854.06,14490.59,15034.67,1644995739,CARGO/ADA_0.3,0.0,0.0,0.0,900.0
2.188129,6597.41,14435.99,0.0,1644995739,DANA/ADA_0.3,0.0,0.0,0.0,900.0
0.0,15531629082.0,13074.41,1031.36,1644995739,MEOW/ADA_0.3,0.0,0.0,0.0,900.0
0.109,97894.0,10670.52,8.59,1644995739,Card…rm/ADA_0.3,0.0,0.0,0.0,900.0
0.768512,13799.15,10604.82,0.0,1644995739,WMT/ADA_1.0,0.0,0.0,0.0,900.0
0.001176,8031655.0,9452.83,217.84,1644995739,FLANO/ADA_1.0,0.0,0.0,0.0,900.0
0.046601,201780.18,9403.19,18.38,1644995739,cbTHC/ADA_0.3,0.0,0.0,0.0,900.0
0.744327,25685283.21,19118266.03,735687.4,1644996639,SUNDAE/ADA_0.3,0.0,0.0,0.0,900.0
104.827542,153571.95,16098571.05,916651.69,1644996639,LQ/ADA_0.3,0.003461999999998966,24.720000000001164,3123.780000001192,900.0
0.823795,14359980.04,11829684.52,618171.66,1644996639,WMT/ADA_0.3,-1.399999999995849e-05,4007.6599999982864,3104.699999999255,900.0
0.13604,11021751.86,1499404.79,406979.95,1644996639,MELD/ADA_0.3,-0.00016900000000000248,16980.789999999106,455.5600000000559,900.0
0.164532,6564812.0,1080127.58,27003.45,1644996639,XRAY/ADA_0.3,0.0,0.0,0.0,900.0
0.088947,11998061.0,1067196.67,784704.66,1644996639,PAVIA/ADA_0.3,0.003920999999999994,-272784.0,23847.019999999902,900.0
0.352974,2469933.0,871824.02,60777.06,1644996639,ADAX/ADA_0.3,0.001615000000000033,-5662.0,2000.0,900.0
2.009423,384132.54,771884.97,131411.17,1644996639,AADA/ADA_0.3,0.0,0.0,0.0,900.0
1.645877,327427.34,538905.37,56284.79,1644996639,VYFI/ADA_0.3,-0.0002009999999998957,20.0,-32.81999999994878,900.0
6.462711,51844.0,335052.83,133731.41,1644996639,MILK/ADA_0.3,0.013467999999999591,-54.0,350.0,900.0
0.112391,1758487.16,197638.41,42044.62,1644996639,MINt/ADA_0.3,0.0,0.0,0.0,900.0
0.033918,5719667.64,194003.23,6836.85,1644996639,CLAP/ADA_0.3,0.0,0.0,0.0,900.0
2.244687,69014.72,154916.5,142382.62,1644996639,DANA/ADA_0.05,-0.05852499999999994,882.6999999999971,-2006.0499999999884,900.0
0.0,6833883678251.0,154490.8,594.4,1644996639,CHRLZ/ADA_0.3,0.0,0.0,0.0,900.0
0.812871,174726.5,142030.21,0.0,1644996639,WMT/ADA_0.05,0.0,0.0,0.0,900.0
0.005237,21976298.0,115091.41,9133.28,1644996639,RAVE/ADA_1.0,-9.599999999999973e-05,200000.0,-1046.4599999999919,900.0
3.2e-05,3366450929.95,107842.35,6723.78,1644996639,ASHIB/ADA_1.0,0.0,0.0,0.0,900.0
0.708963,138267.33,98026.5,2822.29,1644996639,SUNDAE/ADA_1.0,0.0,0.0,0.0,900.0
0.0,96841259154498.0,96380.88,1602.82,1644996639,BISON/ADA_0.3,0.0,-2003566076.0,2.0,900.0
0.688636,139796.98,96269.31,1486.74,1644996639,SUNDAE/ADA_0.05,0.0,33776.57000000001,23259.789999999994,900.0
0.031641,2773846.0,87768.47,13058.25,1644996639,FIRE/ADA_0.3,7.000000000000062e-06,-315.0,10.0,900.0
0.329854,224754.46,74136.28,89051.63,1644996639,MIN/ADA_0.3,-0.008972000000000036,3000.0,-999.9400000000023,900.0
0.0,1006475292362.0,67027.66,50534.08,1644996639,HOSKY/ADA_0.3,0.0,-17372460.0,7.490000000005239,900.0
0.006271,8958903.0,56182.58,4027.81,1644996639,FLICK/ADA_0.3,0.0,0.0,0.0,900.0
0.090279,526670.0,47547.34,9089.51,1644996639,cNETA/ADA_0.3,0.0,0.0,0.0,900.0
0.131209,302268.63,39660.57,1052.54,1644996639,MELD/ADA_1.0,0.0,0.0,0.0,900.0
0.009583,3814295.0,36556.05,19918.41,1644996639,CNFT/ADA_0.3,0.0,0.0,0.0,900.0
0.111147,304995.52,33899.62,4671.94,1644996639,REVU/ADA_0.3,0.0,0.0,0.0,900.0
0.002703,12299117.73,33248.95,13003.33,1644996639,DRIP/ADA_1.0,-4.000000000000097e-06,10000.0,-26.780000000006112,900.0
0.005429,5772067.0,31339.79,808.93,1644996639,BDOGE/ADA_1.0,0.0,0.0,0.0,900.0
41.371737,726.0,30035.88,3974.47,1644996639,unsi…en/ADA_1.0,0.0,0.0,0.0,900.0
0.017965,1634162.0,29358.94,6946.96,1644996639,QUID/ADA_0.3,0.0,0.0,0.0,900.0
0.000849,33527130.3,28488.89,184.73,1644996639,MONET/ADA_0.3,0.0,0.0,0.0,900.0
0.0,283744406792.0,20660.43,4522.85,1644996639,HOSKY/ADA_0.05,0.0,0.0,0.0,900.0
0.00073,28254709.0,20626.01,0.0,1644996639,RAG/ADA_1.0,0.0,0.0,0.0,900.0
0.111367,183580.89,20445.03,2240.41,1644996639,MINt/ADA_0.05,0.0,0.0,0.0,900.0
0.33155,57324.81,19006.07,1138.06,1644996639,MIN/ADA_0.05,0.0,0.0,0.0,900.0
0.016814,1125784.0,18929.01,46.57,1644996639,GOKEY/ADA_0.3,0.0,0.0,0.0,900.0
23.388583,786.0,18383.42,2690.26,1644996639,XDIA…ND/ADA_1.0,0.0,0.0,0.0,900.0
0.155384,114307.0,17761.54,1724.53,1644996639,SKULL/ADA_1.0,0.0,0.0,0.0,900.0
0.441418,39451.0,17414.4,752.86,1644996639,CDX/ADA_1.0,0.0,0.0,0.0,900.0
0.032086,480283.0,15410.47,2912.33,1644996639,cMETA/ADA_0.3,0.0,0.0,0.0,900.0
0.000451,32281164.0,14574.14,12529.88,1644996639,KIDZ/ADA_0.3,0.0,0.0,0.0,900.0
0.382801,37854.06,14490.59,15034.67,1644996639,CARGO/ADA_0.3,0.0,0.0,0.0,900.0
2.188129,6597.41,14435.99,0.0,1644996639,DANA/ADA_0.3,0.0,0.0,0.0,900.0
0.0,15531629082.0,13074.41,1031.36,1644996639,MEOW/ADA_0.3,0.0,0.0,0.0,900.0
0.109,97894.0,10670.52,8.59,1644996639,Card…rm/ADA_0.3,0.0,0.0,0.0,900.0
0.768512,13799.15,10604.82,0.0,1644996639,WMT/ADA_1.0,0.0,0.0,0.0,900.0
0.001176,8031655.0,9452.83,217.84,1644996639,FLANO/ADA_1.0,0.0,0.0,0.0,900.0
0.046601,201780.18,9403.19,18.38,1644996639,cbTHC/ADA_0.3,0.0,0.0,0.0,900.0
0.744327,25685283.21,19118266.03,735687.4,1644997540,SUNDAE/ADA_0.3,0.0,0.0,0.0,900.0
104.632545,153717.22,16083824.38,931609.44,1644997540,LQ/ADA_0.3,-0.19499700000000075,145.26999999998952,-14746.669999999925,900.0
0.822396,14372205.47,11819652.21,618208.19,1644997540,WMT/ADA_0.3,-0.001399000000000039,12225.430000001565,-10032.309999998659,900.0
0.136575,11000214.01,1502357.26,408523.86,1644997540,MELD/ADA_0.3,0.0005350000000000077,-21537.849999999627,2952.469999999972,900.0
0.089099,11988043.0,1068129.18,798186.26,1644997540,PAVIA/ADA_0.3,0.00015199999999999936,-10018.0,932.5100000000093,900.0
0.164481,6401108.0,1052864.85,27171.4,1644997540,XRAY/ADA_0.3,-5.100000000002325e-05,-163704.0,-27262.72999999998,900.0
0.354486,2464672.0,873691.87,62935.25,1644997540,ADAX/ADA_0.3,0.0015120000000000133,-5261.0,1867.8499999999767,900.0
1.951769,389773.68,760748.49,142877.68,1644997540,AADA/ADA_0.3,-0.05765399999999987,5641.140000000014,-11136.479999999981,900.0
1.645877,327427.34,538905.37,56284.79,1644997540,VYFI/ADA_0.3,0.0,0.0,0.0,900.0
6.441859,51928.0,334512.86,134362.53,1644997540,MILK/ADA_0.3,-0.02085199999999965,84.0,-539.9700000000303,900.0
0.112391,1759460.55,197747.81,42044.62,1644997540,MINt/ADA_0.3,0.0,973.3900000001304,109.39999999999418,900.0
0.033918,5719667.64,194003.23,6836.85,1644997540,CLAP/ADA_0.3,0.0,0.0,0.0,900.0
2.247439,68972.7,155012.0,144687.71,1644997540,DANA/ADA_0.05,0.0027520000000000877,-42.020000000004075,95.5,900.0
0.0,6833883678251.0,154490.8,594.4,1644997540,CHRLZ/ADA_0.3,0.0,0.0,0.0,900.0
0.812871,174726.5,142030.21,0.0,1644997540,WMT/ADA_0.05,0.0,0.0,0.0,900.0
0.005097,22276298.0,113556.81,10667.88,1644997540,RAVE/ADA_1.0,-0.00014000000000000037,300000.0,-1534.6000000000058,900.0
3.2e-05,3365832958.54,107862.35,6743.98,1644997540,ASHIB/ADA_1.0,0.0,-617971.4099998474,20.0,900.0
0.0,96811215610438.0,96410.88,1632.91,1644997540,BISON/ADA_0.3,0.0,-30043544060.0,30.0,900.0
0.688636,139729.84,96223.07,1486.74,1644997540,SUNDAE/ADA_0.05,0.0,-67.14000000001397,-46.23999999999069,900.0
0.031641,2773846.0,87768.47,13058.25,1644997540,FIRE/ADA_0.3,0.0,0.0,0.0,900.0
0.321093,227804.46,73146.63,90024.84,1644997540,MIN/ADA_0.3,-0.008760999999999963,3050.0,-989.6499999999942,900.0
0.0,1006250780878.0,67042.66,50549.12,1644997540,HOSKY/ADA_0.3,0.0,-224511484.0,15.0,900.0
0.006271,8958903.0,56182.58,4027.81,1644997540,FLICK/ADA_0.3,0.0,0.0,0.0,900.0
0.708963,78267.33,55488.69,2822.29,1644997540,SUNDAE/ADA_1.0,0.0,-59999.999999999985,-42537.81,900.0
0.090279,526720.0,47551.85,9089.51,1644997540,cNETA/ADA_0.3,0.0,50.0,4.510000000002037,900.0
0.131209,302268.63,39660.57,1052.54,1644997540,MELD/ADA_1.0,0.0,0.0,0.0,900.0
0.009583,3814295.0,36556.05,19918.41,1644997540,CNFT/ADA_0.3,0.0,0.0,0.0,900.0
0.111147,304995.52,33899.62,4671.94,1644997540,REVU/ADA_0.3,0.0,0.0,0.0,900.0
0.002704,12300456.71,33272.47,13013.43,1644997540,DRIP/ADA_1.0,9.99999999999699e-07,1338.980000000447,23.520000000004075,900.0
0.005429,5772067.0,31339.79,808.93,1644997540,BDOGE/ADA_1.0,0.0,0.0,0.0,900.0
41.371737,726.0,30035.88,3974.47,1644997540,unsi…en/ADA_1.0,0.0,0.0,0.0,900.0
0.017965,1634162.0,29358.94,6946.96,1644997540,QUID/ADA_0.3,0.0,0.0,0.0,900.0
0.000849,33527130.3,28488.89,184.73,1644997540,MONET/ADA_0.3,0.0,0.0,0.0,900.0
0.00073,28254709.0,20626.01,0.0,1644997540,RAG/ADA_1.0,0.0,0.0,0.0,900.0
0.111367,183580.89,20445.03,2240.41,1644997540,MINt/ADA_0.05,0.0,0.0,0.0,900.0
0.0,294349833267.0,19916.39,5266.89,1644997540,HOSKY/ADA_0.05,0.0,10605426475.0,-744.0400000000009,900.0
0.33155,57324.81,19006.07,1138.06,1644997540,MIN/ADA_0.05,0.0,0.0,0.0,900.0
0.016814,1125784.0,18929.01,46.57,1644997540,GOKEY/ADA_0.3,0.0,0.0,0.0,900.0
23.388583,786.0,18383.42,2690.26,1644997540,XDIA…ND/ADA_1.0,0.0,0.0,0.0,900.0
0.155384,114307.0,17761.54,1724.53,1644997540,SKULL/ADA_1.0,0.0,0.0,0.0,900.0
0.441418,39451.0,17414.4,752.86,1644997540,CDX/ADA_1.0,0.0,0.0,0.0,900.0
0.032086,480283.0,15410.47,2912.33,1644997540,cMETA/ADA_0.3,0.0,0.0,0.0,900.0
0.000451,32281164.0,14574.14,12529.88,1644997540,KIDZ/ADA_0.3,0.0,0.0,0.0,900.0
0.382801,37854.06,14490.59,15034.67,1644997540,CARGO/ADA_0.3,0.0,0.0,0.0,900.0
2.188129,6597.41,14435.99,0.0,1644997540,DANA/ADA_0.3,0.0,0.0,0.0,900.0
0.0,15531629082.0,13074.41,1031.36,1644997540,MEOW/ADA_0.3,0.0,0.0,0.0,900.0
0.109,97894.0,10670.52,8.59,1644997540,Card…rm/ADA_0.3,0.0,0.0,0.0,900.0
0.768512,13799.15,10604.82,0.0,1644997540,WMT/ADA_1.0,0.0,0.0,0.0,900.0
0.001176,8031655.0,9452.83,217.84,1644997540,FLANO/ADA_1.0,0.0,0.0,0.0,900.0
0.046601,201780.18,9403.19,18.38,1644997540,cbTHC/ADA_0.3,0.0,0.0,0.0,900.0
0.744327,25685283.21,19118266.03,735687.4,1644998439,SUNDAE/ADA_0.3,0.0,0.0,0.0,898.0
104.496745,153817.22,16073399.27,942034.54,1644998439,LQ/ADA_0.3,-0.13579999999998904,100.0,-10425.110000001267,898.0
0.822445,14383927.36,11829998.07,618562.69,1644998439,WMT/ADA_0.3,4.899999999996574e-05,11721.889999998733,10345.859999999404,898.0
0.136627,10998118.98,1502644.3,454684.92,1644998439,MELD/ADA_0.3,5.1999999999996493e-05,-2095.0299999993294,287.04000000003725,898.0
0.088577,12023480.0,1065004.32,802348.52,1644998439,PAVIA/ADA_0.3,-0.0005219999999999947,35437.0,-3124.8599999998696,898.0
0.164481,6401104.0,1052865.81,27270.59,1644998439,XRAY/ADA_0.3,0.0,-4.0,0.9599999999627471,898.0
0.35453,2464517.0,873747.54,62996.77,1644998439,ADAX/ADA_0.3,4.399999999998849e-05,-155.0,55.67000000004191,898.0
1.957455,389208.06,761857.38,143989.91,1644998439,AADA/ADA_0.3,0.005685999999999858,-565.6199999999953,1108.890000000014,898.0
1.645877,327427.34,538905.37,56284.79,1644998439,VYFI/ADA_0.3,0.0,0.0,0.0,898.0
6.434433,51958.0,334320.29,134555.09,1644998439,MILK/ADA_0.3,-0.007425999999999711,30.0,-192.57000000000698,898.0
0.113301,1752392.42,198547.81,41586.92,1644998439,MINt/ADA_0.3,0.0009099999999999941,-7068.130000000121,800.0,898.0
0.03393,5718667.64,194037.25,6041.96,1644998439,CLAP/ADA_0.3,1.2000000000005062e-05,-1000.0,34.01999999998952,898.0
2.235337,69159.2,154594.2,143780.53,1644998439,DANA/ADA_0.05,-0.012102000000000057,186.5,-417.79999999998836,898.0
0.0,6833883678251.0,154490.8,407.78,1644998439,CHRLZ/ADA_0.3,0.0,0.0,0.0,898.0
0.812871,174726.5,142030.21,0.0,1644998439,WMT/ADA_0.05,0.0,0.0,0.0,898.0
0.005088,22297300.0,113450.92,10773.77,1644998439,RAVE/ADA_1.0,-9.000000000000327e-06,21002.0,-105.88999999999942,898.0
3.2e-05,3365678501.43,107867.35,6749.03,1644998439,ASHIB/ADA_1.0,0.0,-154457.1100001335,5.0,898.0
0.688636,140306.77,96620.36,1486.74,1644998439,SUNDAE/ADA_0.05,0.0,576.929999999993,397.2899999999936,898.0
0.0,96811215610438.0,96410.88,1632.91,1644998439,BISON/ADA_0.3,0.0,0.0,0.0,898.0
0.031641,2773846.0,87768.47,13058.25,1644998439,FIRE/ADA_0.3,0.0,0.0,0.0,898.0
0.328479,225232.69,73984.36,88623.49,1644998439,MIN/ADA_0.3,0.007386000000000004,-2571.7699999999895,837.7299999999959,898.0
0.0,1020765395449.0,66092.18,49896.33,1644998439,HOSKY/ADA_0.3,0.0,14514614571.0,-950.4800000000105,898.0
0.006285,8948582.0,56247.58,4072.95,1644998439,FLICK/ADA_0.3,1.4000000000000123e-05,-10321.0,65.0,898.0
0.708963,78267.33,55488.69,2822.29,1644998439,SUNDAE/ADA_1.0,0.0,0.0,0.0,898.0
0.090262,526770.0,47547.35,9084.36,1644998439,cNETA/ADA_0.3,-1.7000000000003124e-05,50.0,-4.5,898.0
0.131209,302268.63,39660.57,1052.54,1644998439,MELD/ADA_1.0,0.0,0.0,0.0,898.0
0.009583,3814295.0,36556.05,19641.85,1644998439,CNFT/ADA_0.3,0.0,0.0,0.0,898.0
0.111147,304995.52,33899.62,4671.94,1644998439,REVU/ADA_0.3,0.0,0.0,0.0,898.0
0.002704,12300456.71,33272.47,11569.07,1644998439,DRIP/ADA_1.0,0.0,0.0,0.0,898.0
0.005429,5772067.0,31339.79,770.99,1644998439,BDOGE/ADA_1.0,0.0,0.0,0.0,898.0
41.371737,726.0,30035.88,3974.47,1644998439,unsi…en/ADA_1.0,0.0,0.0,0.0,898.0
0.017965,1634162.0,29358.94,6707.13,1644998439,QUID/ADA_0.3,0.0,0.0,0.0,898.0
0.000849,33527130.3,28488.89,14.22,1644998439,MONET/ADA_0.3,0.0,0.0,0.0,898.0
0.00073,28254709.0,20626.01,0.0,1644998439,RAG/ADA_1.0,0.0,0.0,0.0,898.0
0.111367,183580.89,20445.03,600.3,1644998439,MINt/ADA_0.05,0.0,0.0,0.0,898.0
0.0,294574344751.0,19931.58,5266.89,1644998439,HOSKY/ADA_0.05,0.0,224511484.0,15.190000000002328,898.0
0.33155,57324.81,19006.07,1138.06,1644998439,MIN/ADA_0.05,0.0,0.0,0.0,898.0
0.016814,1125784.0,18929.01,46.57,1644998439,GOKEY/ADA_0.3,0.0,0.0,0.0,898.0
23.388583,786.0,18383.42,2690.26,1644998439,XDIA…ND/ADA_1.0,0.0,0.0,0.0,898.0
0.155384,114307.0,17761.54,1724.53,1644998439,SKULL/ADA_1.0,0.0,0.0,0.0,898.0
0.441418,39451.0,17414.4,752.86,1644998439,CDX/ADA_1.0,0.0,0.0,0.0,898.0
0.032086,480283.0,15410.47,2912.33,1644998439,cMETA/ADA_0.3,0.0,0.0,0.0,898.0
0.000452,32237059.0,14594.14,12193.88,1644998439,KIDZ/ADA_0.3,9.9999999999997e-07,-44105.0,20.0,898.0
0.383593,37815.04,14505.59,15049.72,1644998439,CARGO/ADA_0.3,0.0007920000000000149,-39.0199999999968,15.0,898.0
2.188129,6597.41,14435.99,0.0,1644998439,DANA/ADA_0.3,0.0,0.0,0.0,898.0
0.0,15531629082.0,13074.41,1031.36,1644998439,MEOW/ADA_0.3,0.0,0.0,0.0,898.0
0.768512,13799.15,10604.82,0.0,1644998439,WMT/ADA_1.0,0.0,0.0,0.0,898.0
0.001176,8031655.0,9452.83,217.84,1644998439,FLANO/ADA_1.0,0.0,0.0,0.0,898.0
0.046601,201780.18,9403.19,18.38,1644998439,cbTHC/ADA_0.3,0.0,0.0,0.0,898.0
100.801593,87.9,8860.54,0.0,1644998439,LQ/ADA_1.0,0.0,0.0,0.0,12598.0
0.744327,25685283.21,19118266.03,718662.12,1644999339,SUNDAE/ADA_0.3,0.0,0.0,0.0,900.0
104.496745,153819.1,16073596.19,931107.4,1644999339,LQ/ADA_0.3,0.0,1.8800000000046566,196.9199999999255,900.0
0.844138,14201478.92,11988014.88,777915.32,1644999339,WMT/ADA_0.3,0.021693000000000073,-182448.43999999948,158016.81000000052,900.0
0.128282,11438728.83,1467394.01,484788.06,1644999339,MELD/ADA_0.3,-0.008344999999999991,440609.8499999996,-35250.29000000004,900.0
0.087794,12087029.0,1061179.12,801166.02,1644999339,PAVIA/ADA_0.3,-0.0007830000000000059,63549.0,-3825.1999999999534,900.0
0.164481,6401104.0,1052865.81,26136.61,1644999339,XRAY/ADA_0.3,0.0,0.0,0.0,900.0
0.354617,2464218.0,873853.9,63067.86,1644999339,ADAX/ADA_0.3,8.700000000000374e-05,-299.0,106.35999999998603,900.0
1.958327,389816.32,763387.86,140529.93,1644999339,AADA/ADA_0.3,0.0008719999999999839,608.2600000000093,1530.4799999999814,900.0
1.635885,328427.34,537269.41,47612.93,1644999339,VYFI/ADA_0.3,-0.009992000000000001,1000.0,-1635.9599999999627,900.0
6.85006,50320.0,344695.06,137557.83,1644999339,MILK/ADA_0.3,0.41562699999999975,-1638.0,10374.770000000019,900.0
0.11326,1752707.94,198512.18,41622.55,1644999339,MINt/ADA_0.3,-4.099999999999937e-05,315.5200000000186,-35.63000000000466,900.0
0.03393,5718667.64,194037.25,6041.96,1644999339,CLAP/ADA_0.3,0.0,0.0,0.0,900.0
2.235337,69159.2,154594.2,143780.53,1644999339,DANA/ADA_0.05,0.0,0.0,0.0,900.0
0.0,6833883678251.0,154490.8,407.78,1644999339,CHRLZ/ADA_0.3,0.0,0.0,0.0,900.0
0.812871,174726.5,142030.21,0.0,1644999339,WMT/ADA_0.05,0.0,0.0,0.0,900.0
0.005044,22394301.0,112964.7,11306.55,1644999339,RAVE/ADA_1.0,-4.399999999999977e-05,97001.0,-486.22000000000116,900.0
3.2e-05,3365678501.43,107867.35,6749.03,1644999339,ASHIB/ADA_1.0,0.0,0.0,0.0,900.0
0.0,96811215610438.0,96410.88,1632.91,1644999339,BISON/ADA_0.3,0.0,0.0,0.0,900.0
0.688636,139570.17,96113.12,1486.74,1644999339,SUNDAE/ADA_0.05,0.0,-736.5999999999767,-507.24000000000524,900.0
0.031641,2773846.0,87768.47,13058.25,1644999339,FIRE/ADA_0.3,0.0,0.0,0.0,900.0
0.322777,227402.32,73400.44,89926.76,1644999339,MIN/ADA_0.3,-0.00570200000000004,2169.6300000000047,-583.9199999999983,900.0
0.0,1020626830124.0,66101.18,49905.36,1644999339,HOSKY/ADA_0.3,0.0,-138565325.0,9.0,900.0
0.006285,8948582.0,56247.58,4072.95,1644999339,FLICK/ADA_0.3,0.0,0.0,0.0,900.0
0.708963,78267.33,55488.69,2822.29,1644999339,SUNDAE/ADA_1.0,0.0,0.0,0.0,900.0
0.090262,526770.0,47547.35,9084.36,1644999339,cNETA/ADA_0.3,0.0,0.0,0.0,900.0
0.131209,302268.63,39660.57,1052.54,1644999339,MELD/ADA_1.0,0.0,0.0,0.0,900.0
0.009685,3794295.0,36749.32,19835.7,1644999339,CNFT/ADA_0.3,0.00010199999999999966,-20000.0,193.2699999999968,900.0
0.111147,304995.52,33899.62,4671.94,1644999339,REVU/ADA_0.3,0.0,0.0,0.0,900.0
0.002699,12314009.74,33236.21,11605.32,1644999339,DRIP/ADA_1.0,-4.999999999999796e-06,13553.02999999933,-36.26000000000204,900.0
0.005429,5772067.0,31339.79,770.99,1644999339,BDOGE/ADA_1.0,0.0,0.0,0.0,900.0
42.594933,716.0,30497.97,4441.19,1644999339,unsi…en/ADA_1.0,1.2231959999999944,-10.0,462.09000000000015,900.0
0.017823,1640662.0,29242.97,6823.1,1644999339,QUID/ADA_0.3,-0.00014199999999999977,6500.0,-115.96999999999753,900.0
0.000849,33527130.3,28488.89,14.22,1644999339,MONET/ADA_0.3,0.0,0.0,0.0,900.0
0.00073,28254709.0,20626.01,0.0,1644999339,RAG/ADA_1.0,0.0,0.0,0.0,900.0
0.111367,183580.89,20445.03,600.3,1644999339,MINt/ADA_0.05,0.0,0.0,0.0,900.0
0.0,294578344751.0,19931.85,5266.89,1644999339,HOSKY/ADA_0.05,0.0,4000000.0,0.2699999999967986,900.0
0.33155,57324.81,19006.07,1138.06,1644999339,MIN/ADA_0.05,0.0,0.0,0.0,900.0
0.016814,1125784.0,18929.01,46.57,1644999339,GOKEY/ADA_0.3,0.0,0.0,0.0,900.0
23.388583,786.0,18383.42,2690.26,1644999339,XDIA…ND/ADA_1.0,0.0,0.0,0.0,900.0
0.155384,114307.0,17761.54,1724.53,1644999339,SKULL/ADA_1.0,0.0,0.0,0.0,900.0
0.441418,39451.0,17414.4,752.86,1644999339,CDX/ADA_1.0,0.0,0.0,0.0,900.0
0.032086,480283.0,15410.47,2912.33,1644999339,cMETA/ADA_0.3,0.0,0.0,0.0,900.0
0.000454,32177708.0,14621.14,12220.96,1644999339,KIDZ/ADA_0.3,1.9999999999999944e-06,-59351.0,27.0,900.0
0.383593,37815.04,14505.59,15049.72,1644999339,CARGO/ADA_0.3,0.0,0.0,0.0,900.0
2.188129,6597.41,14435.99,0.0,1644999339,DANA/ADA_0.3,0.0,0.0,0.0,900.0
0.0,15531629082.0,13074.41,1031.36,1644999339,MEOW/ADA_0.3,0.0,0.0,0.0,900.0
0.109,97894.0,10670.52,8.59,1644999339,Card…rm/ADA_0.3,0.0,0.0,0.0,1799.0
0.768512,13799.15,10604.82,0.0,1644999339,WMT/ADA_1.0,0.0,0.0,0.0,900.0
0.001176,8031655.0,9452.83,217.84,1644999339,FLANO/ADA_1.0,0.0,0.0,0.0,900.0
0.046601,201780.18,9403.19,18.38,1644999339,cbTHC/ADA_0.3,0.0,0.0,0.0,900.0
0.744327,25685283.21,19118266.03,718662.12,1645000239,SUNDAE/ADA_0.3,0.0,0.0,0.0,899.0
104.451233,153965.71,16081908.88,935233.98,1645000239,LQ/ADA_0.3,-0.04551200000000222,146.60999999998603,8312.690000001341,899.0
0.84531,14194614.34,11998852.78,831268.09,1645000239,WMT/ADA_0.3,0.0011719999999999509,-6864.5800000000745,10837.89999999851,899.0
0.128993,11393432.37,1469678.49,488607.07,1645000239,MELD/ADA_0.3,0.0007109999999999894,-45296.460000000894,2284.4799999999814,899.0
0.086657,12176358.0,1055175.92,815364.2,1645000239,PAVIA/ADA_0.3,-0.0011369999999999991,89329.0,-6003.200000000186,899.0
0.164513,6400498.0,1052965.81,26236.91,1645000239,XRAY/ADA_0.3,3.200000000000425e-05,-606.0,100.0,899.0
0.354819,2463516.0,874103.9,63318.61,1645000239,ADAX/ADA_0.3,0.00020199999999997997,-702.0,250.0,899.0
1.957946,389854.32,763313.8,140643.33,1645000239,AADA/ADA_0.3,-0.0003809999999999647,38.0,-74.05999999993946,899.0
1.626878,329336.79,535791.08,51006.04,1645000239,VYFI/ADA_0.3,-0.009006999999999987,909.4499999999534,-1478.3300000000745,899.0
6.813211,50457.0,343774.23,140349.79,1645000239,MILK/ADA_0.3,-0.03684900000000013,137.0,-920.8300000000163,899.0
0.114402,1743949.2,199512.18,42625.55,1645000239,MINt/ADA_0.3,0.0011420000000000041,-8758.73999999999,1000.0,899.0
0.03393,5718667.64,194037.25,6041.96,1645000239,CLAP/ADA_0.3,0.0,0.0,0.0,899.0
2.242571,69047.6,154844.2,144030.66,1645000239,DANA/ADA_0.05,0.007233999999999963,-111.59999999999127,250.0,899.0
0.0,6833883678251.0,154490.8,407.78,1645000239,CHRLZ/ADA_0.3,0.0,0.0,0.0,899.0
0.812871,174726.5,142030.21,0.0,1645000239,WMT/ADA_0.05,0.0,0.0,0.0,899.0
0.004999,22494301.0,112467.51,11803.74,1645000239,RAVE/ADA_1.0,-4.49999999999999e-05,100000.0,-497.1900000000023,899.0
3.2e-05,3365678501.43,107867.35,6749.03,1645000239,ASHIB/ADA_1.0,0.0,0.0,0.0,899.0
0.0,96811215610438.0,96410.88,1632.91,1645000239,BISON/ADA_0.3,0.0,0.0,0.0,899.0
0.688636,139570.17,96113.12,1486.74,1645000239,SUNDAE/ADA_0.05,0.0,0.0,0.0,899.0
0.031641,2773846.0,87768.47,13058.25,1645000239,FIRE/ADA_0.3,0.0,0.0,0.0,899.0
0.314439,230402.32,72447.54,90879.65,1645000239,MIN/ADA_0.3,-0.008337999999999957,3000.0,-952.9000000000087,899.0
0.0,1020626830124.0,66101.18,49905.36,1645000239,HOSKY/ADA_0.3,0.0,0.0,0.0,899.0
0.006285,8948582.0,56247.58,4072.95,1645000239,FLICK/ADA_0.3,0.0,0.0,0.0,899.0
0.708963,78267.33,55488.69,2822.29,1645000239,SUNDAE/ADA_1.0,0.0,0.0,0.0,899.0
0.089903,527820.0,47453.05,9178.66,1645000239,cNETA/ADA_0.3,-0.0003589999999999982,1050.0,-94.29999999999563,899.0
0.131209,302268.63,39660.57,1052.54,1645000239,MELD/ADA_1.0,0.0,0.0,0.0,899.0
0.009685,3794295.0,36749.32,19835.7,1645000239,CNFT/ADA_0.3,0.0,0.0,0.0,899.0
0.111147,304995.52,33899.62,4671.94,1645000239,REVU/ADA_0.3,0.0,0.0,0.0,899.0
0.002697,12318009.74,33225.53,11616.01,1645000239,DRIP/ADA_1.0,-1.9999999999998318e-06,4000.0,-10.680000000000291,899.0
0.005429,5772067.0,31339.79,770.99,1645000239,BDOGE/ADA_1.0,0.0,0.0,0.0,899.0
42.594933,716.0,30497.97,4441.19,1645000239,unsi…en/ADA_1.0,0.0,0.0,0.0,899.0
0.017823,1640662.0,29242.97,6823.1,1645000239,QUID/ADA_0.3,0.0,0.0,0.0,899.0
0.000849,33527130.3,28488.89,14.22,1645000239,MONET/ADA_0.3,0.0,0.0,0.0,899.0
0.00073,28254709.0,20626.01,0.0,1645000239,RAG/ADA_1.0,0.0,0.0,0.0,899.0
0.111367,183580.89,20445.03,600.3,1645000239,MINt/ADA_0.05,0.0,0.0,0.0,899.0
0.0,294578344751.0,19931.85,5266.89,1645000239,HOSKY/ADA_0.05,0.0,0.0,0.0,899.0
0.33155,57324.81,19006.07,1138.06,1645000239,MIN/ADA_0.05,0.0,0.0,0.0,899.0
0.016814,1125784.0,18929.01,46.57,1645000239,GOKEY/ADA_0.3,0.0,0.0,0.0,899.0
23.388583,786.0,18383.42,2690.26,1645000239,XDIA…ND/ADA_1.0,0.0,0.0,0.0,899.0
0.155384,114307.0,17761.54,1724.53,1645000239,SKULL/ADA_1.0,0.0,0.0,0.0,899.0
0.441418,39451.0,17414.4,752.86,1645000239,CDX/ADA_1.0,0.0,0.0,0.0,899.0
0.032086,480283.0,15410.47,2912.33,1645000239,cMETA/ADA_0.3,0.0,0.0,0.0,899.0
0.000454,32177708.0,14621.14,12220.96,1645000239,KIDZ/ADA_0.3,0.0,0.0,0.0,899.0
0.383593,37815.04,14505.59,15049.72,1645000239,CARGO/ADA_0.3,0.0,0.0,0.0,899.0
2.188129,6597.41,14435.99,0.0,1645000239,DANA/ADA_0.3,0.0,0.0,0.0,899.0
0.0,15531629082.0,13074.41,1031.36,1645000239,MEOW/ADA_0.3,0.0,0.0,0.0,899.0
0.109,97894.0,10670.52,8.59,1645000239,Card…rm/ADA_0.3,0.0,0.0,0.0,899.0
0.768512,13799.15,10604.82,0.0,1645000239,WMT/ADA_1.0,0.0,0.0,0.0,899.0
0.001176,8031655.0,9452.83,217.84,1645000239,FLANO/ADA_1.0,0.0,0.0,0.0,899.0
0.046601,201780.18,9403.19,18.38,1645000239,cbTHC/ADA_0.3,0.0,0.0,0.0,899.0
0.744327,25685283.21,19118266.03,718662.12,1645001140,SUNDAE/ADA_0.3,0.0,0.0,0.0,901.0
104.485407,153947.47,16085264.72,937876.56,1645001140,LQ/ADA_0.3,0.03417399999999304,-18.239999999990687,3355.839999999851,901.0
0.842413,14219898.82,11979030.31,851856.1,1645001140,WMT/ADA_0.3,-0.0028970000000000384,25284.480000000447,-19822.469999998808,901.0
0.131505,11284277.11,1483939.76,503567.76,1645001140,MELD/ADA_0.3,0.0025120000000000142,-109155.25999999978,14261.270000000019,901.0
0.087882,12073928.0,1061086.56,829770.2,1645001140,PAVIA/ADA_0.3,0.0012250000000000039,-102430.0,5910.64000000013,901.0
0.164513,6400498.0,1052965.81,26236.91,1645001140,XRAY/ADA_0.3,0.0,0.0,0.0,901.0
0.354812,2463541.0,874095.06,63327.45,1645001140,ADAX/ADA_0.3,-6.999999999979245e-06,25.0,-8.839999999967404,901.0
1.958851,389764.88,763491.42,141467.21,1645001140,AADA/ADA_0.3,0.0009049999999999336,-89.44000000000233,177.61999999999534,901.0
1.617058,330336.79,534173.98,51006.04,1645001140,VYFI/ADA_0.3,-0.00981999999999994,1000.0,-1617.0999999999767,901.0
6.806968,50481.0,343622.55,142367.74,1645001140,MILK/ADA_0.3,-0.0062429999999995545,24.0,-151.67999999999302,901.0
0.114402,1743949.2,199512.18,42625.55,1645001140,MINt/ADA_0.3,0.0,0.0,0.0,901.0
0.03393,5718667.64,194037.25,6041.96,1645001140,CLAP/ADA_0.3,0.0,0.0,0.0,901.0
0.0,6833883678251.0,154490.8,407.78,1645001140,CHRLZ/ADA_0.3,0.0,0.0,0.0,901.0
2.230889,69228.2,154440.45,144434.41,1645001140,DANA/ADA_0.05,-0.01168199999999997,180.59999999999127,-403.75,901.0
0.812871,174726.5,142030.21,0.0,1645001140,WMT/ADA_0.05,0.0,0.0,0.0,901.0
0.005004,22484301.0,112518.04,12348.03,1645001140,RAVE/ADA_1.0,4.999999999999796e-06,-10000.0,50.529999999998836,901.0
3.2e-05,3365678501.43,107867.35,6749.03,1645001140,ASHIB/ADA_1.0,0.0,0.0,0.0,901.0
0.0,96811215610438.0,96410.88,1632.91,1645001140,BISON/ADA_0.3,0.0,0.0,0.0,901.0
0.688636,139648.83,96167.28,1486.74,1645001140,SUNDAE/ADA_0.05,0.0,78.65999999997439,54.16000000000349,901.0
0.031641,2773846.0,87768.47,13058.25,1645001140,FIRE/ADA_0.3,0.0,0.0,0.0,901.0
0.314439,230402.32,72447.54,90879.65,1645001140,MIN/ADA_0.3,0.0,0.0,0.0,901.0
0.0,1005461516636.0,67101.18,51724.28,1645001140,HOSKY/ADA_0.3,0.0,-15165313488.0,1000.0,901.0
0.00625,8973581.0,56091.35,4229.18,1645001140,FLICK/ADA_0.3,-3.499999999999944e-05,24999.0,-156.2300000000032,901.0
0.708963,78267.33,55488.69,2822.29,1645001140,SUNDAE/ADA_1.0,0.0,0.0,0.0,901.0
0.089903,527820.0,47453.05,9178.66,1645001140,cNETA/ADA_0.3,0.0,0.0,0.0,901.0
0.131209,302268.63,39660.57,1052.54,1645001140,MELD/ADA_1.0,0.0,0.0,0.0,901.0
0.009423,3846790.0,36249.31,20335.72,1645001140,CNFT/ADA_0.3,-0.00026199999999999835,52495.0,-500.01000000000204,901.0
0.111147,304995.52,33899.62,4671.94,1645001140,REVU/ADA_0.3,0.0,0.0,0.0,901.0
0.002697,12317338.74,33227.52,11634.12,1645001140,DRIP/ADA_1.0,0.0,-671.0,1.9899999999979627,901.0
0.005429,5772067.0,31339.79,770.99,1645001140,BDOGE/ADA_1.0,0.0,0.0,0.0,901.0
42.594933,716.0,30497.97,4816.04,1645001140,unsi…en/ADA_1.0,0.0,0.0,0.0,901.0
0.017823,1640662.0,29242.97,6823.1,1645001140,QUID/ADA_0.3,0.0,0.0,0.0,901.0
0.000849,33527130.3,28488.89,14.22,1645001140,MONET/ADA_0.3,0.0,0.0,0.0,901.0
0.00073,28254709.0,20626.01,0.0,1645001140,RAG/ADA_1.0,0.0,0.0,0.0,901.0
0.111367,183580.89,20445.03,600.3,1645001140,MINt/ADA_0.05,0.0,0.0,0.0,901.0
0.0,294578344751.0,19931.85,5266.89,1645001140,HOSKY/ADA_0.05,0.0,0.0,0.0,901.0
0.33155,57324.81,19006.07,1138.06,1645001140,MIN/ADA_0.05,0.0,0.0,0.0,901.0
0.016814,1125784.0,18929.01,46.57,1645001140,GOKEY/ADA_0.3,0.0,0.0,0.0,901.0
23.388583,786.0,18383.42,2690.26,1645001140,XDIA…ND/ADA_1.0,0.0,0.0,0.0,901.0
0.469849,38245.0,17969.4,1313.41,1645001140,CDX/ADA_1.0,0.02843100000000004,-1206.0,555.0,901.0
0.156067,114058.0,17800.78,1764.17,1645001140,SKULL/ADA_1.0,0.0006830000000000169,-249.0,39.23999999999796,901.0
0.032086,480283.0,15410.47,2912.33,1645001140,cMETA/ADA_0.3,0.0,0.0,0.0,901.0
0.000454,32177708.0,14621.14,12220.96,1645001140,KIDZ/ADA_0.3,0.0,0.0,0.0,901.0
0.383593,37815.04,14505.59,15049.72,1645001140,CARGO/ADA_0.3,0.0,0.0,0.0,901.0
2.188129,6597.41,14435.99,0.0,1645001140,DANA/ADA_0.3,0.0,0.0,0.0,901.0
0.0,15531629082.0,13074.41,1031.36,1645001140,MEOW/ADA_0.3,0.0,0.0,0.0,901.0
0.109,97894.0,10670.52,8.59,1645001140,Card…rm/ADA_0.3,0.0,0.0,0.0,901.0
0.768512,13799.15,10604.82,0.0,1645001140,WMT/ADA_1.0,0.0,0.0,0.0,901.0
0.001176,8031655.0,9452.83,217.84,1645001140,FLANO/ADA_1.0,0.0,0.0,0.0,901.0
0.046601,201780.18,9403.19,18.38,1645001140,cbTHC/ADA_0.3,0.0,0.0,0.0,901.0
0.744327,25685283.21,19118266.03,700811.55,1645002040,SUNDAE/ADA_0.3,0.0,0.0,0.0,899.0
104.483947,154001.9,16090727.39,934006.52,1645002040,LQ/ADA_0.3,-0.0014599999999944657,54.429999999993015,5462.6699999999255,899.0
0.84112,14234607.81,11973019.09,867892.13,1645002040,WMT/ADA_0.3,-0.0012929999999999886,14708.990000000224,-6011.220000000671,899.0
0.130371,11333302.47,1477543.98,505523.8,1645002040,MELD/ADA_0.3,-0.0011340000000000239,49025.36000000127,-6395.780000000028,899.0
0.087168,12123358.0,1056774.89,829109.29,1645002040,PAVIA/ADA_0.3,-0.0007140000000000063,49430.0,-4311.670000000158,899.0
0.164483,6401070.0,1052872.0,26138.15,1645002040,XRAY/ADA_0.3,-3.0000000000002247e-05,572.0,-93.81000000005588,899.0
0.353094,2469536.0,871979.47,59109.09,1645002040,ADAX/ADA_0.3,-0.0017179999999999973,5995.0,-2115.590000000084,899.0
1.964956,389159.78,764682.14,142225.42,1645002040,AADA/ADA_0.3,0.006105000000000027,-605.0999999999767,1190.719999999972,899.0
1.662716,325776.49,541673.98,54907.39,1645002040,VYFI/ADA_0.3,0.045657999999999976,-4560.299999999988,7500.0,899.0
6.728839,50774.0,341650.08,143604.39,1645002040,MILK/ADA_0.3,-0.07812900000000056,293.0,-1972.469999999972,899.0
0.114535,1742935.96,199628.51,42625.89,1645002040,MINt/ADA_0.3,0.00013299999999999423,-1013.2399999999907,116.3300000000163,899.0
0.033933,5718373.82,194047.25,6051.99,1645002040,CLAP/ADA_0.3,2.9999999999960614e-06,-293.8199999993667,10.0,899.0
2.230889,70228.21,156671.35,141049.77,1645002040,DANA/ADA_0.05,0.0,1000.0100000000093,2230.899999999994,899.0
0.0,6833883678251.0,154490.8,272.17,1645002040,CHRLZ/ADA_0.3,0.0,0.0,0.0,899.0
0.828986,172862.35,143300.53,1400.7,1645002040,WMT/ADA_0.05,0.01611499999999999,-1864.1499999999942,1270.320000000007,899.0
0.00496,22584301.0,112024.78,11837.84,1645002040,RAVE/ADA_1.0,-4.399999999999977e-05,100000.0,-493.25999999999476,899.0
3.2e-05,3365338745.82,107878.35,6542.66,1645002040,ASHIB/ADA_1.0,0.0,-339755.6099996567,11.0,899.0
0.0,96811215610438.0,96410.88,1500.46,1645002040,BISON/ADA_0.3,0.0,0.0,0.0,899.0
0.688636,139648.83,96167.28,1486.74,1645002040,SUNDAE/ADA_0.05,0.0,0.0,0.0,899.0
0.031641,2773846.0,87768.47,12928.87,1645002040,FIRE/ADA_0.3,0.0,0.0,0.0,899.0
0.30218,235039.32,71024.38,92134.53,1645002040,MIN/ADA_0.3,-0.01225900000000002,4637.0,-1423.159999999989,899.0
0.0,1017875264703.0,66285.25,47195.34,1645002040,HOSKY/ADA_0.3,0.0,12413748067.0,-815.929999999993,899.0
0.00625,8973581.0,56091.35,4229.18,1645002040,FLICK/ADA_0.3,0.0,0.0,0.0,899.0
0.708963,78267.33,55488.69,2822.29,1645002040,SUNDAE/ADA_1.0,0.0,0.0,0.0,899.0
0.089903,527820.0,47453.05,9105.92,1645002040,cNETA/ADA_0.3,0.0,0.0,0.0,899.0
0.131209,302268.63,39660.57,1052.54,1645002040,MELD/ADA_1.0,0.0,0.0,0.0,899.0
0.009427,3845881.0,36257.9,20070.87,1645002040,CNFT/ADA_0.3,3.999999999998796e-06,-909.0,8.590000000003783,899.0
0.111147,304995.52,33899.62,4659.9,1645002040,REVU/ADA_0.3,0.0,0.0,0.0,899.0
0.00264,12449587.73,32878.04,11107.31,1645002040,DRIP/ADA_1.0,-5.700000000000019e-05,132248.99000000022,-349.4799999999959,899.0
0.005429,5772067.0,31339.79,770.99,1645002040,BDOGE/ADA_1.0,0.0,0.0,0.0,899.0
41.549125,725.0,30123.11,4816.04,1645002040,unsi…en/ADA_1.0,-1.045808000000001,9.0,-374.8600000000006,899.0
0.017823,1640662.0,29242.97,6772.95,1645002040,QUID/ADA_0.3,0.0,0.0,0.0,899.0
0.000849,33527130.3,28488.89,14.22,1645002040,MONET/ADA_0.3,0.0,0.0,0.0,899.0
0.00073,28254709.0,20626.01,0.0,1645002040,RAG/ADA_1.0,0.0,0.0,0.0,899.0
0.111367,183580.89,20445.03,600.3,1645002040,MINt/ADA_0.05,0.0,0.0,0.0,899.0
0.0,294578344751.0,19931.85,5266.89,1645002040,HOSKY/ADA_0.05,0.0,0.0,0.0,899.0
0.33155,57324.81,19006.07,1138.06,1645002040,MIN/ADA_0.05,0.0,0.0,0.0,899.0
0.016814,1125784.0,18929.01,46.57,1645002040,GOKEY/ADA_0.3,0.0,0.0,0.0,899.0
23.388583,786.0,18383.42,2690.26,1645002040,XDIA…ND/ADA_1.0,0.0,0.0,0.0,899.0
0.469849,38245.0,17969.4,1313.41,1645002040,CDX/ADA_1.0,0.0,0.0,0.0,899.0
0.156067,114058.0,17800.78,1562.17,1645002040,SKULL/ADA_1.0,0.0,0.0,0.0,899.0
0.032086,480283.0,15410.47,2912.33,1645002040,cMETA/ADA_0.3,0.0,0.0,0.0,899.0
0.000454,32177708.0,14621.14,11839.93,1645002040,KIDZ/ADA_0.3,0.0,0.0,0.0,899.0
0.383593,37815.04,14505.59,15049.72,1645002040,CARGO/ADA_0.3,0.0,0.0,0.0,899.0
2.188129,6597.41,14435.99,0.0,1645002040,DANA/ADA_0.3,0.0,0.0,0.0,899.0
0.0,15531629082.0,13074.41,1031.36,1645002040,MEOW/ADA_0.3,0.0,0.0,0.0,899.0
0.109,97894.0,10670.52,8.59,1645002040,Card…rm/ADA_0.3,0.0,0.0,0.0,899.0
0.768512,13799.15,10604.82,0.0,1645002040,WMT/ADA_1.0,0.0,0.0,0.0,899.0
0.001176,8031655.0,9452.83,217.84,1645002040,FLANO/ADA_1.0,0.0,0.0,0.0,899.0
0.046601,201780.18,9403.19,18.38,1645002040,cbTHC/ADA_0.3,0.0,0.0,0.0,899.0
0.744327,25685283.21,19118266.03,700811.55,1645002940,SUNDAE/ADA_0.3,0.0,0.0,0.0,900.0
104.617618,153927.37,16103515.01,944342.43,1645002940,LQ/ADA_0.3,0.13367099999999255,-74.52999999999884,12787.61999999918,900.0
0.818224,14453297.2,11826042.79,1048016.4,1645002940,WMT/ADA_0.3,-0.022896000000000027,218689.38999999873,-146976.30000000075,900.0
0.130942,11310233.06,1480989.78,509563.57,1645002940,MELD/ADA_0.3,0.0005710000000000159,-23069.41000000015,3445.8000000000466,900.0
0.164483,6401070.0,1052872.0,26138.15,1645002940,XRAY/ADA_0.3,0.0,0.0,0.0,900.0
0.086278,12180219.0,1050890.1,838026.34,1645002940,PAVIA/ADA_0.3,-0.0008900000000000019,56861.0,-5884.789999999804,900.0
0.353094,2469536.0,871979.47,59109.09,1645002940,ADAX/ADA_0.3,0.0,0.0,0.0,900.0
1.968222,388837.78,765319.39,143562.73,1645002940,AADA/ADA_0.3,0.003265999999999991,-322.0,637.25,900.0
1.642517,327776.49,538378.71,58202.66,1645002940,VYFI/ADA_0.3,-0.020199000000000078,2000.0,-3295.2700000000186,900.0
6.744637,50715.0,342054.29,144009.81,1645002940,MILK/ADA_0.3,0.0157980000000002,-59.0,404.20999999996275,900.0
0.114313,1744654.8,199438.09,44709.15,1645002940,MINt/ADA_0.3,-0.00022199999999999998,1718.8400000000838,-190.4200000000128,900.0
0.03351,5754457.66,192834.09,7265.15,1645002940,CLAP/ADA_0.3,-0.00042299999999999977,36083.83999999985,-1213.1600000000035,900.0
2.219386,70410.01,156267.02,141454.1,1645002940,DANA/ADA_0.05,-0.011502999999999819,181.79999999998836,-404.3300000000163,900.0
0.0,6833883678251.0,154490.8,272.17,1645002940,CHRLZ/ADA_0.3,0.0,0.0,0.0,900.0
0.828986,172862.35,143300.53,1400.7,1645002940,WMT/ADA_0.05,0.0,0.0,0.0,900.0
0.004916,22684301.0,111535.86,12326.77,1645002940,RAVE/ADA_1.0,-4.399999999999977e-05,100000.0,-488.91999999999825,900.0
3.2e-05,3365628865.65,107887.65,6542.66,1645002940,ASHIB/ADA_1.0,0.0,290119.8299999237,9.299999999988358,900.0
0.0,96811215610438.0,96410.88,1500.46,1645002940,BISON/ADA_0.3,0.0,0.0,0.0,900.0
0.688636,139648.83,96167.28,1486.74,1645002940,SUNDAE/ADA_0.05,0.0,0.0,0.0,900.0
0.031641,2773846.0,87768.47,12928.87,1645002940,FIRE/ADA_0.3,0.0,0.0,0.0,900.0
0.306462,233408.93,71531.18,95751.09,1645002940,MIN/ADA_0.3,0.004282000000000008,-1630.390000000014,506.79999999998836,900.0
0.0,1037750279734.0,65020.42,48770.63,1645002940,HOSKY/ADA_0.3,0.0,19875015031.0,-1264.8300000000017,900.0
0.00625,8973581.0,56091.35,4229.18,1645002940,FLICK/ADA_0.3,0.0,0.0,0.0,900.0
0.708963,78267.33,55488.69,2822.29,1645002940,SUNDAE/ADA_1.0,0.0,0.0,0.0,900.0
0.089903,527820.0,47453.05,9105.92,1645002940,cNETA/ADA_0.3,0.0,0.0,0.0,900.0
0.131209,302268.63,39660.57,1052.54,1645002940,MELD/ADA_1.0,0.0,0.0,0.0,900.0
0.00943,3845281.0,36264.15,20264.92,1645002940,CNFT/ADA_0.3,2.999999999999531e-06,-600.0,6.25,900.0
0.11422,300871.35,34365.7,5127.37,1645002940,REVU/ADA_0.3,0.0030730000000000063,-4124.170000000042,466.07999999999447,900.0
0.002633,12469838.06,32840.92,11149.74,1645002940,DRIP/ADA_1.0,-7.000000000000062e-06,20250.330000000075,-37.12000000000262,900.0
0.005429,5772067.0,31339.79,770.99,1645002940,BDOGE/ADA_1.0,0.0,0.0,0.0,900.0
41.549125,725.0,30123.11,4816.04,1645002940,unsi…en/ADA_1.0,0.0,0.0,0.0,900.0
0.017823,1640662.0,29242.97,6772.95,1645002940,QUID/ADA_0.3,0.0,0.0,0.0,900.0
0.000849,33527130.3,28488.89,14.22,1645002940,MONET/ADA_0.3,0.0,0.0,0.0,900.0
0.00073,28254709.0,20626.01,0.0,1645002940,RAG/ADA_1.0,0.0,0.0,0.0,900.0
0.111367,183580.89,20445.03,600.3,1645002940,MINt/ADA_0.05,0.0,0.0,0.0,900.0
0.0,294578344751.0,19931.85,5266.89,1645002940,HOSKY/ADA_0.05,0.0,0.0,0.0,900.0
0.33155,57324.81,19006.07,1138.06,1645002940,MIN/ADA_0.05,0.0,0.0,0.0,900.0
0.016814,1125784.0,18929.01,46.57,1645002940,GOKEY/ADA_0.3,0.0,0.0,0.0,900.0
23.388583,786.0,18383.42,2690.26,1645002940,XDIA…ND/ADA_1.0,0.0,0.0,0.0,900.0
0.469849,38245.0,17969.4,1313.41,1645002940,CDX/ADA_1.0,0.0,0.0,0.0,900.0
0.156067,114058.0,17800.78,1562.17,1645002940,SKULL/ADA_1.0,0.0,0.0,0.0,900.0
0.032086,480283.0,15410.47,2912.33,1645002940,cMETA/ADA_0.3,0.0,0.0,0.0,900.0
0.000454,32177708.0,14621.14,11839.93,1645002940,KIDZ/ADA_0.3,0.0,0.0,0.0,900.0
0.383593,37815.04,14505.59,15049.72,1645002940,CARGO/ADA_0.3,0.0,0.0,0.0,900.0
2.188129,6597.41,14435.99,0.0,1645002940,DANA/ADA_0.3,0.0,0.0,0.0,900.0
0.0,15507977612.0,13094.41,1051.42,1645002940,MEOW/ADA_0.3,0.0,-23651470.0,20.0,900.0
0.109,97894.0,10670.52,8.59,1645002940,Card…rm/ADA_0.3,0.0,0.0,0.0,900.0
0.768512,13799.15,10604.82,0.0,1645002940,WMT/ADA_1.0,0.0,0.0,0.0,900.0
0.001176,8031655.0,9452.83,217.84,1645002940,FLANO/ADA_1.0,0.0,0.0,0.0,900.0
0.046601,201780.18,9403.19,18.38,1645002940,cbTHC/ADA_0.3,0.0,0.0,0.0,900.0
0.744327,25685283.21,19118266.03,700811.55,1645003839,SUNDAE/ADA_0.3,0.0,0.0,0.0,898.0
104.689633,153971.73,16119244.32,950113.03,1645003839,LQ/ADA_0.3,0.07201500000000749,44.360000000015134,15729.310000000522,898.0
0.818224,14675822.09,12008118.11,1048016.4,1645003839,WMT/ADA_0.3,0.0,222524.8900000006,182075.3200000003,898.0
0.131039,11321070.51,1483507.45,512631.31,1645003839,MELD/ADA_0.3,9.699999999998599e-05,10837.449999999255,2517.6699999999255,898.0
0.164494,6400871.0,1052904.9,26171.14,1645003839,XRAY/ADA_0.3,1.1000000000011001e-05,-199.0,32.89999999990687,898.0
0.085725,12219349.0,1047514.45,841594.87,1645003839,PAVIA/ADA_0.3,-0.0005529999999999979,39130.0,-3375.6500000001397,898.0
0.353094,2469536.0,871979.47,59109.09,1645003839,ADAX/ADA_0.3,0.0,0.0,0.0,898.0
1.965445,389112.78,764780.13,152842.43,1645003839,AADA/ADA_0.3,-0.0027769999999998074,275.0,-539.2600000000093,898.0
1.643464,327684.92,538538.62,61352.74,1645003839,VYFI/ADA_0.3,0.0009470000000000312,-91.57000000000698,159.9100000000326,898.0
6.744637,50715.0,342054.29,144009.81,1645003839,MILK/ADA_0.3,0.0,0.0,0.0,898.0
0.113461,1751203.52,198694.51,45452.73,1645003839,MINt/ADA_0.3,-0.0008519999999999917,6548.719999999972,-743.5799999999872,898.0
0.034717,5653654.84,196282.61,10724.01,1645003839,CLAP/ADA_0.3,0.0012069999999999997,-100802.8200000003,3448.5199999999895,898.0
2.219386,70410.01,156267.02,141454.1,1645003839,DANA/ADA_0.05,0.0,0.0,0.0,898.0
0.0,6833883678251.0,154490.8,272.17,1645003839,CHRLZ/ADA_0.3,0.0,0.0,0.0,898.0
0.828986,172862.35,143300.53,1400.7,1645003839,WMT/ADA_0.05,0.0,0.0,0.0,898.0
0.004874,22784301.0,111051.2,12811.42,1645003839,RAVE/ADA_1.0,-4.200000000000037e-05,100000.0,-484.6600000000035,898.0
3.2e-05,3365628865.65,107887.65,6542.66,1645003839,ASHIB/ADA_1.0,0.0,0.0,0.0,898.0
0.688636,140475.63,96736.65,1486.74,1645003839,SUNDAE/ADA_0.05,0.0,826.8000000000175,569.3699999999953,898.0
0.0,96811215610438.0,96410.88,1500.46,1645003839,BISON/ADA_0.3,0.0,0.0,0.0,898.0
0.031641,2773846.0,87768.47,12928.87,1645003839,FIRE/ADA_0.3,0.0,0.0,0.0,898.0
0.319771,228522.24,73074.79,100399.17,1645003839,MIN/ADA_0.3,0.013309000000000015,-4886.690000000002,1543.6100000000006,898.0
0.0,1049667664534.0,64284.41,49506.65,1645003839,HOSKY/ADA_0.3,0.0,11917384800.0,-736.0099999999948,898.0
0.006255,8970393.0,56111.35,4249.24,1645003839,FLICK/ADA_0.3,4.999999999999796e-06,-3188.0,20.0,898.0
0.708963,78267.33,55488.69,2822.29,1645003839,SUNDAE/ADA_1.0,0.0,0.0,0.0,898.0
0.089903,527820.0,47453.05,9105.92,1645003839,cNETA/ADA_0.3,0.0,0.0,0.0,898.0
0.131209,302268.63,39660.57,1052.54,1645003839,MELD/ADA_1.0,0.0,0.0,0.0,898.0
0.009416,3848283.0,36235.95,20293.13,1645003839,CNFT/ADA_0.3,-1.3999999999998389e-05,3002.0,-28.200000000004366,898.0
0.11422,300871.35,34365.7,5127.37,1645003839,REVU/ADA_0.3,0.0,0.0,0.0,898.0
0.00263,12477838.06,32820.08,11170.58,1645003839,DRIP/ADA_1.0,-2.9999999999999645e-06,8000.0,-20.839999999996508,898.0
0.005429,5772067.0,31339.79,770.99,1645003839,BDOGE/ADA_1.0,0.0,0.0,0.0,898.0
41.549125,725.0,30123.11,4816.04,1645003839,unsi…en/ADA_1.0,0.0,0.0,0.0,898.0
0.017823,1640662.0,29242.97,6772.95,1645003839,QUID/ADA_0.3,0.0,0.0,0.0,898.0
0.000849,33527130.3,28488.89,14.22,1645003839,MONET/ADA_0.3,0.0,0.0,0.0,898.0
0.00073,28254709.0,20626.01,0.0,1645003839,RAG/ADA_1.0,0.0,0.0,0.0,898.0
0.111367,183580.89,20445.03,600.3,1645003839,MINt/ADA_0.05,0.0,0.0,0.0,898.0
0.0,294578344751.0,19931.85,5266.89,1645003839,HOSKY/ADA_0.05,0.0,0.0,0.0,898.0
0.33155,57324.81,19006.07,1138.06,1645003839,MIN/ADA_0.05,0.0,0.0,0.0,898.0
0.016814,1125784.0,18929.01,46.57,1645003839,GOKEY/ADA_0.3,0.0,0.0,0.0,898.0
23.388583,786.0,18383.42,2690.26,1645003839,XDIA…ND/ADA_1.0,0.0,0.0,0.0,898.0
0.461813,38578.0,17815.83,1466.98,1645003839,CDX/ADA_1.0,-0.008036000000000043,333.0,-153.5699999999997,898.0
0.156067,114058.0,17800.78,1562.17,1645003839,SKULL/ADA_1.0,0.0,0.0,0.0,898.0
0.032086,480283.0,15410.47,2912.33,1645003839,cMETA/ADA_0.3,0.0,0.0,0.0,898.0
0.000454,32177708.0,14621.14,11839.93,1645003839,KIDZ/ADA_0.3,0.0,0.0,0.0,898.0
0.383593,37815.04,14505.59,15049.72,1645003839,CARGO/ADA_0.3,0.0,0.0,0.0,898.0
2.188129,6597.41,14435.99,0.0,1645003839,DANA/ADA_0.3,0.0,0.0,0.0,898.0
0.0,15507977612.0,13094.41,1051.42,1645003839,MEOW/ADA_0.3,0.0,0.0,0.0,898.0
0.109,97894.0,10670.52,8.59,1645003839,Card…rm/ADA_0.3,0.0,0.0,0.0,898.0
0.768512,13799.15,10604.82,0.0,1645003839,WMT/ADA_1.0,0.0,0.0,0.0,898.0
0.001176,8031655.0,9452.83,217.84,1645003839,FLANO/ADA_1.0,0.0,0.0,0.0,898.0
0.046601,201780.18,9403.19,18.38,1645003839,cbTHC/ADA_0.3,0.0,0.0,0.0,898.0
0.744327,25685283.21,19118266.03,700811.55,1645004739,SUNDAE/ADA_0.3,0.0,0.0,0.0,900.0
104.806008,153911.44,16130843.84,959329.72,1645004739,LQ/ADA_0.3,0.116375000000005,-60.29000000000815,11599.519999999553,900.0
0.818469,14675275.5,12011265.48,1049821.8,1645004739,WMT/ADA_0.3,0.00024500000000005073,-546.589999999851,3147.370000001043,900.0
0.131035,11321254.04,1483483.57,512687.24,1645004739,MELD/ADA_0.3,-3.999999999976245e-06,183.52999999932945,-23.87999999988824,900.0
0.085241,12254247.0,1044569.53,854468.79,1645004739,PAVIA/ADA_0.3,-0.0004839999999999983,34898.0,-2944.9199999999255,900.0
0.164493,6333847.0,1041879.77,26171.14,1645004739,XRAY/ADA_0.3,-1.000000000001e-06,-67024.0,-11025.129999999888,900.0
0.353094,2469536.0,871979.47,59109.09,1645004739,ADAX/ADA_0.3,0.0,0.0,0.0,900.0
1.756439,411656.69,723049.89,206653.92,1645004739,AADA/ADA_0.3,-0.20900600000000003,22543.909999999974,-41730.23999999999,900.0
1.645495,327482.92,538871.8,61686.93,1645004739,VYFI/ADA_0.3,0.002030999999999894,-202.0,333.1800000000512,900.0
6.761292,50653.0,342479.73,144436.53,1645004739,MILK/ADA_0.3,0.016655000000000086,-62.0,425.4400000000023,900.0
0.034717,5653654.84,196282.61,10724.01,1645004739,CLAP/ADA_0.3,0.0,0.0,0.0,900.0
0.108612,1789924.75,194408.79,49738.45,1645004739,MINt/ADA_0.3,-0.004849000000000006,38721.22999999998,-4285.720000000001,900.0
2.219386,70410.01,156267.02,141454.1,1645004739,DANA/ADA_0.05,0.0,0.0,0.0,900.0
0.0,6833883678251.0,154490.8,272.17,1645004739,CHRLZ/ADA_0.3,0.0,0.0,0.0,900.0
0.828986,172862.35,143300.53,1400.7,1645004739,WMT/ADA_0.05,0.0,0.0,0.0,900.0
0.004874,22784301.0,111051.2,12811.42,1645004739,RAVE/ADA_1.0,0.0,0.0,0.0,900.0
3.2e-05,3365628865.65,107887.65,6542.66,1645004739,ASHIB/ADA_1.0,0.0,0.0,0.0,900.0
0.688636,140475.63,96736.65,1486.74,1645004739,SUNDAE/ADA_0.05,0.0,0.0,0.0,900.0
0.0,96811215610438.0,96410.88,1500.46,1645004739,BISON/ADA_0.3,0.0,0.0,0.0,900.0
0.031641,2773846.0,87768.47,12928.87,1645004739,FIRE/ADA_0.3,0.0,0.0,0.0,900.0
0.299703,236082.84,70754.83,108302.65,1645004739,MIN/ADA_0.3,-0.02006800000000003,7560.600000000006,-2319.959999999992,900.0
0.0,1032996297400.0,65325.02,50550.38,1645004739,HOSKY/ADA_0.3,0.0,-16671367134.0,1040.6099999999933,900.0
0.006266,8962431.0,56161.35,4299.39,1645004739,FLICK/ADA_0.3,1.0999999999999725e-05,-7962.0,50.0,900.0
0.708963,78271.51,55491.65,2822.29,1645004739,SUNDAE/ADA_1.0,0.0,4.179999999993015,2.959999999999127,900.0
0.089903,527820.0,47453.05,9105.92,1645004739,cNETA/ADA_0.3,0.0,0.0,0.0,900.0
0.131209,302268.63,39660.57,1052.54,1645004739,MELD/ADA_1.0,0.0,0.0,0.0,900.0
0.009416,3848283.0,36235.95,20293.13,1645004739,CNFT/ADA_0.3,0.0,0.0,0.0,900.0
0.11422,300871.35,34365.7,5127.37,1645004739,REVU/ADA_0.3,0.0,0.0,0.0,900.0
0.00263,12477838.06,32820.08,11170.58,1645004739,DRIP/ADA_1.0,0.0,0.0,0.0,900.0
0.005429,5772067.0,31339.79,770.99,1645004739,BDOGE/ADA_1.0,0.0,0.0,0.0,900.0
41.549125,725.0,30123.11,4816.04,1645004739,unsi…en/ADA_1.0,0.0,0.0,0.0,900.0
0.017823,1640662.0,29242.97,6772.95,1645004739,QUID/ADA_0.3,0.0,0.0,0.0,900.0
0.000849,33527130.3,28488.89,14.22,1645004739,MONET/ADA_0.3,0.0,0.0,0.0,900.0
0.00073,28254709.0,20626.01,0.0,1645004739,RAG/ADA_1.0,0.0,0.0,0.0,900.0
0.111367,183580.89,20445.03,600.3,1645004739,MINt/ADA_0.05,0.0,0.0,0.0,900.0
0.0,305733901883.0,19204.93,5993.81,1645004739,HOSKY/ADA_0.05,0.0,11155557132.0,-726.9199999999983,900.0
0.33155,57324.81,19006.07,1138.06,1645004739,MIN/ADA_0.05,0.0,0.0,0.0,900.0
0.016814,1125784.0,18929.01,46.57,1645004739,GOKEY/ADA_0.3,0.0,0.0,0.0,900.0
23.388583,786.0,18383.42,2690.26,1645004739,XDIA…ND/ADA_1.0,0.0,0.0,0.0,900.0
0.461813,38578.0,17815.83,1466.98,1645004739,CDX/ADA_1.0,0.0,0.0,0.0,900.0
0.156067,114058.0,17800.78,1562.17,1645004739,SKULL/ADA_1.0,0.0,0.0,0.0,900.0
0.032086,480283.0,15410.47,2912.33,1645004739,cMETA/ADA_0.3,0.0,0.0,0.0,900.0
0.000454,32177708.0,14621.14,11839.93,1645004739,KIDZ/ADA_0.3,0.0,0.0,0.0,900.0
0.383593,37815.04,14505.59,15049.72,1645004739,CARGO/ADA_0.3,0.0,0.0,0.0,900.0
2.188129,6597.41,14435.99,0.0,1645004739,DANA/ADA_0.3,0.0,0.0,0.0,900.0
0.0,15507977612.0,13094.41,1051.42,1645004739,MEOW/ADA_0.3,0.0,0.0,0.0,900.0
0.109,97894.0,10670.52,8.59,1645004739,Card…rm/ADA_0.3,0.0,0.0,0.0,900.0
0.768512,13799.15,10604.82,0.0,1645004739,WMT/ADA_1.0,0.0,0.0,0.0,900.0
0.001176,8031655.0,9452.83,217.84,1645004739,FLANO/ADA_1.0,0.0,0.0,0.0,900.0
0.046601,201780.18,9403.19,18.38,1645004739,cbTHC/ADA_0.3,0.0,0.0,0.0,900.0
0.744327,25685283.21,19118266.03,700811.55,1645005640,SUNDAE/ADA_0.3,0.0,0.0,0.0,900.0
104.575295,153979.17,16102417.86,977274.27,1645005640,LQ/ADA_0.3,-0.2307130000000086,67.73000000001048,-28425.980000000447,900.0
0.819205,14671957.52,12019354.95,1055248.85,1645005640,WMT/ADA_0.3,0.0007359999999999589,-3317.980000000447,8089.469999998808,900.0
0.131035,11320879.23,1483434.45,512687.24,1645005640,MELD/ADA_0.3,0.0,-374.8099999986589,-49.12000000011176,900.0
0.08557,12230938.0,1046608.1,872024.85,1645005640,PAVIA/ADA_0.3,0.00032899999999999596,-23309.0,2038.5699999999488,900.0
0.161071,6400881.0,1031000.95,37049.96,1645005640,XRAY/ADA_0.3,-0.0034220000000000084,67034.0,-10878.820000000065,900.0
0.353094,2469536.0,871979.47,59109.09,1645005640,ADAX/ADA_0.3,0.0,0.0,0.0,900.0
1.625503,427943.18,695623.31,227009.62,1645005640,AADA/ADA_0.3,-0.13093600000000016,16286.48999999999,-27426.579999999958,900.0
1.65221,326817.78,539971.8,64432.47,1645005640,VYFI/ADA_0.3,0.0067150000000000265,-665.1399999999558,1100.0,900.0
6.69514,50903.0,340802.73,146113.53,1645005640,MILK/ADA_0.3,-0.06615199999999977,250.0,-1677.0,900.0
0.034717,5654547.75,196313.61,10724.01,1645005640,CLAP/ADA_0.3,0.0,892.910000000149,31.0,900.0
0.108612,1789924.75,194408.79,49738.45,1645005640,MINt/ADA_0.3,0.0,0.0,0.0,900.0
2.231614,70216.89,156697.02,141884.31,1645005640,DANA/ADA_0.05,0.012227999999999906,-193.11999999999534,430.0,900.0
0.0,6833883678251.0,154490.8,272.17,1645005640,CHRLZ/ADA_0.3,0.0,0.0,0.0,900.0
0.828986,172862.35,143300.53,1400.7,1645005640,WMT/ADA_0.05,0.0,0.0,0.0,900.0
0.004874,22784301.0,111051.2,12811.42,1645005640,RAVE/ADA_1.0,0.0,0.0,0.0,900.0
3.2e-05,3365628865.65,107887.65,6542.66,1645005640,ASHIB/ADA_1.0,0.0,0.0,0.0,900.0
0.688636,140467.67,96731.17,1486.74,1645005640,SUNDAE/ADA_0.05,0.0,-7.959999999991851,-5.4799999999959255,900.0
0.0,96811215610438.0,96410.88,1500.46,1645005640,BISON/ADA_0.3,0.0,0.0,0.0,900.0
0.031641,2773846.0,87768.47,12928.87,1645005640,FIRE/ADA_0.3,0.0,0.0,0.0,900.0
0.298299,236655.13,70594.04,103183.39,1645005640,MIN/ADA_0.3,-0.0014040000000000163,572.2900000000081,-160.79000000000815,900.0
0.0,1032996297400.0,65325.02,49981.4,1645005640,HOSKY/ADA_0.3,0.0,0.0,0.0,900.0
0.006266,8962431.0,56161.35,4299.39,1645005640,FLICK/ADA_0.3,0.0,0.0,0.0,900.0
0.708963,78271.51,55491.65,2822.29,1645005640,SUNDAE/ADA_1.0,0.0,0.0,0.0,900.0
0.089903,527820.0,47453.05,9097.09,1645005640,cNETA/ADA_0.3,0.0,0.0,0.0,900.0
0.131209,302268.63,39660.57,1052.54,1645005640,MELD/ADA_1.0,0.0,0.0,0.0,900.0
0.009416,3848283.0,36235.95,20060.98,1645005640,CNFT/ADA_0.3,0.0,0.0,0.0,900.0
0.11422,300871.35,34365.7,4825.47,1645005640,REVU/ADA_0.3,0.0,0.0,0.0,900.0
0.002624,12529803.62,32883.64,10104.38,1645005640,DRIP/ADA_1.0,-5.999999999999929e-06,51965.55999999866,63.55999999999767,900.0
0.005429,5772067.0,31339.79,443.75,1645005640,BDOGE/ADA_1.0,0.0,0.0,0.0,900.0
41.549125,725.0,30123.11,4816.04,1645005640,unsi…en/ADA_1.0,0.0,0.0,0.0,900.0
0.017823,1640662.0,29242.97,6772.95,1645005640,QUID/ADA_0.3,0.0,0.0,0.0,900.0
0.000849,33527130.3,28488.89,14.22,1645005640,MONET/ADA_0.3,0.0,0.0,0.0,900.0
0.00073,28254709.0,20626.01,0.0,1645005640,RAG/ADA_1.0,0.0,0.0,0.0,900.0
0.111367,183580.89,20445.03,600.3,1645005640,MINt/ADA_0.05,0.0,0.0,0.0,900.0
0.0,305733901883.0,19204.93,5993.81,1645005640,HOSKY/ADA_0.05,0.0,0.0,0.0,900.0
0.33155,57324.81,19006.07,1138.06,1645005640,MIN/ADA_0.05,0.0,0.0,0.0,900.0
0.016814,1125784.0,18929.01,46.57,1645005640,GOKEY/ADA_0.3,0.0,0.0,0.0,900.0
23.388583,786.0,18383.42,2690.26,1645005640,XDIA…ND/ADA_1.0,0.0,0.0,0.0,900.0
0.159575,112804.0,18000.78,1764.17,1645005640,SKULL/ADA_1.0,0.0035079999999999834,-1254.0,200.0,900.0
0.461813,38578.0,17815.83,1394.91,1645005640,CDX/ADA_1.0,0.0,0.0,0.0,900.0
0.032086,480283.0,15410.47,2912.33,1645005640,cMETA/ADA_0.3,0.0,0.0,0.0,900.0
0.000454,32177708.0,14621.14,11508.94,1645005640,KIDZ/ADA_0.3,0.0,0.0,0.0,900.0
0.383593,37815.04,14505.59,15049.72,1645005640,CARGO/ADA_0.3,0.0,0.0,0.0,900.0
2.188129,6597.41,14435.99,0.0,1645005640,DANA/ADA_0.3,0.0,0.0,0.0,900.0
0.0,15507977612.0,13094.41,1051.42,1645005640,MEOW/ADA_0.3,0.0,0.0,0.0,900.0
0.109,97894.0,10670.52,8.59,1645005640,Card…rm/ADA_0.3,0.0,0.0,0.0,900.0
0.768512,13799.15,10604.82,0.0,1645005640,WMT/ADA_1.0,0.0,0.0,0.0,900.0
0.049006,196772.97,9643.19,259.1,1645005640,cbTHC/ADA_0.3,0.0024050000000000044,-5007.209999999992,240.0,900.0
0.001176,8031655.0,9452.83,217.84,1645005640,FLANO/ADA_1.0,0.0,0.0,0.0,900.0
0.744327,25685283.21,19118266.03,673488.12,1645006541,SUNDAE/ADA_0.3,0.0,0.0,0.0,901.0
104.575943,153979.06,16102505.65,958572.88,1645006541,LQ/ADA_0.3,0.0006479999999982056,-0.11000000001513399,87.79000000096858,901.0
0.820398,14667995.89,12033604.44,980235.56,1645006541,WMT/ADA_0.3,0.0011929999999999996,-3961.629999998957,14249.490000000224,901.0
0.131233,11312342.07,1484558.51,510214.67,1645006541,MELD/ADA_0.3,0.00019799999999997597,-8537.160000000149,1124.0600000000559,901.0
0.085332,12248757.0,1045213.56,875806.85,1645006541,PAVIA/ADA_0.3,-0.00023799999999998822,17819.0,-1394.5399999999208,901.0
0.161071,6400881.0,1031000.95,36013.43,1645006541,XRAY/ADA_0.3,0.0,0.0,0.0,901.0
0.352747,2470754.0,871551.61,54363.06,1645006541,ADAX/ADA_0.3,-0.0003470000000000417,1218.0,-427.85999999998603,901.0
1.611725,429780.88,692688.9,238154.45,1645006541,AADA/ADA_0.3,-0.013777999999999846,1837.7000000000116,-2934.4100000000326,901.0
1.64277,327757.08,538429.56,61824.96,1645006541,VYFI/ADA_0.3,-0.009439999999999893,939.2999999999884,-1542.2399999999907,901.0
6.627248,51174.0,339142.79,146789.65,1645006541,MILK/ADA_0.3,-0.06789200000000051,271.0,-1659.9400000000023,901.0
0.034717,5654547.75,196313.61,10724.01,1645006541,CLAP/ADA_0.3,0.0,0.0,0.0,901.0
0.108488,1790953.75,194297.42,47799.58,1645006541,MINt/ADA_0.3,-0.0001239999999999991,1029.0,-111.36999999999534,901.0
2.28417,69898.88,159661.0,132387.26,1645006541,DANA/ADA_0.05,0.05255600000000005,-318.00999999999476,2963.9800000000105,901.0
0.0,6833883678251.0,154490.8,255.27,1645006541,CHRLZ/ADA_0.3,0.0,0.0,0.0,901.0
0.828986,172862.35,143300.53,1400.7,1645006541,WMT/ADA_0.05,0.0,0.0,0.0,901.0
0.004899,22724300.0,111347.39,13060.07,1645006541,RAVE/ADA_1.0,2.499999999999985e-05,-60001.0,296.1900000000023,901.0
3.2e-05,3365628865.65,107887.65,6542.66,1645006541,ASHIB/ADA_1.0,0.0,0.0,0.0,901.0
0.688636,140467.67,96731.17,1486.74,1645006541,SUNDAE/ADA_0.05,0.0,0.0,0.0,901.0
0.0,96942756949813.0,96280.46,1730.08,1645006541,BISON/ADA_0.3,0.0,131541339375.0,-130.41999999999825,901.0
0.031648,2773531.0,87778.47,12938.9,1645006541,FIRE/ADA_0.3,7.000000000000062e-06,-315.0,10.0,901.0
0.305627,230218.56,70361.09,104035.85,1645006541,MIN/ADA_0.3,0.007328000000000001,-6436.570000000007,-232.9499999999971,901.0
0.0,1032996297400.0,65325.02,49981.4,1645006541,HOSKY/ADA_0.3,0.0,0.0,0.0,901.0
0.006342,8908431.0,56502.81,4641.87,1645006541,FLICK/ADA_0.3,7.600000000000055e-05,-54000.0,341.4599999999991,901.0
0.708963,78271.51,55491.65,2822.29,1645006541,SUNDAE/ADA_1.0,0.0,0.0,0.0,901.0
0.089903,528932.0,47553.02,9097.09,1645006541,cNETA/ADA_0.3,0.0,1112.0,99.96999999999389,901.0
0.131209,302268.63,39660.57,1052.54,1645006541,MELD/ADA_1.0,0.0,0.0,0.0,901.0
0.009435,3844284.0,36273.76,20060.98,1645006541,CNFT/ADA_0.3,1.899999999999992e-05,-3999.0,37.81000000000495,901.0
0.11422,300871.35,34365.7,4825.47,1645006541,REVU/ADA_0.3,0.0,0.0,0.0,901.0
0.002617,12546803.62,32839.53,10148.49,1645006541,DRIP/ADA_1.0,-7.000000000000062e-06,17000.0,-44.11000000000058,901.0
0.005429,5772067.0,31339.79,443.75,1645006541,BDOGE/ADA_1.0,0.0,0.0,0.0,901.0
41.549125,725.0,30123.11,4816.04,1645006541,unsi…en/ADA_1.0,0.0,0.0,0.0,901.0
0.016995,1680246.0,28556.07,7459.85,1645006541,QUID/ADA_0.3,-0.0008279999999999989,39584.0,-686.9000000000015,901.0
0.000849,33527130.3,28488.89,14.22,1645006541,MONET/ADA_0.3,0.0,0.0,0.0,901.0
0.00073,28254709.0,20626.01,0.0,1645006541,RAG/ADA_1.0,0.0,0.0,0.0,901.0
0.111367,183580.89,20445.03,600.3,1645006541,MINt/ADA_0.05,0.0,0.0,0.0,901.0
0.0,305733901883.0,19204.93,5993.81,1645006541,HOSKY/ADA_0.05,0.0,0.0,0.0,901.0
0.33155,57324.81,19006.07,1872.84,1645006541,MIN/ADA_0.05,0.0,0.0,0.0,901.0
0.016814,1125784.0,18929.01,46.57,1645006541,GOKEY/ADA_0.3,0.0,0.0,0.0,901.0
23.388583,786.0,18383.42,2690.26,1645006541,XDIA…ND/ADA_1.0,0.0,0.0,0.0,901.0
0.159575,112804.0,18000.78,1764.17,1645006541,SKULL/ADA_1.0,0.0,0.0,0.0,901.0
0.461813,38578.0,17815.83,1394.91,1645006541,CDX/ADA_1.0,0.0,0.0,0.0,901.0
0.032086,480283.0,15410.47,2912.33,1645006541,cMETA/ADA_0.3,0.0,0.0,0.0,901.0
0.000454,32177708.0,14621.14,11508.94,1645006541,KIDZ/ADA_0.3,0.0,0.0,0.0,901.0
0.383593,37815.04,14505.59,15049.72,1645006541,CARGO/ADA_0.3,0.0,0.0,0.0,901.0
2.188129,6597.41,14435.99,0.0,1645006541,DANA/ADA_0.3,0.0,0.0,0.0,901.0
0.0,15507977612.0,13094.41,1051.42,1645006541,MEOW/ADA_0.3,0.0,0.0,0.0,901.0
0.109,97894.0,10670.52,8.59,1645006541,Card…rm/ADA_0.3,0.0,0.0,0.0,901.0
0.768512,13799.15,10604.82,0.0,1645006541,WMT/ADA_1.0,0.0,0.0,0.0,901.0
0.049006,196772.97,9643.19,259.1,1645006541,cbTHC/ADA_0.3,0.0,0.0,0.0,901.0
0.001176,8031655.0,9452.83,217.84,1645006541,FLANO/ADA_1.0,0.0,0.0,0.0,901.0
0.744327,25685283.21,19118266.03,673488.12,1645007441,SUNDAE/ADA_0.3,0.0,0.0,0.0,899.0
104.525618,154017.19,16098742.59,959288.71,1645007441,LQ/ADA_0.3,-0.05032500000000084,38.13000000000466,-3763.0600000005215,899.0
0.822094,14654057.21,12047019.78,997737.91,1645007441,WMT/ADA_0.3,0.0016960000000000308,-13938.679999999702,13415.339999999851,899.0
0.131325,11358639.87,1491675.72,510772.83,1645007441,MELD/ADA_0.3,9.200000000000874e-05,46297.79999999888,7117.209999999963,899.0
0.161071,6400881.0,1031000.95,36013.43,1645007441,XRAY/ADA_0.3,0.0,0.0,0.0,899.0
0.082749,12439758.0,1029385.39,894847.72,1645007441,PAVIA/ADA_0.3,-0.002583000000000002,191001.0,-15828.170000000042,899.0
0.352747,2470754.0,871551.61,54363.06,1645007441,ADAX/ADA_0.3,0.0,0.0,0.0,899.0
1.60162,431649.36,691338.65,254548.21,1645007441,AADA/ADA_0.3,-0.01010500000000003,1868.4799999999814,-1350.25,899.0
1.642083,327828.54,538321.68,64987.41,1645007441,VYFI/ADA_0.3,-0.0006870000000001042,71.45999999996275,-107.88000000000466,899.0
6.582476,51348.0,337997.0,147935.44,1645007441,MILK/ADA_0.3,-0.044772000000000034,174.0,-1145.789999999979,899.0
0.034717,5654547.75,196313.61,10724.01,1645007441,CLAP/ADA_0.3,0.0,0.0,0.0,899.0
0.109171,1785348.54,194909.27,48413.26,1645007441,MINt/ADA_0.3,0.000683000000000003,-5605.209999999963,611.8499999999767,899.0
2.229085,70757.5,157724.53,134323.73,1645007441,DANA/ADA_0.05,-0.05508500000000005,858.6199999999953,-1936.4700000000012,899.0
0.0,6833001748409.0,154510.8,275.33,1645007441,CHRLZ/ADA_0.3,0.0,-881929842.0,20.0,899.0
0.828986,172862.35,143300.53,1400.7,1645007441,WMT/ADA_0.05,0.0,0.0,0.0,899.0
0.004899,22724300.0,111347.39,13060.07,1645007441,RAVE/ADA_1.0,0.0,0.0,0.0,899.0
3.1e-05,3385628865.65,107256.66,7173.65,1645007441,ASHIB/ADA_1.0,-9.999999999999972e-07,20000000.0,-630.9899999999907,899.0
0.688636,140467.67,96731.17,1486.74,1645007441,SUNDAE/ADA_0.05,0.0,0.0,0.0,899.0
0.0,96942756949813.0,96280.46,1730.08,1645007441,BISON/ADA_0.3,0.0,0.0,0.0,899.0
0.031648,2773531.0,87778.47,12938.9,1645007441,FIRE/ADA_0.3,0.0,0.0,0.0,899.0
0.305627,230218.56,70361.09,104035.85,1645007441,MIN/ADA_0.3,0.0,0.0,0.0,899.0
0.0,1034326848736.0,65440.88,49997.31,1645007441,HOSKY/ADA_0.3,0.0,1330551336.0,115.86000000000058,899.0
0.006342,8908431.0,56502.81,4641.87,1645007441,FLICK/ADA_0.3,0.0,0.0,0.0,899.0
0.708963,78271.51,55491.65,2822.29,1645007441,SUNDAE/ADA_1.0,0.0,0.0,0.0,899.0
0.089886,528982.0,47548.54,9101.58,1645007441,cNETA/ADA_0.3,-1.7000000000003124e-05,50.0,-4.4799999999959255,899.0
0.131209,302268.63,39660.57,1052.54,1645007441,MELD/ADA_1.0,0.0,0.0,0.0,899.0
0.009511,3829037.0,36418.65,20206.3,1645007441,CNFT/ADA_0.3,7.599999999999968e-05,-15247.0,144.88999999999942,899.0
0.11422,300871.35,34365.7,4825.47,1645007441,REVU/ADA_0.3,0.0,0.0,0.0,899.0
0.002625,12526803.07,32892.81,10233.66,1645007441,DRIP/ADA_1.0,8.000000000000194e-06,-20000.549999998882,53.279999999998836,899.0
0.005419,5777653.0,31309.79,473.75,1645007441,BDOGE/ADA_1.0,-9.999999999999593e-06,5586.0,-30.0,899.0
41.540008,723.0,30033.42,4816.04,1645007441,unsi…en/ADA_1.0,-0.009116999999996267,-2.0,-89.69000000000233,899.0
0.016995,1680246.0,28556.07,7459.85,1645007441,QUID/ADA_0.3,0.0,0.0,0.0,899.0
0.000849,33527130.3,28488.89,14.22,1645007441,MONET/ADA_0.3,0.0,0.0,0.0,899.0
0.00073,28254709.0,20626.01,0.0,1645007441,RAG/ADA_1.0,0.0,0.0,0.0,899.0
0.111367,183580.89,20445.03,600.3,1645007441,MINt/ADA_0.05,0.0,0.0,0.0,899.0
0.0,305733901883.0,19204.93,5993.81,1645007441,HOSKY/ADA_0.05,0.0,0.0,0.0,899.0
0.016814,1125784.0,18929.01,46.57,1645007441,GOKEY/ADA_0.3,0.0,0.0,0.0,899.0
23.388583,786.0,18383.42,2690.26,1645007441,XDIA…ND/ADA_1.0,0.0,0.0,0.0,899.0
0.306404,59631.25,18271.3,1872.84,1645007441,MIN/ADA_0.05,-0.025146,2306.4400000000023,-734.7700000000004,899.0
0.159575,112804.0,18000.78,1764.17,1645007441,SKULL/ADA_1.0,0.0,0.0,0.0,899.0
0.461813,38578.0,17815.83,1394.91,1645007441,CDX/ADA_1.0,0.0,0.0,0.0,899.0
0.032169,479663.0,15430.47,2932.39,1645007441,cMETA/ADA_0.3,8.299999999999974e-05,-620.0,20.0,899.0
0.000454,32177708.0,14621.14,11508.94,1645007441,KIDZ/ADA_0.3,0.0,0.0,0.0,899.0
0.383593,37815.04,14505.59,15049.72,1645007441,CARGO/ADA_0.3,0.0,0.0,0.0,899.0
2.188129,6597.41,14435.99,0.0,1645007441,DANA/ADA_0.3,0.0,0.0,0.0,899.0
0.0,15507977612.0,13094.41,1051.42,1645007441,MEOW/ADA_0.3,0.0,0.0,0.0,899.0
0.109,97894.0,10670.52,8.59,1645007441,Card…rm/ADA_0.3,0.0,0.0,0.0,899.0
0.768512,13799.15,10604.82,0.0,1645007441,WMT/ADA_1.0,0.0,0.0,0.0,899.0
0.049006,196772.97,9643.19,259.1,1645007441,cbTHC/ADA_0.3,0.0,0.0,0.0,899.0
0.001176,8031655.0,9452.83,217.84,1645007441,FLANO/ADA_1.0,0.0,0.0,0.0,899.0
0.744327,25685283.21,19118266.03,673488.12,1645008341,SUNDAE/ADA_0.3,0.0,0.0,0.0,900.0
104.517853,154024.92,16098354.52,959885.81,1645008341,LQ/ADA_0.3,-0.007764999999992028,7.730000000010477,-388.070000000298,900.0
0.822797,14652688.78,12056197.93,1002913.39,1645008341,WMT/ADA_0.3,0.0007030000000000092,-1368.4300000015646,9178.150000000373,900.0
0.131295,11385015.17,1494804.45,512010.94,1645008341,MELD/ADA_0.3,-3.0000000000002247e-05,26375.300000000745,3128.7299999999814,900.0
0.161071,6400881.0,1031000.95,36013.43,1645008341,XRAY/ADA_0.3,0.0,0.0,0.0,900.0
0.081863,12504400.0,1023648.25,907076.14,1645008341,PAVIA/ADA_0.3,-0.0008859999999999979,64642.0,-5737.140000000014,900.0
0.398067,2322302.0,924432.19,54538.87,1645008341,ADAX/ADA_0.3,0.04532000000000003,-148452.0,52880.57999999996,900.0
1.604482,431269.03,691963.64,259652.96,1645008341,AADA/ADA_0.3,0.00286199999999992,-380.3299999999581,624.9899999999907,900.0
1.642083,327828.54,538321.68,64987.41,1645008341,VYFI/ADA_0.3,0.0,0.0,0.0,900.0
6.582476,51348.0,337997.0,147935.44,1645008341,MILK/ADA_0.3,0.0,0.0,0.0,900.0
0.034717,5654547.75,196313.61,10724.01,1645008341,CLAP/ADA_0.3,0.0,0.0,0.0,900.0
0.109171,1785348.54,194909.27,48413.26,1645008341,MINt/ADA_0.3,0.0,0.0,0.0,900.0
2.229085,70757.5,157724.53,134323.73,1645008341,DANA/ADA_0.05,0.0,0.0,0.0,900.0
0.0,6833001748409.0,154510.8,275.33,1645008341,CHRLZ/ADA_0.3,0.0,0.0,0.0,900.0
0.828986,172862.35,143300.53,1400.7,1645008341,WMT/ADA_0.05,0.0,0.0,0.0,900.0
0.004899,22724300.0,111347.39,13060.07,1645008341,RAVE/ADA_1.0,0.0,0.0,0.0,900.0
3.1e-05,3385628865.65,107256.66,7173.65,1645008341,ASHIB/ADA_1.0,0.0,0.0,0.0,900.0
0.688636,141713.57,97589.14,1486.74,1645008341,SUNDAE/ADA_0.05,0.0,1245.8999999999942,857.9700000000012,900.0
0.0,96942756949813.0,96280.46,1730.08,1645008341,BISON/ADA_0.3,0.0,0.0,0.0,900.0
0.031648,2773531.0,87778.47,12938.9,1645008341,FIRE/ADA_0.3,0.0,0.0,0.0,900.0
0.30586,230146.51,70392.64,107200.81,1645008341,MIN/ADA_0.3,0.00023300000000003873,-72.04999999998836,31.55000000000291,900.0
0.0,1033083455969.0,65519.88,50076.54,1645008341,HOSKY/ADA_0.3,0.0,-1243392767.0,79.0,900.0
0.006342,8908431.0,56502.81,4641.87,1645008341,FLICK/ADA_0.3,0.0,0.0,0.0,900.0
0.708963,78271.51,55491.65,2822.29,1645008341,SUNDAE/ADA_1.0,0.0,0.0,0.0,900.0
0.089886,528982.0,47548.54,9101.58,1645008341,cNETA/ADA_0.3,0.0,0.0,0.0,900.0
0.131209,302268.63,39660.57,1052.54,1645008341,MELD/ADA_1.0,0.0,0.0,0.0,900.0
0.010107,3714535.0,37544.65,21335.68,1645008341,CNFT/ADA_0.3,0.0005959999999999993,-114502.0,1126.0,900.0
0.11422,300871.35,34365.7,4825.47,1645008341,REVU/ADA_0.3,0.0,0.0,0.0,900.0
0.002623,12531803.07,32879.82,10246.66,1645008341,DRIP/ADA_1.0,-2.0000000000002655e-06,5000.0,-12.989999999997963,900.0
0.005419,5777653.0,31309.79,473.75,1645008341,BDOGE/ADA_1.0,0.0,0.0,0.0,900.0
41.540008,723.0,30033.42,4816.04,1645008341,unsi…en/ADA_1.0,0.0,0.0,0.0,900.0
0.016995,1680246.0,28556.07,7459.85,1645008341,QUID/ADA_0.3,0.0,0.0,0.0,900.0
0.000849,33527130.3,28488.89,14.22,1645008341,MONET/ADA_0.3,0.0,0.0,0.0,900.0
0.00073,28254709.0,20626.01,0.0,1645008341,RAG/ADA_1.0,0.0,0.0,0.0,900.0
0.111367,183580.89,20445.03,600.3,1645008341,MINt/ADA_0.05,0.0,0.0,0.0,900.0
0.0,305733901883.0,19204.93,5993.81,1645008341,HOSKY/ADA_0.05,0.0,0.0,0.0,900.0
0.016814,1125784.0,18929.01,46.57,1645008341,GOKEY/ADA_0.3,0.0,0.0,0.0,900.0
23.388583,786.0,18383.42,2690.26,1645008341,XDIA…ND/ADA_1.0,0.0,0.0,0.0,900.0
0.306404,59631.25,18271.3,1872.84,1645008341,MIN/ADA_0.05,0.0,0.0,0.0,900.0
0.159575,112804.0,18000.78,1764.17,1645008341,SKULL/ADA_1.0,0.0,0.0,0.0,900.0
0.461813,38578.0,17815.83,1394.91,1645008341,CDX/ADA_1.0,0.0,0.0,0.0,900.0
0.032169,479663.0,15430.47,2932.39,1645008341,cMETA/ADA_0.3,0.0,0.0,0.0,900.0
0.000454,32177708.0,14621.14,11508.94,1645008341,KIDZ/ADA_0.3,0.0,0.0,0.0,900.0
0.383593,37815.04,14505.59,15049.72,1645008341,CARGO/ADA_0.3,0.0,0.0,0.0,900.0
2.188129,6597.41,14435.99,0.0,1645008341,DANA/ADA_0.3,0.0,0.0,0.0,900.0
0.0,15507977612.0,13094.41,1051.42,1645008341,MEOW/ADA_0.3,0.0,0.0,0.0,900.0
0.109,97894.0,10670.52,8.59,1645008341,Card…rm/ADA_0.3,0.0,0.0,0.0,900.0
0.768512,13799.15,10604.82,0.0,1645008341,WMT/ADA_1.0,0.0,0.0,0.0,900.0
0.049006,196772.97,9643.19,259.1,1645008341,cbTHC/ADA_0.3,0.0,0.0,0.0,900.0
0.001176,8031655.0,9452.83,217.84,1645008341,FLANO/ADA_1.0,0.0,0.0,0.0,900.0
0.744327,25685283.21,19118266.03,665964.99,1645009241,SUNDAE/ADA_0.3,0.0,0.0,0.0,899.0
104.482226,154052.23,16095720.63,945424.14,1645009241,LQ/ADA_0.3,-0.03562700000000518,27.30999999999767,-2633.8899999987334,899.0
0.82337,14653626.79,12065369.45,1001977.31,1645009241,WMT/ADA_0.3,0.0005730000000000457,938.0099999997765,9171.519999999553,899.0
0.131186,11389763.42,1494184.45,509104.97,1645009241,MELD/ADA_0.3,-0.00010899999999999799,4748.25,-620.0,899.0
0.161071,6400881.0,1031000.95,35712.53,1645009241,XRAY/ADA_0.3,0.0,0.0,0.0,899.0
0.080382,12619235.0,1014368.41,898929.88,1645009241,PAVIA/ADA_0.3,-0.00148100000000001,114835.0,-9279.839999999967,899.0
0.352604,2471254.0,871375.81,53836.77,1645009241,ADAX/ADA_0.3,-0.04546300000000003,148952.0,-53056.37999999989,899.0
1.58181,434355.92,687068.56,264847.53,1645009241,AADA/ADA_0.3,-0.022672000000000025,3086.8899999999558,-4895.079999999958,899.0
1.632001,328841.02,536669.18,63760.07,1645009241,VYFI/ADA_0.3,-0.010081999999999924,1012.4800000000396,-1652.5,899.0
6.582476,51348.0,337997.0,146306.13,1645009241,MILK/ADA_0.3,0.0,0.0,0.0,899.0
0.034717,5654547.75,196313.61,10025.99,1645009241,CLAP/ADA_0.3,0.0,0.0,0.0,899.0
0.109171,1785348.54,194909.27,45989.56,1645009241,MINt/ADA_0.3,0.0,0.0,0.0,899.0
2.229085,70757.5,157724.53,131008.03,1645009241,DANA/ADA_0.05,0.0,0.0,0.0,899.0
0.0,6833001748409.0,154510.8,275.33,1645009241,CHRLZ/ADA_0.3,0.0,0.0,0.0,899.0
0.828986,172862.35,143300.53,1400.7,1645009241,WMT/ADA_0.05,0.0,0.0,0.0,899.0
0.004899,22724300.0,111347.39,12445.75,1645009241,RAVE/ADA_1.0,0.0,0.0,0.0,899.0
3.1e-05,3385628865.65,107256.66,7173.65,1645009241,ASHIB/ADA_1.0,0.0,0.0,0.0,899.0
0.688636,141807.96,97654.14,1486.74,1645009241,SUNDAE/ADA_0.05,0.0,94.38999999998487,65.0,899.0
0.0,96942756949813.0,96280.46,1719.05,1645009241,BISON/ADA_0.3,0.0,0.0,0.0,899.0
0.031648,2773531.0,87778.47,12805.64,1645009241,FIRE/ADA_0.3,0.0,0.0,0.0,899.0
0.298468,232983.64,69538.28,108155.33,1645009241,MIN/ADA_0.3,-0.00739200000000001,2837.1300000000047,-854.3600000000006,899.0
0.0,1050155715597.0,64458.49,51138.24,1645009241,HOSKY/ADA_0.3,0.0,17072259628.0,-1061.3899999999994,899.0
0.708963,78271.51,55491.65,2822.29,1645009241,SUNDAE/ADA_1.0,0.0,0.0,0.0,899.0
0.005958,9191898.0,54765.4,6379.28,1645009241,FLICK/ADA_0.3,-0.00038400000000000066,283467.0,-1737.4099999999962,899.0
0.089886,528982.0,47548.54,9101.58,1645009241,cNETA/ADA_0.3,0.0,0.0,0.0,899.0
0.131209,302268.63,39660.57,1052.54,1645009241,MELD/ADA_1.0,0.0,0.0,0.0,899.0
0.010273,3684411.0,37852.55,21644.51,1645009241,CNFT/ADA_0.3,0.00016599999999999948,-30124.0,307.90000000000146,899.0
0.11422,300871.35,34365.7,4825.47,1645009241,REVU/ADA_0.3,0.0,0.0,0.0,899.0
0.00262,12539803.07,32859.05,10267.42,1645009241,DRIP/ADA_1.0,-2.9999999999999645e-06,8000.0,-20.7699999999968,899.0
0.005419,5777653.0,31309.79,196.24,1645009241,BDOGE/ADA_1.0,0.0,0.0,0.0,899.0
41.540008,723.0,30033.42,4816.04,1645009241,unsi…en/ADA_1.0,0.0,0.0,0.0,899.0
0.016995,1680246.0,28556.07,7459.85,1645009241,QUID/ADA_0.3,0.0,0.0,0.0,899.0
0.000849,33527130.3,28488.89,4.19,1645009241,MONET/ADA_0.3,0.0,0.0,0.0,899.0
0.00073,28254709.0,20626.01,0.0,1645009241,RAG/ADA_1.0,0.0,0.0,0.0,899.0
0.111367,183580.89,20445.03,600.3,1645009241,MINt/ADA_0.05,0.0,0.0,0.0,899.0
0.0,305733901883.0,19204.93,5993.81,1645009241,HOSKY/ADA_0.05,0.0,0.0,0.0,899.0
0.016814,1125784.0,18929.01,26.51,1645009241,GOKEY/ADA_0.3,0.0,0.0,0.0,899.0
23.388583,786.0,18383.42,2636.41,1645009241,XDIA…ND/ADA_1.0,0.0,0.0,0.0,899.0
0.306404,59631.25,18271.3,1872.84,1645009241,MIN/ADA_0.05,0.0,0.0,0.0,899.0
0.159575,112804.0,18000.78,1764.17,1645009241,SKULL/ADA_1.0,0.0,0.0,0.0,899.0
0.461813,38578.0,17815.83,1394.91,1645009241,CDX/ADA_1.0,0.0,0.0,0.0,899.0
0.032169,479663.0,15430.47,2932.39,1645009241,cMETA/ADA_0.3,0.0,0.0,0.0,899.0
0.000454,32177708.0,14621.14,11088.64,1645009241,KIDZ/ADA_0.3,0.0,0.0,0.0,899.0
0.383593,37815.04,14505.59,15049.72,1645009241,CARGO/ADA_0.3,0.0,0.0,0.0,899.0
2.188129,6597.41,14435.99,0.0,1645009241,DANA/ADA_0.3,0.0,0.0,0.0,899.0
0.0,15490432507.0,13109.28,1065.34,1645009241,MEOW/ADA_0.3,0.0,-17545105.0,14.8700000000008,899.0
0.109,97894.0,10670.52,8.59,1645009241,Card…rm/ADA_0.3,0.0,0.0,0.0,899.0
0.768512,13799.15,10604.82,0.0,1645009241,WMT/ADA_1.0,0.0,0.0,0.0,899.0
0.049006,196772.97,9643.19,259.1,1645009241,cbTHC/ADA_0.3,0.0,0.0,0.0,899.0
0.001176,8031655.0,9452.83,217.84,1645009241,FLANO/ADA_1.0,0.0,0.0,0.0,899.0
0.744327,25685283.21,19118266.03,665964.99,1645010141,SUNDAE/ADA_0.3,0.0,0.0,0.0,899.0
104.484948,154019.63,16092733.7,945634.77,1645010141,LQ/ADA_0.3,0.0027220000000056643,-32.60000000000582,-2986.9300000015646,899.0
0.823327,14654088.65,12065109.44,1002546.97,1645010141,WMT/ADA_0.3,-4.300000000001525e-05,461.8600000012666,-260.0099999997765,899.0
0.131607,11373104.15,1496786.87,514168.43,1645010141,MELD/ADA_0.3,0.0004210000000000047,-16659.269999999553,2602.4200000001583,899.0
0.161113,6400054.0,1031134.78,35846.76,1645010141,XRAY/ADA_0.3,4.200000000001425e-05,-827.0,133.8300000000745,899.0
0.07952,12725907.0,1011965.54,917942.6,1645010141,PAVIA/ADA_0.3,-0.0008620000000000017,106672.0,-2402.8699999999953,899.0
0.352604,2471254.0,871375.81,53836.77,1645010141,ADAX/ADA_0.3,0.0,0.0,0.0,899.0
1.571121,435887.26,684831.93,271437.64,1645010141,AADA/ADA_0.3,-0.010688999999999949,1531.3400000000256,-2236.6300000000047,899.0
1.631503,328891.35,536587.31,63841.95,1645010141,VYFI/ADA_0.3,-0.0004980000000001095,50.32999999995809,-81.86999999999534,899.0
6.582476,51348.0,337997.0,146306.13,1645010141,MILK/ADA_0.3,0.0,0.0,0.0,899.0
0.034717,5654547.75,196313.61,10025.99,1645010141,CLAP/ADA_0.3,0.0,0.0,0.0,899.0
0.11018,1777167.03,195809.27,46892.26,1645010141,MINt/ADA_0.3,0.001008999999999996,-8181.510000000009,900.0,899.0
2.229085,70757.5,157724.53,131008.03,1645010141,DANA/ADA_0.05,0.0,0.0,0.0,899.0
0.0,6833001748409.0,154510.8,275.33,1645010141,CHRLZ/ADA_0.3,0.0,0.0,0.0,899.0
0.828986,173145.46,143535.22,1400.7,1645010141,WMT/ADA_0.05,0.0,283.10999999998603,234.69000000000233,899.0
0.004899,22724300.0,111347.39,12445.75,1645010141,RAVE/ADA_1.0,0.0,0.0,0.0,899.0
3.1e-05,3385628865.65,107256.66,7173.65,1645010141,ASHIB/ADA_1.0,0.0,0.0,0.0,899.0
0.688636,143660.52,98929.88,1486.74,1645010141,SUNDAE/ADA_0.05,0.0,1852.5599999999977,1275.7400000000052,899.0
0.0,96942756949813.0,96280.46,1719.05,1645010141,BISON/ADA_0.3,0.0,0.0,0.0,899.0
0.031648,2773531.0,87778.47,12805.64,1645010141,FIRE/ADA_0.3,0.0,0.0,0.0,899.0
0.302451,233059.41,70489.28,108398.13,1645010141,MIN/ADA_0.3,0.003983000000000014,75.76999999998952,951.0,899.0
0.0,1050155715597.0,64458.49,49207.73,1645010141,HOSKY/ADA_0.3,0.0,0.0,0.0,899.0
0.708963,78271.51,55491.65,2822.29,1645010141,SUNDAE/ADA_1.0,0.0,0.0,0.0,899.0
0.005958,9191898.0,54765.4,6319.67,1645010141,FLICK/ADA_0.3,0.0,0.0,0.0,899.0
0.089886,528982.0,47548.54,9033.37,1645010141,cNETA/ADA_0.3,0.0,0.0,0.0,899.0
0.131209,302268.63,39660.57,1052.54,1645010141,MELD/ADA_1.0,0.0,0.0,0.0,899.0
0.010273,3684411.0,37852.55,24881.64,1645010141,CNFT/ADA_0.3,0.0,0.0,0.0,899.0
0.11422,300871.35,34365.7,4809.36,1645010141,REVU/ADA_0.3,0.0,0.0,0.0,899.0
0.002601,12586294.94,32744.15,10738.89,1645010141,DRIP/ADA_1.0,-1.899999999999992e-05,46491.86999999918,-114.90000000000146,899.0
0.005419,5777653.0,31309.79,196.24,1645010141,BDOGE/ADA_1.0,0.0,0.0,0.0,899.0
41.540008,723.0,30033.42,4816.04,1645010141,unsi…en/ADA_1.0,0.0,0.0,0.0,899.0
0.016995,1680246.0,28556.07,7459.85,1645010141,QUID/ADA_0.3,0.0,0.0,0.0,899.0
0.000849,33527130.3,28488.89,4.19,1645010141,MONET/ADA_0.3,0.0,0.0,0.0,899.0
0.00073,28254709.0,20626.01,0.0,1645010141,RAG/ADA_1.0,0.0,0.0,0.0,899.0
0.111367,183580.89,20445.03,600.3,1645010141,MINt/ADA_0.05,0.0,0.0,0.0,899.0
0.0,305733901883.0,19204.93,5993.81,1645010141,HOSKY/ADA_0.05,0.0,0.0,0.0,899.0
0.016814,1125784.0,18929.01,26.51,1645010141,GOKEY/ADA_0.3,0.0,0.0,0.0,899.0
23.388583,786.0,18383.42,2636.41,1645010141,XDIA…ND/ADA_1.0,0.0,0.0,0.0,899.0
0.306404,59631.25,18271.3,1872.84,1645010141,MIN/ADA_0.05,0.0,0.0,0.0,899.0
0.159575,112804.0,18000.78,1764.17,1645010141,SKULL/ADA_1.0,0.0,0.0,0.0,899.0
0.461813,38578.0,17815.83,1394.91,1645010141,CDX/ADA_1.0,0.0,0.0,0.0,899.0
0.032169,479663.0,15430.47,2932.39,1645010141,cMETA/ADA_0.3,0.0,0.0,0.0,899.0
0.000454,32177708.0,14621.14,11088.64,1645010141,KIDZ/ADA_0.3,0.0,0.0,0.0,899.0
0.383593,37815.04,14505.59,15049.72,1645010141,CARGO/ADA_0.3,0.0,0.0,0.0,899.0
2.188129,6597.41,14435.99,0.0,1645010141,DANA/ADA_0.3,0.0,0.0,0.0,899.0
0.0,15540432507.0,13067.23,1107.39,1645010141,MEOW/ADA_0.3,0.0,50000000.0,-42.05000000000109,899.0
0.109,97894.0,10670.52,8.59,1645010141,Card…rm/ADA_0.3,0.0,0.0,0.0,899.0
0.768512,13799.15,10604.82,0.0,1645010141,WMT/ADA_1.0,0.0,0.0,0.0,899.0
0.049006,196772.97,9643.19,259.1,1645010141,cbTHC/ADA_0.3,0.0,0.0,0.0,899.0
0.001176,8031655.0,9452.83,217.84,1645010141,FLANO/ADA_1.0,0.0,0.0,0.0,899.0
0.744327,25685283.21,19118266.03,665964.99,1645011042,SUNDAE/ADA_0.3,0.0,0.0,0.0,900.0
104.457229,154065.13,16093217.01,949862.85,1645011042,LQ/ADA_0.3,-0.027719000000004712,45.5,483.31000000052154,900.0
0.827458,14618124.93,12095887.09,1034561.14,1645011042,WMT/ADA_0.3,0.004130999999999996,-35963.72000000067,30777.650000000373,900.0
0.129892,11453238.66,1487687.24,550623.9,1645011042,MELD/ADA_0.3,-0.0017149999999999943,80134.50999999978,-9099.630000000121,900.0
0.161132,6399890.0,1031228.88,35907.36,1645011042,XRAY/ADA_0.3,1.8999999999991246e-05,-164.0,94.09999999997672,900.0
0.079069,12762684.0,1009136.99,928637.54,1645011042,PAVIA/ADA_0.3,-0.0004509999999999931,36777.0,-2828.5500000000466,900.0
0.352604,2471254.0,871375.81,53836.77,1645011042,ADAX/ADA_0.3,0.0,0.0,0.0,900.0
1.509087,444770.57,671197.89,286483.37,1645011042,AADA/ADA_0.3,-0.06203399999999992,8883.309999999998,-13634.040000000037,900.0
1.627318,329314.58,535899.76,64529.49,1645011042,VYFI/ADA_0.3,-0.004184999999999883,423.2300000000396,-687.5500000000466,900.0
6.453564,51658.0,333378.25,149620.25,1645011042,MILK/ADA_0.3,-0.1289119999999997,310.0,-4618.75,900.0
0.11018,1777167.03,195809.27,46892.26,1645011042,MINt/ADA_0.3,0.0,0.0,0.0,900.0
0.034232,5694547.75,194938.76,11400.84,1645011042,CLAP/ADA_0.3,-0.0004849999999999993,40000.0,-1374.8499999999767,900.0
2.253981,70366.09,158603.9,135129.92,1645011042,DANA/ADA_0.05,0.02489600000000003,-391.4100000000035,879.3699999999953,900.0
0.0,6833001748409.0,154510.8,275.33,1645011042,CHRLZ/ADA_0.3,0.0,0.0,0.0,900.0
0.828986,173145.46,143535.22,1400.7,1645011042,WMT/ADA_0.05,0.0,0.0,0.0,900.0
0.004905,22711273.0,111411.9,12510.92,1645011042,RAVE/ADA_1.0,5.999999999999929e-06,-13027.0,64.50999999999476,900.0
3.1e-05,3385628865.65,107256.66,7173.65,1645011042,ASHIB/ADA_1.0,0.0,0.0,0.0,900.0
0.688636,143660.52,98929.88,1486.74,1645011042,SUNDAE/ADA_0.05,0.0,0.0,0.0,900.0
0.0,96942756949813.0,96280.46,1719.05,1645011042,BISON/ADA_0.3,0.0,0.0,0.0,900.0
0.031648,2773531.0,87778.47,12805.64,1645011042,FIRE/ADA_0.3,0.0,0.0,0.0,900.0
0.312946,229124.29,71703.56,108813.65,1645011042,MIN/ADA_0.3,0.010494999999999977,-3935.1199999999953,1214.2799999999988,900.0
0.0,1065355453455.0,63543.7,50179.19,1645011042,HOSKY/ADA_0.3,0.0,15199737858.0,-914.7900000000009,900.0
0.005958,9191898.0,54765.4,6319.67,1645011042,FLICK/ADA_0.3,0.0,0.0,0.0,900.0
0.089886,528982.0,47548.54,9033.37,1645011042,cNETA/ADA_0.3,0.0,0.0,0.0,900.0
0.012258,3373427.0,41352.55,24881.64,1645011042,CNFT/ADA_0.3,0.0019850000000000007,-310984.0,3500.0,900.0
0.131209,302268.63,39660.57,1052.54,1645011042,MELD/ADA_1.0,0.0,0.0,0.0,900.0
0.11422,300871.35,34365.7,4809.36,1645011042,REVU/ADA_0.3,0.0,0.0,0.0,900.0
0.002601,12586294.94,32744.15,10738.89,1645011042,DRIP/ADA_1.0,0.0,0.0,0.0,900.0
0.005419,5777653.0,31309.79,196.24,1645011042,BDOGE/ADA_1.0,0.0,0.0,0.0,900.0
41.540008,723.0,30033.42,4816.04,1645011042,unsi…en/ADA_1.0,0.0,0.0,0.0,900.0
0.016995,1680246.0,28556.07,7459.85,1645011042,QUID/ADA_0.3,0.0,0.0,0.0,900.0
0.000849,33527130.3,28488.89,4.19,1645011042,MONET/ADA_0.3,0.0,0.0,0.0,900.0
0.00073,28254709.0,20626.01,0.0,1645011042,RAG/ADA_1.0,0.0,0.0,0.0,900.0
0.111367,183580.89,20445.03,600.3,1645011042,MINt/ADA_0.05,0.0,0.0,0.0,900.0
0.0,305733901883.0,19204.93,5993.81,1645011042,HOSKY/ADA_0.05,0.0,0.0,0.0,900.0
0.016814,1125784.0,18929.01,26.51,1645011042,GOKEY/ADA_0.3,0.0,0.0,0.0,900.0
23.478118,785.0,18430.32,2683.78,1645011042,XDIA…ND/ADA_1.0,0.08953499999999792,-1.0,46.900000000001455,900.0
0.306404,59631.25,18271.3,1872.84,1645011042,MIN/ADA_0.05,0.0,0.0,0.0,900.0
0.159575,112804.0,18000.78,1764.17,1645011042,SKULL/ADA_1.0,0.0,0.0,0.0,900.0
0.461337,38598.0,17806.69,1404.05,1645011042,CDX/ADA_1.0,-0.00047599999999997644,20.0,-9.140000000003056,900.0
0.032169,479663.0,15430.47,2932.39,1645011042,cMETA/ADA_0.3,0.0,0.0,0.0,900.0
0.000454,32177708.0,14621.14,11088.64,1645011042,KIDZ/ADA_0.3,0.0,0.0,0.0,900.0
0.383593,37815.04,14505.59,15049.72,1645011042,CARGO/ADA_0.3,0.0,0.0,0.0,900.0
2.188129,6597.41,14435.99,0.0,1645011042,DANA/ADA_0.3,0.0,0.0,0.0,900.0
0.0,15540432507.0,13067.23,1107.39,1645011042,MEOW/ADA_0.3,0.0,0.0,0.0,900.0
0.109,97894.0,10670.52,8.59,1645011042,Card…rm/ADA_0.3,0.0,0.0,0.0,900.0
0.768512,13799.15,10604.82,0.0,1645011042,WMT/ADA_1.0,0.0,0.0,0.0,900.0
0.049006,196772.97,9643.19,259.1,1645011042,cbTHC/ADA_0.3,0.0,0.0,0.0,900.0
0.001176,8031655.0,9452.83,217.84,1645011042,FLANO/ADA_1.0,0.0,0.0,0.0,900.0
100.801593,87.9,8860.54,0.0,1645011042,LQ/ADA_1.0,0.0,0.0,0.0,12602.0
0.744327,25685283.21,19118266.03,665964.99,1645011941,SUNDAE/ADA_0.3,0.0,0.0,0.0,899.0
104.475939,154073.36,16096960.04,951572.25,1645011941,LQ/ADA_0.3,0.018709999999998672,8.229999999981374,3743.0299999993294,899.0
0.827739,14646432.03,12123427.76,1037539.86,1645011941,WMT/ADA_0.3,0.0002809999999999757,28307.099999999627,27540.669999999925,899.0
0.13162,11409327.63,1501701.56,561207.47,1645011941,MELD/ADA_0.3,0.0017279999999999796,-43911.02999999933,14014.320000000065,899.0
0.161132,6399890.0,1031228.88,35907.36,1645011941,XRAY/ADA_0.3,0.0,0.0,0.0,899.0
0.079922,12697121.0,1014784.58,935786.4,1645011941,PAVIA/ADA_0.3,0.0008530000000000065,-65563.0,5647.589999999967,899.0
0.352604,2474249.0,872431.86,53836.77,1645011941,ADAX/ADA_0.3,0.0,2995.0,1056.0499999999302,899.0
1.448384,454040.86,657625.89,301257.75,1645011941,AADA/ADA_0.3,-0.060703000000000173,9270.289999999979,-13572.0,899.0
1.627615,329314.58,535997.56,64578.61,1645011941,VYFI/ADA_0.3,0.0002969999999999917,0.0,97.80000000004657,899.0
6.453564,51658.0,333378.25,149620.25,1645011941,MILK/ADA_0.3,0.0,0.0,0.0,899.0
0.11018,1777167.03,195809.27,46892.26,1645011941,MINt/ADA_0.3,0.0,0.0,0.0,899.0
0.034232,5694547.75,194938.76,11400.84,1645011941,CLAP/ADA_0.3,0.0,0.0,0.0,899.0
2.229384,70753.31,157736.32,135997.5,1645011941,DANA/ADA_0.05,-0.02459699999999998,387.22000000000116,-867.5799999999872,899.0
0.0,6833001748409.0,154510.8,275.33,1645011941,CHRLZ/ADA_0.3,0.0,0.0,0.0,899.0
0.828986,173145.46,143535.22,1400.7,1645011941,WMT/ADA_0.05,0.0,0.0,0.0,899.0
0.004949,22611269.0,111909.63,13013.62,1645011941,RAVE/ADA_1.0,4.4000000000000636e-05,-100004.0,497.7300000000105,899.0
3.1e-05,3404753416.74,106660.19,7770.12,1645011941,ASHIB/ADA_1.0,0.0,19124551.089999676,-596.4700000000012,899.0
0.688636,143660.52,98929.88,1486.74,1645011941,SUNDAE/ADA_0.05,0.0,0.0,0.0,899.0
0.0,96942761949813.0,96280.45,1719.05,1645011941,BISON/ADA_0.3,0.0,5000000.0,-0.010000000009313226,899.0
0.031948,2760518.0,88193.56,13221.97,1645011941,FIRE/ADA_0.3,0.0002999999999999947,-13013.0,415.0899999999965,899.0
0.31305,229086.07,71715.56,108825.69,1645011941,MIN/ADA_0.3,0.00010399999999999299,-38.220000000001164,12.0,899.0
0.0,1065355453455.0,63543.7,50179.19,1645011941,HOSKY/ADA_0.3,0.0,0.0,0.0,899.0
0.005958,9191898.0,54765.4,6319.67,1645011941,FLICK/ADA_0.3,0.0,0.0,0.0,899.0
0.089436,530318.0,47429.53,9272.56,1645011941,cNETA/ADA_0.3,-0.0004499999999999921,1336.0,-119.01000000000204,899.0
0.012258,3373427.0,41352.55,24881.64,1645011941,CNFT/ADA_0.3,0.0,0.0,0.0,899.0
0.131209,302268.63,39660.57,1052.54,1645011941,MELD/ADA_1.0,0.0,0.0,0.0,899.0
0.11422,300871.35,34365.7,4809.36,1645011941,REVU/ADA_0.3,0.0,0.0,0.0,899.0
0.002601,12586294.94,32744.15,10738.89,1645011941,DRIP/ADA_1.0,0.0,0.0,0.0,899.0
0.005419,5777653.0,31309.79,196.24,1645011941,BDOGE/ADA_1.0,0.0,0.0,0.0,899.0
41.540008,723.0,30033.42,4816.04,1645011941,unsi…en/ADA_1.0,0.0,0.0,0.0,899.0
0.016995,1680246.0,28556.07,7459.85,1645011941,QUID/ADA_0.3,0.0,0.0,0.0,899.0
0.000849,33527130.3,28488.89,4.19,1645011941,MONET/ADA_0.3,0.0,0.0,0.0,899.0
0.00073,28254709.0,20626.01,0.0,1645011941,RAG/ADA_1.0,0.0,0.0,0.0,899.0
0.111367,183580.89,20445.03,600.3,1645011941,MINt/ADA_0.05,0.0,0.0,0.0,899.0
0.0,305733901883.0,19204.93,5993.81,1645011941,HOSKY/ADA_0.05,0.0,0.0,0.0,899.0
0.016814,1125784.0,18929.01,26.51,1645011941,GOKEY/ADA_0.3,0.0,0.0,0.0,899.0
23.478118,785.0,18430.32,2683.78,1645011941,XDIA…ND/ADA_1.0,0.0,0.0,0.0,899.0
0.306404,59631.25,18271.3,1872.84,1645011941,MIN/ADA_0.05,0.0,0.0,0.0,899.0
0.159575,112804.0,18000.78,1764.17,1645011941,SKULL/ADA_1.0,0.0,0.0,0.0,899.0
0.461337,38598.0,17806.69,1404.05,1645011941,CDX/ADA_1.0,0.0,0.0,0.0,899.0
0.032169,479663.0,15430.47,2932.39,1645011941,cMETA/ADA_0.3,0.0,0.0,0.0,899.0
0.000454,32177708.0,14621.14,11088.64,1645011941,KIDZ/ADA_0.3,0.0,0.0,0.0,899.0
0.383593,37815.04,14505.59,15049.72,1645011941,CARGO/ADA_0.3,0.0,0.0,0.0,899.0
2.188129,6597.41,14435.99,0.0,1645011941,DANA/ADA_0.3,0.0,0.0,0.0,899.0
0.0,15540432507.0,13067.23,1107.39,1645011941,MEOW/ADA_0.3,0.0,0.0,0.0,899.0
0.109,97894.0,10670.52,8.59,1645011941,Card…rm/ADA_0.3,0.0,0.0,0.0,899.0
0.768512,13799.15,10604.82,0.0,1645011941,WMT/ADA_1.0,0.0,0.0,0.0,899.0
0.049006,196772.97,9643.19,259.1,1645011941,cbTHC/ADA_0.3,0.0,0.0,0.0,899.0
0.001176,8031655.0,9452.83,217.84,1645011941,FLANO/ADA_1.0,0.0,0.0,0.0,899.0
100.801593,87.9,8860.54,0.0,1645011941,LQ/ADA_1.0,0.0,0.0,0.0,899.0
0.744327,25685283.21,19118266.03,642668.6,1645012841,SUNDAE/ADA_0.3,0.0,0.0,0.0,899.0
104.40444,154137.19,16092607.79,939242.84,1645012841,LQ/ADA_0.3,-0.07149900000000287,63.8300000000163,-4352.25,899.0
0.82779,14646552.95,12124283.18,994819.32,1645012841,WMT/ADA_0.3,5.100000000002325e-05,120.9199999999255,855.4199999999255,899.0
0.129476,11503564.22,1489436.97,556770.33,1645012841,MELD/ADA_0.3,-0.0021439999999999793,94236.58999999985,-12264.590000000084,899.0
0.161146,6399616.0,1031273.22,33149.63,1645012841,XRAY/ADA_0.3,1.4000000000014001e-05,-274.0,44.339999999967404,899.0
0.080372,12661877.0,1017671.26,935093.79,1645012841,PAVIA/ADA_0.3,0.0004499999999999921,-35244.0,2886.680000000051,899.0
0.352604,2474249.0,872431.86,53120.53,1645012841,ADAX/ADA_0.3,0.0,0.0,0.0,899.0
1.450838,453669.04,658200.37,309672.25,1645012841,AADA/ADA_0.3,0.0024540000000001783,-371.820000000007,574.4799999999814,899.0
1.621902,329895.58,535058.36,62690.62,1645012841,VYFI/ADA_0.3,-0.005713000000000079,581.0,-939.2000000000698,899.0
6.491328,51509.0,334361.83,149424.16,1645012841,MILK/ADA_0.3,0.03776400000000013,-149.0,983.5800000000163,899.0
0.034241,5693819.74,194963.76,11425.92,1645012841,CLAP/ADA_0.3,9.000000000002062e-06,-728.0099999997765,25.0,899.0
0.109133,1785690.83,194877.79,47961.02,1645012841,MINt/ADA_0.3,-0.0010470000000000063,8523.800000000047,-931.4799999999814,899.0
2.192154,71351.75,156414.07,137409.47,1645012841,DANA/ADA_0.05,-0.037230000000000096,598.4400000000023,-1322.25,899.0
0.0,6833001748409.0,154510.8,275.33,1645012841,CHRLZ/ADA_0.3,0.0,0.0,0.0,899.0
0.828986,172738.67,143198.0,1400.7,1645012841,WMT/ADA_0.05,0.0,-406.78999999997905,-337.22000000000116,899.0
0.00495,22608269.0,111924.63,13028.77,1645012841,RAVE/ADA_1.0,1.0000000000001327e-06,-3000.0,15.0,899.0
3e-05,3453839018.86,105159.29,9271.02,1645012841,ASHIB/ADA_1.0,-1.0000000000000006e-06,49085602.12000036,-1500.9000000000087,899.0
0.688636,143660.52,98929.88,1486.74,1645012841,SUNDAE/ADA_0.05,0.0,0.0,0.0,899.0
0.0,96942761949813.0,96280.45,1719.05,1645012841,BISON/ADA_0.3,0.0,0.0,0.0,899.0
0.031948,2760518.0,88193.56,13221.97,1645012841,FIRE/ADA_0.3,0.0,0.0,0.0,899.0
0.316069,227991.04,72061.04,109172.21,1645012841,MIN/ADA_0.3,0.003018999999999994,-1095.0299999999988,345.4799999999959,899.0
0.0,1046933792713.0,64665.9,52631.7,1645012841,HOSKY/ADA_0.3,0.0,-18421660742.0,1122.2000000000044,899.0
0.005958,9191898.0,54765.4,6319.67,1645012841,FLICK/ADA_0.3,0.0,0.0,0.0,899.0
0.089436,530318.0,47429.53,9272.56,1645012841,cNETA/ADA_0.3,0.0,0.0,0.0,899.0
0.012258,3373427.0,41352.55,24881.64,1645012841,CNFT/ADA_0.3,0.0,0.0,0.0,899.0
0.131209,302268.63,39660.57,1052.54,1645012841,MELD/ADA_1.0,0.0,0.0,0.0,899.0
0.11422,300871.35,34365.7,4809.36,1645012841,REVU/ADA_0.3,0.0,0.0,0.0,899.0
0.002601,12587294.94,32746.75,10738.89,1645012841,DRIP/ADA_1.0,0.0,1000.0,2.599999999998545,899.0
0.005419,5777653.0,31309.79,196.24,1645012841,BDOGE/ADA_1.0,0.0,0.0,0.0,899.0
41.540008,723.0,30033.42,4816.04,1645012841,unsi…en/ADA_1.0,0.0,0.0,0.0,899.0
0.016995,1680246.0,28556.07,7250.22,1645012841,QUID/ADA_0.3,0.0,0.0,0.0,899.0
0.000849,33527130.3,28488.89,4.19,1645012841,MONET/ADA_0.3,0.0,0.0,0.0,899.0
0.00073,28254709.0,20626.01,0.0,1645012841,RAG/ADA_1.0,0.0,0.0,0.0,899.0
0.111367,183580.89,20445.03,600.3,1645012841,MINt/ADA_0.05,0.0,0.0,0.0,899.0
0.0,305733901883.0,19204.93,5251.77,1645012841,HOSKY/ADA_0.05,0.0,0.0,0.0,899.0
0.016814,1125784.0,18929.01,26.51,1645012841,GOKEY/ADA_0.3,0.0,0.0,0.0,899.0
23.478118,785.0,18430.32,2683.78,1645012841,XDIA…ND/ADA_1.0,0.0,0.0,0.0,899.0
0.306404,59631.25,18271.3,1872.84,1645012841,MIN/ADA_0.05,0.0,0.0,0.0,899.0
0.159575,112804.0,18000.78,1755.53,1645012841,SKULL/ADA_1.0,0.0,0.0,0.0,899.0
0.461337,38598.0,17806.69,1404.05,1645012841,CDX/ADA_1.0,0.0,0.0,0.0,899.0
0.032169,479663.0,15430.47,2932.39,1645012841,cMETA/ADA_0.3,0.0,0.0,0.0,899.0
0.000454,32177708.0,14621.14,9778.15,1645012841,KIDZ/ADA_0.3,0.0,0.0,0.0,899.0
0.383593,37815.04,14505.59,15049.72,1645012841,CARGO/ADA_0.3,0.0,0.0,0.0,899.0
2.188129,6597.41,14435.99,0.0,1645012841,DANA/ADA_0.3,0.0,0.0,0.0,899.0
0.0,15540432507.0,13067.23,1007.09,1645012841,MEOW/ADA_0.3,0.0,0.0,0.0,899.0
0.109,97894.0,10670.52,8.59,1645012841,Card…rm/ADA_0.3,0.0,0.0,0.0,899.0
0.768512,13799.15,10604.82,0.0,1645012841,WMT/ADA_1.0,0.0,0.0,0.0,899.0
0.049006,196772.97,9643.19,259.1,1645012841,cbTHC/ADA_0.3,0.0,0.0,0.0,899.0
0.001176,8031655.0,9452.83,217.84,1645012841,FLANO/ADA_1.0,0.0,0.0,0.0,899.0
100.801593,87.9,8860.54,0.0,1645012841,LQ/ADA_1.0,0.0,0.0,0.0,899.0
0.744327,25685283.21,19118266.03,642668.6,1645013739,SUNDAE/ADA_0.3,0.0,0.0,0.0,898.0
104.404732,154148.6,16093843.92,940140.84,1645013739,LQ/ADA_0.3,0.0002920000000017353,11.410000000003492,1236.1300000008196,898.0
0.831077,14621733.17,12151792.11,1018630.34,1645013739,WMT/ADA_0.3,0.003286999999999929,-24819.77999999933,27508.929999999702,898.0
0.129629,11496777.24,1490320.44,558170.28,1645013739,MELD/ADA_0.3,0.00015299999999998648,-6786.980000000447,883.4699999999721,898.0
0.082875,12470016.0,1033461.3,952173.91,1645013739,PAVIA/ADA_0.3,0.0025030000000000052,-191861.0,15790.040000000037,898.0
0.161146,6399616.0,1031273.22,33149.63,1645013739,XRAY/ADA_0.3,0.0,0.0,0.0,898.0
0.352604,2474249.0,872431.86,53120.53,1645013739,ADAX/ADA_0.3,0.0,0.0,0.0,898.0
1.476668,450688.03,665516.62,324624.39,1645013739,AADA/ADA_0.3,0.02583000000000002,-2981.009999999951,7316.25,898.0
1.620303,330058.58,534794.92,62954.07,1645013739,VYFI/ADA_0.3,-0.001598999999999906,163.0,-263.4399999999441,898.0
6.491328,51509.0,334361.83,149424.16,1645013739,MILK/ADA_0.3,0.0,0.0,0.0,898.0
0.034241,5694547.75,194988.68,12786.58,1645013739,CLAP/ADA_0.3,0.0,728.0099999997765,24.919999999983702,898.0
0.109133,1785690.83,194877.79,46908.19,1645013739,MINt/ADA_0.3,0.0,0.0,0.0,898.0
2.255575,70341.74,158661.08,136819.26,1645013739,DANA/ADA_0.05,0.06342099999999995,-1010.0099999999948,2247.00999999998,898.0
0.0,6833001748409.0,154510.8,275.33,1645013739,CHRLZ/ADA_0.3,0.0,0.0,0.0,898.0
0.828986,172979.54,143397.68,1400.7,1645013739,WMT/ADA_0.05,0.0,240.86999999999534,199.67999999999302,898.0
0.004952,22603215.0,111949.91,12051.14,1645013739,RAVE/ADA_1.0,1.999999999999398e-06,-5054.0,25.279999999998836,898.0
3e-05,3453839018.86,105159.29,9163.5,1645013739,ASHIB/ADA_1.0,0.0,0.0,0.0,898.0
0.688636,143660.52,98929.88,0.0,1645013739,SUNDAE/ADA_0.05,0.0,0.0,0.0,898.0
0.0,96643172998001.0,96579.81,2019.31,1645013739,BISON/ADA_0.3,0.0,-299588951812.0,299.3600000000006,898.0
0.031948,2760518.0,88193.56,10812.36,1645013739,FIRE/ADA_0.3,0.0,0.0,0.0,898.0
0.302668,232991.04,70519.15,109673.43,1645013739,MIN/ADA_0.3,-0.013400999999999996,5000.0,-1541.8899999999994,898.0
0.0,1048233792713.0,64785.3,49545.95,1645013739,HOSKY/ADA_0.3,0.0,1300000000.0,119.40000000000146,898.0
0.005958,9191898.0,54765.4,6136.73,1645013739,FLICK/ADA_0.3,0.0,0.0,0.0,898.0
0.089545,529995.0,47458.53,9263.08,1645013739,cNETA/ADA_0.3,0.00010899999999999799,-323.0,29.0,898.0
0.012258,3373427.0,41352.55,24881.64,1645013739,CNFT/ADA_0.3,0.0,0.0,0.0,898.0
0.131209,302268.63,39660.57,1052.54,1645013739,MELD/ADA_1.0,0.0,0.0,0.0,898.0
0.11422,300871.35,34365.7,4803.99,1645013739,REVU/ADA_0.3,0.0,0.0,0.0,898.0
0.002601,12587294.94,32746.75,10548.93,1645013739,DRIP/ADA_1.0,0.0,0.0,0.0,898.0
0.005419,5777653.0,31309.79,196.24,1645013739,BDOGE/ADA_1.0,0.0,0.0,0.0,898.0
41.540008,723.0,30033.42,4770.59,1645013739,unsi…en/ADA_1.0,0.0,0.0,0.0,898.0
0.016995,1680246.0,28556.07,7250.22,1645013739,QUID/ADA_0.3,0.0,0.0,0.0,898.0
0.000849,33527130.3,28488.89,4.19,1645013739,MONET/ADA_0.3,0.0,0.0,0.0,898.0
0.00073,28254709.0,20626.01,0.0,1645013739,RAG/ADA_1.0,0.0,0.0,0.0,898.0
0.111367,183580.89,20445.03,600.3,1645013739,MINt/ADA_0.05,0.0,0.0,0.0,898.0
0.0,305905858672.0,19215.73,5251.77,1645013739,HOSKY/ADA_0.05,0.0,171956789.0,10.799999999999272,898.0
0.016814,1125784.0,18929.01,26.51,1645013739,GOKEY/ADA_0.3,0.0,0.0,0.0,898.0
23.478118,785.0,18430.32,2683.78,1645013739,XDIA…ND/ADA_1.0,0.0,0.0,0.0,898.0
0.306404,59631.25,18271.3,1872.84,1645013739,MIN/ADA_0.05,0.0,0.0,0.0,898.0
0.159575,112804.0,18000.78,1755.53,1645013739,SKULL/ADA_1.0,0.0,0.0,0.0,898.0
0.456616,38798.0,17715.81,1494.93,1645013739,CDX/ADA_1.0,-0.004720999999999975,200.0,-90.87999999999738,898.0
0.032169,479663.0,15430.47,2932.39,1645013739,cMETA/ADA_0.3,0.0,0.0,0.0,898.0
0.000454,32177708.0,14621.14,9788.18,1645013739,KIDZ/ADA_0.3,0.0,0.0,0.0,898.0
0.383593,37815.04,14505.59,15049.72,1645013739,CARGO/ADA_0.3,0.0,0.0,0.0,898.0
2.188129,6597.41,14435.99,0.0,1645013739,DANA/ADA_0.3,0.0,0.0,0.0,898.0
0.0,15540432507.0,13067.23,1007.09,1645013739,MEOW/ADA_0.3,0.0,0.0,0.0,898.0
0.109,97894.0,10670.52,8.59,1645013739,Card…rm/ADA_0.3,0.0,0.0,0.0,898.0
0.768512,13799.15,10604.82,0.0,1645013739,WMT/ADA_1.0,0.0,0.0,0.0,898.0
0.04898,196825.19,9640.64,261.65,1645013739,cbTHC/ADA_0.3,-2.5999999999998247e-05,52.220000000001164,-2.5500000000010914,898.0
0.001176,8031655.0,9452.83,217.84,1645013739,FLANO/ADA_1.0,0.0,0.0,0.0,898.0
100.801593,87.9,8860.54,0.0,1645013739,LQ/ADA_1.0,0.0,0.0,0.0,898.0
0.744327,25685283.21,19118266.03,642668.6,1645014639,SUNDAE/ADA_0.3,0.0,0.0,0.0,899.0
104.403307,154151.17,16093892.08,940554.07,1645014639,LQ/ADA_0.3,-0.001424999999997567,2.570000000006985,48.16000000014901,899.0
0.831543,14631941.44,12167096.56,1022053.28,1645014639,WMT/ADA_0.3,0.00046600000000007746,10208.269999999553,15304.450000001118,899.0
0.130653,11451748.27,1496213.74,569259.54,1645014639,MELD/ADA_0.3,0.0010239999999999971,-45028.97000000067,5893.300000000047,899.0
0.161146,6399616.0,1031273.22,33149.63,1645014639,XRAY/ADA_0.3,0.0,0.0,0.0,899.0
0.081851,12558684.0,1027943.83,971077.29,1645014639,PAVIA/ADA_0.3,-0.001024000000000011,88668.0,-5517.4700000000885,899.0
0.352612,2474221.0,872441.86,53130.56,1645014639,ADAX/ADA_0.3,8.000000000008e-06,-28.0,10.0,899.0
1.489198,448793.66,668342.92,328011.2,1645014639,AADA/ADA_0.3,0.01252999999999993,-1894.3700000000536,2826.3000000000466,899.0
1.623329,329751.21,535294.92,63455.57,1645014639,VYFI/ADA_0.3,0.003025999999999973,-307.36999999999534,500.0,899.0
6.491328,51509.0,334361.83,149424.16,1645014639,MILK/ADA_0.3,0.0,0.0,0.0,899.0
0.109133,1785690.83,194877.79,46908.19,1645014639,MINt/ADA_0.3,0.0,0.0,0.0,899.0
0.033764,5734684.83,193628.02,12786.58,1645014639,CLAP/ADA_0.3,-0.00047699999999999826,40137.080000000075,-1360.6600000000035,899.0
2.231298,70723.46,157805.17,137702.26,1645014639,DANA/ADA_0.05,-0.024277000000000104,381.72000000000116,-855.9099999999744,899.0
0.0,6833001748409.0,154510.8,275.33,1645014639,CHRLZ/ADA_0.3,0.0,0.0,0.0,899.0
0.828986,172979.54,143397.68,1400.7,1645014639,WMT/ADA_0.05,0.0,0.0,0.0,899.0
0.004952,22608269.0,111974.94,12051.14,1645014639,RAVE/ADA_1.0,0.0,5054.0,25.029999999998836,899.0
3e-05,3452214011.83,105209.29,9214.0,1645014639,ASHIB/ADA_1.0,0.0,-1625007.0300002098,50.0,899.0
0.688636,143660.52,98929.88,0.0,1645014639,SUNDAE/ADA_0.05,0.0,0.0,0.0,899.0
0.0,96638469806023.0,96584.53,2024.04,1645014639,BISON/ADA_0.3,0.0,-4703191978.0,4.720000000001164,899.0
0.031948,2760518.0,88193.56,10812.36,1645014639,FIRE/ADA_0.3,0.0,0.0,0.0,899.0
0.316726,227901.58,72182.42,117786.61,1645014639,MIN/ADA_0.3,0.014058000000000015,-5089.460000000021,1663.270000000004,899.0
0.0,1047731547424.0,64816.63,49607.46,1645014639,HOSKY/ADA_0.3,0.0,-502245289.0,31.32999999999447,899.0
0.005963,9187345.0,54792.62,6164.04,1645014639,FLICK/ADA_0.3,5.000000000000664e-06,-4553.0,27.220000000001164,899.0
0.089545,529995.0,47458.53,9263.08,1645014639,cNETA/ADA_0.3,0.0,0.0,0.0,899.0
0.012258,3373427.0,41352.55,24881.64,1645014639,CNFT/ADA_0.3,0.0,0.0,0.0,899.0
0.131209,302268.63,39660.57,1052.54,1645014639,MELD/ADA_1.0,0.0,0.0,0.0,899.0
0.11422,300871.35,34365.7,4803.99,1645014639,REVU/ADA_0.3,0.0,0.0,0.0,899.0
0.002599,12592294.94,32733.88,10561.81,1645014639,DRIP/ADA_1.0,-1.9999999999998318e-06,5000.0,-12.869999999998981,899.0
0.005419,5777653.0,31309.79,196.24,1645014639,BDOGE/ADA_1.0,0.0,0.0,0.0,899.0
41.540008,723.0,30033.42,4770.59,1645014639,unsi…en/ADA_1.0,0.0,0.0,0.0,899.0
0.016995,1680246.0,28556.07,7250.22,1645014639,QUID/ADA_0.3,0.0,0.0,0.0,899.0
0.000849,33527130.3,28488.89,4.19,1645014639,MONET/ADA_0.3,0.0,0.0,0.0,899.0
0.00073,28254709.0,20626.01,0.0,1645014639,RAG/ADA_1.0,0.0,0.0,0.0,899.0
0.111367,183580.89,20445.03,600.3,1645014639,MINt/ADA_0.05,0.0,0.0,0.0,899.0
0.0,305905858672.0,19215.73,5251.77,1645014639,HOSKY/ADA_0.05,0.0,0.0,0.0,899.0
0.016814,1125784.0,18929.01,26.51,1645014639,GOKEY/ADA_0.3,0.0,0.0,0.0,899.0
23.478118,785.0,18430.32,2683.78,1645014639,XDIA…ND/ADA_1.0,0.0,0.0,0.0,899.0
0.306404,59631.25,18271.3,1872.84,1645014639,MIN/ADA_0.05,0.0,0.0,0.0,899.0
0.159575,112804.0,18000.78,1755.53,1645014639,SKULL/ADA_1.0,0.0,0.0,0.0,899.0
0.456616,38798.0,17715.81,1494.93,1645014639,CDX/ADA_1.0,0.0,0.0,0.0,899.0
0.032169,479663.0,15430.47,2932.39,1645014639,cMETA/ADA_0.3,0.0,0.0,0.0,899.0
0.000461,31938149.0,14731.14,9888.48,1645014639,KIDZ/ADA_0.3,7.0000000000000075e-06,-239559.0,110.0,899.0
0.383593,37815.04,14505.59,15049.72,1645014639,CARGO/ADA_0.3,0.0,0.0,0.0,899.0
2.188129,6597.41,14435.99,0.0,1645014639,DANA/ADA_0.3,0.0,0.0,0.0,899.0
0.0,15540432507.0,13067.23,1007.09,1645014639,MEOW/ADA_0.3,0.0,0.0,0.0,899.0
0.109,97894.0,10670.52,8.59,1645014639,Card…rm/ADA_0.3,0.0,0.0,0.0,899.0
0.768512,13799.15,10604.82,0.0,1645014639,WMT/ADA_1.0,0.0,0.0,0.0,899.0
0.04898,196825.19,9640.64,261.65,1645014639,cbTHC/ADA_0.3,0.0,0.0,0.0,899.0
0.001176,8031655.0,9452.83,217.84,1645014639,FLANO/ADA_1.0,0.0,0.0,0.0,899.0
100.801593,87.9,8860.54,0.0,1645014639,LQ/ADA_1.0,0.0,0.0,0.0,899.0
0.744327,25685283.21,19118266.03,642668.6,1645015541,SUNDAE/ADA_0.3,0.0,0.0,0.0,902.0
104.399392,154154.06,16093590.81,940880.42,1645015541,LQ/ADA_0.3,-0.003914999999992119,2.889999999984866,-301.26999999955297,902.0
0.831587,14662777.97,12193377.72,1022374.26,1645015541,WMT/ADA_0.3,4.399999999993298e-05,30836.530000001192,26281.16000000015,902.0
0.130546,11432626.84,1492491.61,570272.0,1645015541,MELD/ADA_0.3,-0.00010699999999999599,-19121.429999999702,-3722.1299999998882,902.0
0.160644,6409616.0,1029669.09,34753.75,1645015541,XRAY/ADA_0.3,-0.0005020000000000024,10000.0,-1604.1300000000047,902.0
0.081894,12555786.0,1028255.66,971353.11,1645015541,PAVIA/ADA_0.3,4.300000000000137e-05,-2898.0,311.8300000000745,902.0
0.352654,2474074.0,872494.16,53183.02,1645015541,ADAX/ADA_0.3,4.2000000000042004e-05,-147.0,52.300000000046566,902.0
1.523424,443731.26,675990.88,335682.1,1645015541,AADA/ADA_0.3,0.03422599999999987,-5062.399999999965,7647.959999999963,902.0
1.623329,329751.21,535294.92,63455.57,1645015541,VYFI/ADA_0.3,0.0,0.0,0.0,902.0
6.491328,51509.0,334361.83,149424.16,1645015541,MILK/ADA_0.3,0.0,0.0,0.0,902.0
0.109059,1786290.83,194812.53,46973.45,1645015541,MINt/ADA_0.3,-7.399999999999074e-05,600.0,-65.26000000000931,902.0
0.033764,5734684.83,193628.02,12786.58,1645015541,CLAP/ADA_0.3,0.0,0.0,0.0,902.0
2.220215,70899.8,157412.88,138117.13,1645015541,DANA/ADA_0.05,-0.011082999999999732,176.3399999999965,-392.29000000000815,902.0
0.0,6833001748409.0,154510.8,275.33,1645015541,CHRLZ/ADA_0.3,0.0,0.0,0.0,902.0
0.828986,172979.54,143397.68,1400.7,1645015541,WMT/ADA_0.05,0.0,0.0,0.0,902.0
0.004952,22608269.0,111974.94,12051.14,1645015541,RAVE/ADA_1.0,0.0,0.0,0.0,902.0
3e-05,3451174814.51,105241.29,9246.32,1645015541,ASHIB/ADA_1.0,0.0,-1039197.3199996948,32.0,902.0
0.688636,148051.52,101953.69,0.0,1645015541,SUNDAE/ADA_0.05,0.0,4391.0,3023.8099999999977,902.0
0.0,96738072517097.0,96485.38,2123.19,1645015541,BISON/ADA_0.3,0.0,99602711074.0,-99.14999999999418,902.0
0.031948,2760518.0,88193.56,10812.36,1645015541,FIRE/ADA_0.3,0.0,0.0,0.0,902.0
0.31791,227483.81,72319.45,119276.88,1645015541,MIN/ADA_0.3,0.0011840000000000184,-417.7699999999895,137.02999999999884,902.0
0.0,1064667650879.0,63788.61,50635.48,1645015541,HOSKY/ADA_0.3,0.0,16936103455.0,-1028.0199999999968,902.0
0.005963,9187345.0,54792.62,6164.04,1645015541,FLICK/ADA_0.3,0.0,0.0,0.0,902.0
0.089545,529995.0,47458.53,9263.08,1645015541,cNETA/ADA_0.3,0.0,0.0,0.0,902.0
0.012258,3373427.0,41352.55,24881.64,1645015541,CNFT/ADA_0.3,0.0,0.0,0.0,902.0
0.131209,302268.63,39660.57,1052.54,1645015541,MELD/ADA_1.0,0.0,0.0,0.0,902.0
0.11422,300871.35,34365.7,4803.99,1645015541,REVU/ADA_0.3,0.0,0.0,0.0,902.0
0.002599,12592294.94,32733.88,10561.81,1645015541,DRIP/ADA_1.0,0.0,0.0,0.0,902.0
0.005419,5777653.0,31309.79,196.24,1645015541,BDOGE/ADA_1.0,0.0,0.0,0.0,902.0
41.540008,723.0,30033.42,4770.59,1645015541,unsi…en/ADA_1.0,0.0,0.0,0.0,902.0
0.016995,1680246.0,28556.07,7250.22,1645015541,QUID/ADA_0.3,0.0,0.0,0.0,902.0
0.000849,33527130.3,28488.89,4.19,1645015541,MONET/ADA_0.3,0.0,0.0,0.0,902.0
0.00073,28254709.0,20626.01,0.0,1645015541,RAG/ADA_1.0,0.0,0.0,0.0,902.0
0.111367,183580.89,20445.03,600.3,1645015541,MINt/ADA_0.05,0.0,0.0,0.0,902.0
0.0,305905858672.0,19215.73,5251.77,1645015541,HOSKY/ADA_0.05,0.0,0.0,0.0,902.0
0.016814,1125784.0,18929.01,26.51,1645015541,GOKEY/ADA_0.3,0.0,0.0,0.0,902.0
23.478118,785.0,18430.32,2683.78,1645015541,XDIA…ND/ADA_1.0,0.0,0.0,0.0,902.0
0.306404,59631.25,18271.3,1872.84,1645015541,MIN/ADA_0.05,0.0,0.0,0.0,902.0
0.159575,112804.0,18000.78,1755.53,1645015541,SKULL/ADA_1.0,0.0,0.0,0.0,902.0
0.456616,38798.0,17715.81,1494.93,1645015541,CDX/ADA_1.0,0.0,0.0,0.0,902.0
0.032169,479663.0,15430.47,2932.39,1645015541,cMETA/ADA_0.3,0.0,0.0,0.0,902.0
0.000461,31938149.0,14731.14,9888.48,1645015541,KIDZ/ADA_0.3,0.0,0.0,0.0,902.0
0.383593,37815.04,14505.59,15049.72,1645015541,CARGO/ADA_0.3,0.0,0.0,0.0,902.0
2.188129,6597.41,14435.99,0.0,1645015541,DANA/ADA_0.3,0.0,0.0,0.0,902.0
0.0,15540432507.0,13067.23,1007.09,1645015541,MEOW/ADA_0.3,0.0,0.0,0.0,902.0
0.109,97894.0,10670.52,8.59,1645015541,Card…rm/ADA_0.3,0.0,0.0,0.0,902.0
0.768512,13799.15,10604.82,0.0,1645015541,WMT/ADA_1.0,0.0,0.0,0.0,902.0
0.04898,196825.19,9640.64,261.65,1645015541,cbTHC/ADA_0.3,0.0,0.0,0.0,902.0
0.001176,8031655.0,9452.83,217.84,1645015541,FLANO/ADA_1.0,0.0,0.0,0.0,902.0
100.801593,87.9,8860.54,0.0,1645015541,LQ/ADA_1.0,0.0,0.0,0.0,902.0
0.744327,25685283.21,19118266.03,642668.6,1645016440,SUNDAE/ADA_0.3,0.0,0.0,0.0,899.0
104.352966,154192.32,16090426.1,946288.78,1645016440,LQ/ADA_0.3,-0.04642600000001096,38.26000000000931,-3164.710000000894,899.0
0.831783,14662798.19,12196280.22,1023823.64,1645016440,WMT/ADA_0.3,0.000196000000000085,20.219999998807907,2902.5,899.0
0.131322,11398909.72,1496930.69,578422.27,1645016440,MELD/ADA_0.3,0.0007759999999999989,-33717.11999999918,4439.079999999842,899.0
0.160644,6409616.0,1029669.09,34753.75,1645016440,XRAY/ADA_0.3,0.0,0.0,0.0,899.0
0.081695,12571125.0,1027007.27,973567.26,1645016440,PAVIA/ADA_0.3,-0.00019899999999999085,15339.0,-1248.390000000014,899.0
0.352828,2473467.0,872709.16,53398.66,1645016440,ADAX/ADA_0.3,0.00017399999999995197,-607.0,215.0,899.0
1.56157,438286.03,684414.68,344131.18,1645016440,AADA/ADA_0.3,0.03814600000000001,-5445.229999999981,8423.800000000047,899.0
1.624922,329589.76,535557.92,63719.36,1645016440,VYFI/ADA_0.3,0.0015929999999999556,-161.45000000001164,263.0,899.0
6.520152,51396.0,335109.73,150174.31,1645016440,MILK/ADA_0.3,0.028824000000000183,-113.0,747.8999999999651,899.0
0.109059,1786290.83,194812.53,44751.72,1645016440,MINt/ADA_0.3,0.0,0.0,0.0,899.0
0.033764,5734684.83,193628.02,11817.63,1645016440,CLAP/ADA_0.3,0.0,0.0,0.0,899.0
2.276272,70022.07,159389.32,135077.25,1645016440,DANA/ADA_0.05,0.056057000000000023,-877.7299999999959,1976.4400000000023,899.0
0.0,6833001748409.0,154510.8,275.33,1645016440,CHRLZ/ADA_0.3,0.0,0.0,0.0,899.0
0.828986,173243.31,143616.34,1400.7,1645016440,WMT/ADA_0.05,0.0,263.7699999999895,218.6600000000035,899.0
0.004952,22608269.0,111974.94,11920.48,1645016440,RAVE/ADA_1.0,0.0,0.0,0.0,899.0
3e-05,3450674813.79,105256.69,9244.56,1645016440,ASHIB/ADA_1.0,0.0,-500000.720000267,15.400000000008731,899.0
0.688636,148131.91,102009.04,0.0,1645016440,SUNDAE/ADA_0.05,0.0,80.39000000001397,55.34999999999127,899.0
0.0,96738072517097.0,96485.38,2122.18,1645016440,BISON/ADA_0.3,0.0,0.0,0.0,899.0
0.031948,2760518.0,88193.56,9937.24,1645016440,FIRE/ADA_0.3,0.0,0.0,0.0,899.0
0.324085,225309.52,73019.45,117101.31,1645016440,MIN/ADA_0.3,0.006174999999999986,-2174.290000000008,700.0,899.0
0.0,1059979135950.0,64071.61,50497.91,1645016440,HOSKY/ADA_0.3,0.0,-4688514929.0,283.0,899.0
0.005963,9187345.0,54792.62,6137.96,1645016440,FLICK/ADA_0.3,0.0,0.0,0.0,899.0
0.089545,529995.0,47458.53,9166.92,1645016440,cNETA/ADA_0.3,0.0,0.0,0.0,899.0
0.012258,3373427.0,41352.55,24881.64,1645016440,CNFT/ADA_0.3,0.0,0.0,0.0,899.0
0.131209,302268.63,39660.57,1052.54,1645016440,MELD/ADA_1.0,0.0,0.0,0.0,899.0
0.110428,306001.61,33791.24,5378.45,1645016440,REVU/ADA_0.3,-0.0037920000000000037,5130.260000000009,-574.4599999999991,899.0
0.002599,12592294.94,32733.88,9517.03,1645016440,DRIP/ADA_1.0,0.0,0.0,0.0,899.0
0.005419,5777653.0,31309.79,196.24,1645016440,BDOGE/ADA_1.0,0.0,0.0,0.0,899.0
41.540008,723.0,30033.42,4770.59,1645016440,unsi…en/ADA_1.0,0.0,0.0,0.0,899.0
0.016995,1680246.0,28556.07,7250.22,1645016440,QUID/ADA_0.3,0.0,0.0,0.0,899.0
0.000849,33527130.3,28488.89,4.19,1645016440,MONET/ADA_0.3,0.0,0.0,0.0,899.0
0.00073,28254709.0,20626.01,0.0,1645016440,RAG/ADA_1.0,0.0,0.0,0.0,899.0
0.111367,183580.89,20445.03,600.3,1645016440,MINt/ADA_0.05,0.0,0.0,0.0,899.0
0.0,305905858672.0,19215.73,5251.77,1645016440,HOSKY/ADA_0.05,0.0,0.0,0.0,899.0
0.016814,1125784.0,18929.01,26.51,1645016440,GOKEY/ADA_0.3,0.0,0.0,0.0,899.0
23.478118,785.0,18430.32,2683.78,1645016440,XDIA…ND/ADA_1.0,0.0,0.0,0.0,899.0
0.306404,59631.25,18271.3,1872.84,1645016440,MIN/ADA_0.05,0.0,0.0,0.0,899.0
0.159575,112804.0,18000.78,1671.22,1645016440,SKULL/ADA_1.0,0.0,0.0,0.0,899.0
0.456616,38798.0,17715.81,1494.93,1645016440,CDX/ADA_1.0,0.0,0.0,0.0,899.0
0.032169,479663.0,15430.47,2932.39,1645016440,cMETA/ADA_0.3,0.0,0.0,0.0,899.0
0.000459,31985149.0,14709.56,9349.91,1645016440,KIDZ/ADA_0.3,-1.9999999999999944e-06,47000.0,-21.579999999999927,899.0
0.383593,37815.04,14505.59,15049.72,1645016440,CARGO/ADA_0.3,0.0,0.0,0.0,899.0
2.188129,6597.41,14435.99,0.0,1645016440,DANA/ADA_0.3,0.0,0.0,0.0,899.0
0.0,15540432507.0,13067.23,1007.09,1645016440,MEOW/ADA_0.3,0.0,0.0,0.0,899.0
0.109,97894.0,10670.52,8.59,1645016440,Card…rm/ADA_0.3,0.0,0.0,0.0,899.0
0.768512,13799.15,10604.82,0.0,1645016440,WMT/ADA_1.0,0.0,0.0,0.0,899.0
0.04898,196825.19,9640.64,261.65,1645016440,cbTHC/ADA_0.3,0.0,0.0,0.0,899.0
0.001176,8031655.0,9452.83,217.84,1645016440,FLANO/ADA_1.0,0.0,0.0,0.0,899.0
100.801593,87.9,8860.54,0.0,1645016440,LQ/ADA_1.0,0.0,0.0,0.0,899.0
0.744327,25685283.21,19118266.03,574189.05,1645017341,SUNDAE/ADA_0.3,0.0,0.0,0.0,900.0
104.354049,154209.7,16092406.75,763197.32,1645017341,LQ/ADA_0.3,0.0010830000000083828,17.380000000004657,1980.6500000003725,900.0
0.821907,14749908.54,12123066.47,1078434.46,1645017341,WMT/ADA_0.3,-0.009875999999999996,87110.34999999963,-73213.75,900.0
0.131253,11400925.1,1496407.23,554306.03,1645017341,MELD/ADA_0.3,-6.899999999998574e-05,2015.379999998957,-523.4599999999627,900.0
0.160644,6409616.0,1029669.09,33400.03,1645017341,XRAY/ADA_0.3,0.0,0.0,0.0,900.0
0.081503,12586022.0,1025801.38,975384.52,1645017341,PAVIA/ADA_0.3,-0.00019199999999999773,14897.0,-1205.890000000014,900.0
0.352836,2473439.0,872719.16,53408.69,1645017341,ADAX/ADA_0.3,8.000000000008e-06,-28.0,10.0,900.0
1.600774,432895.71,692968.34,351277.88,1645017341,AADA/ADA_0.3,0.03920400000000002,-5390.320000000007,8553.659999999916,900.0
1.624922,329589.76,535557.92,62104.91,1645017341,VYFI/ADA_0.3,0.0,0.0,0.0,900.0
6.531708,51351.0,335409.73,149310.76,1645017341,MILK/ADA_0.3,0.011555999999999678,-45.0,300.0,900.0
0.109561,1782199.8,195261.07,45201.6,1645017341,MINt/ADA_0.3,0.0005020000000000024,-4091.030000000028,448.54000000000815,900.0
0.033764,5734684.83,193628.02,11817.63,1645017341,CLAP/ADA_0.3,0.0,0.0,0.0,900.0
2.264559,70202.97,158978.81,135487.76,1645017341,DANA/ADA_0.05,-0.011712999999999862,180.89999999999418,-410.5100000000093,900.0
0.0,6833001748409.0,154510.8,275.33,1645017341,CHRLZ/ADA_0.3,0.0,0.0,0.0,900.0
0.828986,173182.54,143565.96,1400.7,1645017341,WMT/ADA_0.05,0.0,-60.76999999998952,-50.38000000000466,900.0
0.004952,22608269.0,111974.94,11920.48,1645017341,RAVE/ADA_1.0,0.0,0.0,0.0,900.0
3e-05,3450674813.79,105256.69,9244.56,1645017341,ASHIB/ADA_1.0,0.0,0.0,0.0,900.0
0.688636,148071.61,101967.52,0.0,1645017341,SUNDAE/ADA_0.05,0.0,-60.30000000001746,-41.51999999998952,900.0
0.0,96738072517097.0,96485.38,2122.18,1645017341,BISON/ADA_0.3,0.0,0.0,0.0,900.0
0.031948,2760518.0,88193.56,9937.24,1645017341,FIRE/ADA_0.3,0.0,0.0,0.0,900.0
0.320083,226741.44,72576.24,123064.57,1645017341,MIN/ADA_0.3,-0.0040020000000000056,1431.9200000000128,-443.20999999999185,900.0
0.0,1060546173430.0,64037.46,50497.91,1645017341,HOSKY/ADA_0.3,0.0,567037480.0,-34.150000000001455,900.0
0.089545,529995.0,47458.53,9166.92,1645017341,cNETA/ADA_0.3,0.0,0.0,0.0,900.0
0.012258,3373427.0,41352.55,24881.64,1645017341,CNFT/ADA_0.3,0.0,0.0,0.0,900.0
0.131209,302268.63,39660.57,1052.54,1645017341,MELD/ADA_1.0,0.0,0.0,0.0,900.0
0.110428,306001.61,33791.24,5378.45,1645017341,REVU/ADA_0.3,0.0,0.0,0.0,900.0
0.002622,12538283.75,32881.54,9663.54,1645017341,DRIP/ADA_1.0,2.3000000000000017e-05,-54011.18999999948,147.65999999999985,900.0
0.005419,5777653.0,31309.79,196.24,1645017341,BDOGE/ADA_1.0,0.0,0.0,0.0,900.0
41.540008,723.0,30033.42,4770.59,1645017341,unsi…en/ADA_1.0,0.0,0.0,0.0,900.0
0.016995,1680246.0,28556.07,7250.22,1645017341,QUID/ADA_0.3,0.0,0.0,0.0,900.0
0.000849,33527130.3,28488.89,4.19,1645017341,MONET/ADA_0.3,0.0,0.0,0.0,900.0
0.00073,28254709.0,20626.01,0.0,1645017341,RAG/ADA_1.0,0.0,0.0,0.0,900.0
0.111367,183580.89,20445.03,600.3,1645017341,MINt/ADA_0.05,0.0,0.0,0.0,900.0
0.0,305905858672.0,19215.73,5251.77,1645017341,HOSKY/ADA_0.05,0.0,0.0,0.0,900.0
0.016814,1125784.0,18929.01,26.51,1645017341,GOKEY/ADA_0.3,0.0,0.0,0.0,900.0
23.478118,785.0,18430.32,2683.78,1645017341,XDIA…ND/ADA_1.0,0.0,0.0,0.0,900.0
0.306404,59631.25,18271.3,1872.84,1645017341,MIN/ADA_0.05,0.0,0.0,0.0,900.0
0.159575,112804.0,18000.78,1671.22,1645017341,SKULL/ADA_1.0,0.0,0.0,0.0,900.0
0.456616,38798.0,17715.81,1494.93,1645017341,CDX/ADA_1.0,0.0,0.0,0.0,900.0
0.032169,479663.0,15430.47,2932.39,1645017341,cMETA/ADA_0.3,0.0,0.0,0.0,900.0
0.000459,31985149.0,14709.56,9349.91,1645017341,KIDZ/ADA_0.3,0.0,0.0,0.0,900.0
0.383593,37815.04,14505.59,15049.72,1645017341,CARGO/ADA_0.3,0.0,0.0,0.0,900.0
2.188129,6597.41,14435.99,0.0,1645017341,DANA/ADA_0.3,0.0,0.0,0.0,900.0
0.812385,13423.22,10904.82,303.0,1645017341,WMT/ADA_1.0,0.04387300000000005,-375.9300000000003,300.0,900.0
0.109,97894.0,10670.52,8.59,1645017341,Card…rm/ADA_0.3,0.0,0.0,0.0,900.0
0.04898,196825.19,9640.64,261.65,1645017341,cbTHC/ADA_0.3,0.0,0.0,0.0,900.0
0.001176,8031655.0,9452.83,217.84,1645017341,FLANO/ADA_1.0,0.0,0.0,0.0,900.0
2.5e-05,346812951.0,8962.38,2817.4,1645017341,SHIBA/ADA_1.0,3.0000000000000018e-06,-22329739.0,785.5999999999995,51295.0
100.801593,87.9,8860.54,0.0,1645017341,LQ/ADA_1.0,0.0,0.0,0.0,900.0
0.002618,3324677.88,8704.13,587.52,1645017341,DRIP/ADA_0.3,0.0,153381.77000000002,401.5599999999995,36000.0
0.744327,25685283.21,19118266.03,574189.05,1645018234,SUNDAE/ADA_0.3,0.0,0.0,0.0,893.0
104.340359,154206.49,16089961.49,764513.76,1645018234,LQ/ADA_0.3,-0.013689999999996871,-3.2100000000209548,-2445.2599999997765,893.0
0.821975,14761374.97,12133490.12,1078935.96,1645018234,WMT/ADA_0.3,6.799999999995698e-05,11466.430000001565,10423.64999999851,893.0
0.129989,11458170.39,1489443.51,561564.13,1645018234,MELD/ADA_0.3,-0.0012640000000000151,57245.29000000097,-6963.719999999972,893.0
0.160644,6409616.0,1029669.09,33400.03,1645018234,XRAY/ADA_0.3,0.0,0.0,0.0,893.0
0.08159,12579281.0,1026354.12,976346.05,1645018234,PAVIA/ADA_0.3,8.699999999998986e-05,-6741.0,552.7399999999907,893.0
0.352836,2473439.0,872719.16,53408.69,1645018234,ADAX/ADA_0.3,0.0,0.0,0.0,893.0
1.675646,423319.16,709333.39,382319.48,1645018234,AADA/ADA_0.3,0.07487200000000005,-9576.550000000047,16365.050000000047,893.0
1.624922,329589.76,535557.92,62104.91,1645018234,VYFI/ADA_0.3,0.0,0.0,0.0,893.0
6.531708,51361.0,335475.05,150202.75,1645018234,MILK/ADA_0.3,0.0,10.0,65.32000000000698,893.0
0.744327,25685283.21,19118266.03,414018.3,1645045355,SUNDAE/ADA_0.3,0.0,0.0,0.0,27120.0
104.770252,154341.21,16170367.74,640421.72,1645045355,LQ/ADA_0.3,0.42989299999999275,134.72000000000116,80406.25,27120.0
0.862201,14662145.21,12641722.46,1366160.52,1645045355,WMT/ADA_0.3,0.040225999999999984,-99229.75999999978,508232.3400000017,27120.0
0.130184,11820368.18,1538829.26,515319.58,1645045355,MELD/ADA_0.3,0.00019500000000000073,362197.7899999991,49385.75,27120.0
0.083577,12405127.0,1036783.37,936201.64,1645045355,PAVIA/ADA_0.3,0.0019870000000000027,-174154.0,10429.25,27120.0
0.160772,6432964.0,1034242.31,21750.79,1645045355,XRAY/ADA_0.3,0.00012799999999998923,23348.0,4573.2200000000885,27120.0
0.360756,2454063.0,885320.1,62007.53,1645045355,ADAX/ADA_0.3,0.007920000000000038,-19376.0,12600.939999999944,27120.0
2.047924,394495.28,807896.7,575124.17,1645045355,AADA/ADA_0.3,0.3722780000000001,-28823.879999999946,98563.30999999994,27120.0
1.624285,329550.77,535284.52,62294.1,1645045355,VYFI/ADA_0.3,-0.0006369999999999987,-38.98999999999069,-273.4000000000233,27120.0
6.740052,50721.0,341862.22,151179.73,1645045355,MILK/ADA_0.3,0.2083440000000003,-640.0,6387.169999999984,27120.0
0.032841,5824187.78,191274.93,14419.41,1645045355,CLAP/ADA_0.3,-0.0009230000000000002,89502.95000000019,-2353.0899999999965,28013.0
0.103989,1829551.03,190254.29,46227.04,1645045355,MINt/ADA_0.3,-0.0055720000000000075,47351.22999999998,-5006.779999999999,28013.0
2.466989,67274.19,165964.75,134219.05,1645045355,DANA/ADA_0.05,0.20242999999999967,-2928.779999999999,6985.940000000002,28013.0
0.0,6824654660202.0,154700.41,276.14,1645045355,CHRLZ/ADA_0.3,0.0,-8347088207.0,189.61000000001513,28013.0
0.828986,156060.13,129371.72,1400.7,1645045355,WMT/ADA_0.05,0.0,-17122.410000000003,-14194.23999999999,28013.0
0.69329,184154.49,127672.65,354.08,1645045355,SUNDAE/ADA_0.05,0.004653999999999936,36082.880000000005,25705.12999999999,28013.0
0.005002,22496339.0,112527.83,11528.4,1645045355,RAVE/ADA_1.0,5.0000000000000565e-05,-111930.0,552.8899999999994,28013.0
3e-05,3473989488.28,106221.1,7896.19,1645045355,ASHIB/ADA_1.0,0.0,23314674.490000248,964.4100000000035,28013.0
0.0,98036452018247.0,95196.24,2644.21,1645045355,BISON/ADA_0.3,0.0,1298379501150.0,-1289.1399999999994,28013.0
0.311473,287892.74,89671.0,131049.91,1645045355,MIN/ADA_0.3,-0.008610000000000007,61151.29999999999,17094.759999999995,28013.0
0.031689,2771793.0,87836.4,7909.1,1645045355,FIRE/ADA_0.3,-0.00025899999999999535,11275.0,-357.1600000000035,28013.0
0.0,1050332742040.0,64621.2,45942.08,1645045355,HOSKY/ADA_0.3,0.0,-10213431390.0,583.739999999998,28013.0
0.006135,9058308.0,55576.09,5629.62,1645045355,FLICK/ADA_0.3,0.0001719999999999994,-129037.0,783.4699999999939,28914.0
0.087936,536080.0,47140.96,5213.6,1645045355,cNETA/ADA_0.3,-0.0016089999999999993,6085.0,-317.5699999999997,28013.0
0.01186,3429697.0,40676.62,12858.63,1645045355,CNFT/ADA_0.3,-0.00039799999999999905,56270.0,-675.9300000000003,28013.0
0.105528,314504.38,33189.15,7398.46,1645045355,REVU/ADA_0.3,-0.004900000000000002,8502.770000000019,-602.0899999999965,28013.0
0.002631,12548304.96,33017.21,7964.57,1645045355,DRIP/ADA_1.0,8.999999999999894e-06,10021.210000000894,135.66999999999825,28013.0
0.005337,5821746.0,31075.01,313.23,1645045355,BDOGE/ADA_1.0,-8.200000000000048e-05,44093.0,-234.78000000000247,28013.0
39.40607,743.0,29278.71,6163.01,1645045355,unsi…en/ADA_1.0,-2.1339380000000006,20.0,-754.7099999999991,28013.0
0.131209,219441.27,28792.81,0.0,1645045355,MELD/ADA_1.0,0.0,-82827.36000000002,-10867.759999999998,28013.0
0.017042,1680252.0,28636.09,2227.84,1645045355,QUID/ADA_0.3,4.70000000000019e-05,6.0,80.02000000000044,28013.0
0.000849,33527130.3,28488.89,3.18,1645045355,MONET/ADA_0.3,0.0,0.0,0.0,28013.0
0.00073,28254709.0,20626.01,0.0,1645045355,RAG/ADA_1.0,0.0,0.0,0.0,28013.0
26.260634,743.0,19511.65,3550.71,1645045355,XDIA…ND/ADA_1.0,2.782516000000001,-42.0,1081.3300000000017,28013.0
0.102141,188808.35,19285.1,865.04,1645045355,MINt/ADA_0.05,-0.009225999999999998,5227.459999999992,-1159.9300000000003,28013.0
0.0,305925858672.0,19216.99,5251.77,1645045355,HOSKY/ADA_0.05,0.0,20000000.0,1.2600000000020373,28013.0
0.016444,1138480.0,18722.3,1536.63,1645045355,GOKEY/ADA_0.3,-0.0003699999999999988,12696.0,-206.70999999999913,28013.0
0.306404,59564.88,18250.96,1225.02,1645045355,MIN/ADA_0.05,0.0,-66.37000000000262,-20.340000000000146,28013.0
0.456616,38798.0,17715.81,963.38,1645045355,CDX/ADA_1.0,0.0,0.0,0.0,28013.0
0.152764,115304.0,17614.33,1805.03,1645045355,SKULL/ADA_1.0,-0.006810999999999984,2500.0,-386.4499999999971,28013.0
0.032805,475012.0,15582.92,3341.72,1645045355,cMETA/ADA_0.3,0.0006359999999999977,-4651.0,152.45000000000073,28013.0
2.413538,6053.7,14610.84,702.1,1645045355,DANA/ADA_0.3,0.22540899999999997,-543.71,174.85000000000036,28013.0
0.000465,31312526.0,14572.2,2524.48,1645045355,KIDZ/ADA_0.3,6.000000000000037e-06,-672623.0,-137.35999999999876,28013.0
0.375543,38229.99,14357.01,14716.01,1645045355,CARGO/ADA_0.3,-0.008050000000000002,414.9499999999971,-148.57999999999993,28013.0
0.0,16827253811.0,12070.77,2003.52,1645045355,MEOW/ADA_0.3,0.0,1286821304.0,-996.4599999999991,28914.0
0.812385,13790.51,11203.2,303.0,1645045355,WMT/ADA_1.0,0.0,367.2900000000009,298.380000000001,28013.0
0.109,97894.0,10670.52,8.59,1645045355,Card…rm/ADA_0.3,0.0,0.0,0.0,28013.0
0.04898,196825.29,9640.64,261.65,1645045355,cbTHC/ADA_0.3,0.0,0.10000000000582077,0.0,28013.0
0.001183,8021655.0,9490.82,227.94,1645045355,FLANO/ADA_1.0,7.000000000000062e-06,-10000.0,37.98999999999978,28013.0
100.801593,87.9,8860.54,0.0,1645045355,LQ/ADA_1.0,0.0,0.0,0.0,28013.0
0.744327,25685283.21,19118266.03,406396.05,1645049399,SUNDAE/ADA_0.3,0.0,0.0,0.0,4044.0
104.033408,155078.27,16133321.61,631618.42,1645049399,LQ/ADA_0.3,-0.7368440000000049,737.0599999999977,-37046.13000000082,4044.0
0.862633,14700055.18,12680763.1,1367857.0,1645049399,WMT/ADA_0.3,0.00043199999999998795,37909.96999999881,39040.63999999873,4044.0
0.131107,11779353.02,1544356.18,490978.06,1645049399,MELD/ADA_0.3,0.0009230000000000071,-41015.16000000015,5526.9199999999255,4044.0
0.160659,6435225.0,1033881.61,22323.51,1645049399,XRAY/ADA_0.3,-0.00011300000000000199,2261.0,-360.70000000006985,4044.0
0.082946,12452627.0,1032896.13,815583.25,1645049399,PAVIA/ADA_0.3,-0.0006309999999999927,47500.0,-3887.2399999999907,4044.0
0.362202,2448673.0,886914.89,48361.92,1645049399,ADAX/ADA_0.3,0.0014460000000000028,-5390.0,1594.7900000000373,4044.0
2.023078,397074.65,803313.04,592460.3,1645049399,AADA/ADA_0.3,-0.024846000000000146,2579.3699999999953,-4583.659999999916,4044.0
1.637627,328280.45,537601.02,64498.26,1645049399,VYFI/ADA_0.3,0.013341999999999965,-1270.320000000007,2316.5,4044.0
6.742334,50713.0,341924.02,142838.08,1645049399,MILK/ADA_0.3,0.002281999999999229,-8.0,61.800000000046566,4044.0
0.109342,1805915.72,197463.1,49689.06,1645049399,MINt/ADA_0.3,0.005352999999999997,-23635.310000000056,7208.809999999998,4044.0
0.032891,5819789.2,191419.93,14336.48,1645049399,CLAP/ADA_0.3,4.999999999999449e-05,-4398.5800000000745,145.0,4044.0
2.46635,67283.15,165943.81,128749.62,1645049399,DANA/ADA_0.05,-0.0006390000000000562,8.959999999991851,-20.94000000000233,4044.0
0.0,6825777016738.0,154675.05,301.5,1645049399,CHRLZ/ADA_0.3,0.0,1122356536.0,-25.360000000015134,4044.0
0.828986,155581.16,128974.66,1400.7,1645049399,WMT/ADA_0.05,0.0,-478.97000000000116,-397.0599999999977,4044.0
0.69329,183642.7,127317.82,354.08,1645049399,SUNDAE/ADA_0.05,0.0,-511.78999999997905,-354.8299999999872,4044.0
0.005002,22496339.0,112527.83,11473.61,1645049399,RAVE/ADA_1.0,0.0,0.0,0.0,4044.0
3e-05,3473762855.56,106228.1,7910.33,1645049399,ASHIB/ADA_1.0,0.0,-226632.72000026703,7.0,4044.0
0.0,98212365896535.0,95026.24,2807.69,1645049399,BISON/ADA_0.3,0.0,175913878288.0,-170.0,4044.0
0.323359,282576.64,91373.85,128477.89,1645049399,MIN/ADA_0.3,0.011886000000000008,-5316.099999999977,1702.8500000000058,4044.0
0.031327,2787787.0,87335.13,7946.91,1645049399,FIRE/ADA_0.3,-0.0003620000000000012,15994.0,-501.2699999999895,4044.0
0.0,1039699043928.0,65458.13,46564.74,1645049399,HOSKY/ADA_0.3,0.0,-10633698112.0,836.9300000000003,4044.0
0.006135,9077600.0,55694.45,5524.15,1645049399,FLICK/ADA_0.3,0.0,19292.0,118.36000000000058,4044.0
0.087936,536080.0,47140.96,4760.14,1645049399,cNETA/ADA_0.3,0.0,0.0,0.0,4044.0
0.011784,3440697.0,40546.96,11444.65,1645049399,CNFT/ADA_0.3,-7.600000000000141e-05,11000.0,-129.6600000000035,4044.0
0.00257,12711504.96,32676.13,8240.15,1645049399,DRIP/ADA_1.0,-6.100000000000029e-05,163200.0,-341.0799999999981,4044.0
0.108833,299306.5,32574.57,7532.86,1645049399,REVU/ADA_0.3,0.0033050000000000024,-15197.880000000005,-614.5800000000017,4044.0
0.005337,5821746.0,31075.01,313.23,1645049399,BDOGE/ADA_1.0,0.0,0.0,0.0,4044.0
39.40607,743.0,29278.71,6163.01,1645049399,unsi…en/ADA_1.0,0.0,0.0,0.0,4044.0
0.131209,219441.27,28792.81,0.0,1645049399,MELD/ADA_1.0,0.0,0.0,0.0,4044.0
0.017042,1680252.0,28636.09,2227.84,1645049399,QUID/ADA_0.3,0.0,0.0,0.0,4044.0
0.000849,33527130.3,28488.89,3.18,1645049399,MONET/ADA_0.3,0.0,0.0,0.0,4044.0
0.00073,28254709.0,20626.01,294.09,1645049399,RAG/ADA_1.0,0.0,0.0,0.0,4044.0
26.260634,743.0,19511.65,3494.06,1645049399,XDIA…ND/ADA_1.0,0.0,0.0,0.0,4044.0
0.102141,188211.98,19224.18,865.04,1645049399,MINt/ADA_0.05,0.0,-596.3699999999953,-60.919999999998254,4044.0
0.0,305382960021.0,19182.89,5251.77,1645049399,HOSKY/ADA_0.05,0.0,-542898651.0,-34.10000000000218,4044.0
0.016444,1138480.0,18722.3,1536.63,1645049399,GOKEY/ADA_0.3,0.0,0.0,0.0,4044.0
0.306404,59564.88,18250.96,1225.02,1645049399,MIN/ADA_0.05,0.0,0.0,0.0,4044.0
0.456616,38798.0,17715.81,963.38,1645049399,CDX/ADA_1.0,0.0,0.0,0.0,4044.0
0.152764,115304.0,17614.33,1805.03,1645049399,SKULL/ADA_1.0,0.0,0.0,0.0,4044.0
0.032805,475012.0,15582.92,3341.72,1645049399,cMETA/ADA_0.3,0.0,0.0,0.0,4044.0
111.36341,139.75,15563.9,0.0,1645049399,LQ/ADA_0.05,,,,
2.413538,6053.7,14610.84,702.1,1645049399,DANA/ADA_0.3,0.0,0.0,0.0,4044.0
0.381021,38339.77,14608.27,14925.63,1645049399,CARGO/ADA_0.3,0.005477999999999983,109.77999999999884,251.26000000000022,4044.0
0.000465,31312526.0,14572.2,2282.98,1645049399,KIDZ/ADA_0.3,0.0,0.0,0.0,4044.0
0.0,16687250308.0,12172.35,2105.41,1645049399,MEOW/ADA_0.3,0.0,-140003503.0,101.57999999999993,4044.0
0.812385,13838.28,11242.01,303.0,1645049399,WMT/ADA_1.0,0.0,47.77000000000044,38.80999999999949,4044.0
0.109,97894.0,10670.52,8.16,1645049399,Card…rm/ADA_0.3,0.0,0.0,0.0,4044.0
0.04898,196825.29,9640.64,261.65,1645049399,cbTHC/ADA_0.3,0.0,0.0,0.0,4044.0
0.001183,8021655.0,9490.82,227.94,1645049399,FLANO/ADA_1.0,0.0,0.0,0.0,4044.0
0.744327,25685283.21,19118266.03,406396.05,1645049801,SUNDAE/ADA_0.3,0.0,0.0,0.0,402.0
104.032069,155268.67,16152921.75,631722.14,1645049801,LQ/ADA_0.3,-0.0013389999999873226,190.40000000002328,19600.140000000596,402.0
0.86261,14700378.29,12680704.76,1368205.28,1645049801,WMT/ADA_0.3,-2.2999999999995246e-05,323.10999999940395,-58.33999999985099,402.0
0.131107,11779353.02,1544356.18,490978.06,1645049801,MELD/ADA_0.3,0.0,0.0,0.0,402.0
0.160659,6435225.0,1033881.61,22323.51,1645049801,XRAY/ADA_0.3,0.0,0.0,0.0,402.0
0.082946,12452627.0,1032896.13,815583.25,1645049801,PAVIA/ADA_0.3,0.0,0.0,0.0,402.0
0.362202,2448673.0,886914.89,48361.92,1645049801,ADAX/ADA_0.3,0.0,0.0,0.0,402.0
2.023078,397074.65,803313.04,592460.3,1645049801,AADA/ADA_0.3,0.0,0.0,0.0,402.0
1.637627,328280.45,537601.02,64498.26,1645049801,VYFI/ADA_0.3,0.0,0.0,0.0,402.0
6.74402,50707.0,341969.02,142883.21,1645049801,MILK/ADA_0.3,0.0016860000000002984,-6.0,45.0,402.0
0.109342,1805915.72,197463.1,49689.06,1645049801,MINt/ADA_0.3,0.0,0.0,0.0,402.0
0.032891,5819789.2,191419.93,14336.48,1645049801,CLAP/ADA_0.3,0.0,0.0,0.0,402.0
2.46635,67283.15,165943.81,128749.62,1645049801,DANA/ADA_0.05,0.0,0.0,0.0,402.0
0.0,6825777016738.0,154675.05,301.5,1645049801,CHRLZ/ADA_0.3,0.0,0.0,0.0,402.0
0.828986,155581.16,128974.66,1400.7,1645049801,WMT/ADA_0.05,0.0,0.0,0.0,402.0
0.69329,182777.26,126717.82,354.08,1645049801,SUNDAE/ADA_0.05,0.0,-865.4400000000023,-600.0,402.0
0.005002,22496339.0,112527.83,11473.61,1645049801,RAVE/ADA_1.0,0.0,0.0,0.0,402.0
3e-05,3473762855.56,106228.1,7910.33,1645049801,ASHIB/ADA_1.0,0.0,0.0,0.0,402.0
0.0,98212365896535.0,95026.24,2807.69,1645049801,BISON/ADA_0.3,0.0,0.0,0.0,402.0
0.323359,282576.64,91373.85,128477.89,1645049801,MIN/ADA_0.3,0.0,0.0,0.0,402.0
0.031327,2787787.0,87335.13,7946.91,1645049801,FIRE/ADA_0.3,0.0,0.0,0.0,402.0
0.0,1039699043928.0,65458.13,46564.74,1645049801,HOSKY/ADA_0.3,0.0,0.0,0.0,402.0
0.006135,9077600.0,55694.45,5524.15,1645049801,FLICK/ADA_0.3,0.0,0.0,0.0,402.0
0.087936,536080.0,47140.96,5208.98,1645049801,cNETA/ADA_0.3,0.0,0.0,0.0,402.0
0.011784,3440697.0,40546.96,11444.65,1645049801,CNFT/ADA_0.3,0.0,0.0,0.0,402.0
0.00257,12711504.96,32676.13,8240.15,1645049801,DRIP/ADA_1.0,0.0,0.0,0.0,402.0
0.108833,299306.5,32574.57,7532.86,1645049801,REVU/ADA_0.3,0.0,0.0,0.0,402.0
0.005337,5821746.0,31075.01,313.23,1645049801,BDOGE/ADA_1.0,0.0,0.0,0.0,402.0
39.40607,743.0,29278.71,6163.01,1645049801,unsi…en/ADA_1.0,0.0,0.0,0.0,402.0
0.131209,219441.27,28792.81,0.0,1645049801,MELD/ADA_1.0,0.0,0.0,0.0,402.0
0.017042,1680252.0,28636.09,2227.84,1645049801,QUID/ADA_0.3,0.0,0.0,0.0,402.0
0.000849,33527130.3,28488.89,3.18,1645049801,MONET/ADA_0.3,0.0,0.0,0.0,402.0
0.000729,28266486.0,20617.5,294.09,1645049801,RAG/ADA_1.0,-9.999999999999159e-07,11777.0,-8.5099999999984,402.0
26.260634,743.0,19511.65,3494.06,1645049801,XDIA…ND/ADA_1.0,0.0,0.0,0.0,402.0
0.102141,188211.98,19224.18,865.04,1645049801,MINt/ADA_0.05,0.0,0.0,0.0,402.0
0.0,305382960021.0,19182.89,5251.77,1645049801,HOSKY/ADA_0.05,0.0,0.0,0.0,402.0
0.016444,1138480.0,18722.3,1536.63,1645049801,GOKEY/ADA_0.3,0.0,0.0,0.0,402.0
0.306404,59564.88,18250.96,1225.02,1645049801,MIN/ADA_0.05,0.0,0.0,0.0,402.0
0.456616,38798.0,17715.81,963.38,1645049801,CDX/ADA_1.0,0.0,0.0,0.0,402.0
0.152764,115304.0,17614.33,1805.03,1645049801,SKULL/ADA_1.0,0.0,0.0,0.0,402.0
0.032805,475012.0,15582.92,3341.72,1645049801,cMETA/ADA_0.3,0.0,0.0,0.0,402.0
111.36341,139.75,15563.9,0.0,1645049801,LQ/ADA_0.05,0.0,0.0,0.0,402.0
2.413538,6053.7,14610.84,702.1,1645049801,DANA/ADA_0.3,0.0,0.0,0.0,402.0
0.381021,38339.77,14608.27,14925.63,1645049801,CARGO/ADA_0.3,0.0,0.0,0.0,402.0
0.000465,31312526.0,14572.2,2282.98,1645049801,KIDZ/ADA_0.3,0.0,0.0,0.0,402.0
0.0,16687250308.0,12172.35,2105.41,1645049801,MEOW/ADA_0.3,0.0,0.0,0.0,402.0
0.812385,13838.28,11242.01,303.0,1645049801,WMT/ADA_1.0,0.0,0.0,0.0,402.0
0.109,97894.0,10670.52,8.16,1645049801,Card…rm/ADA_0.3,0.0,0.0,0.0,402.0
0.04898,196825.29,9640.64,261.65,1645049801,cbTHC/ADA_0.3,0.0,0.0,0.0,402.0
0.001183,8021655.0,9490.82,227.94,1645049801,FLANO/ADA_1.0,0.0,0.0,0.0,402.0
0.744327,25685283.21,19118266.03,319998.55,1645053367,SUNDAE/ADA_0.3,0.0,0.0,0.0,3565.0
105.071794,154597.61,16243849.23,694551.72,1645053367,LQ/ADA_0.3,1.03972499999999,-671.0600000000268,90927.48000000045,3565.0
0.864459,14687899.23,12697100.26,1370060.13,1645053367,WMT/ADA_0.3,0.0018489999999999895,-12479.059999998659,16395.5,3565.0
0.129363,11850294.33,1532992.08,511004.89,1645053367,MELD/ADA_0.3,-0.0017439999999999956,70941.31000000052,-11364.09999999986,3565.0
0.083411,12421732.0,1036114.52,741396.42,1645053367,PAVIA/ADA_0.3,0.0004649999999999932,-30895.0,3218.390000000014,3565.0
0.160609,6436225.0,1033721.46,22410.48,1645053367,XRAY/ADA_0.3,-4.999999999999449e-05,1000.0,-160.15000000002328,3565.0
0.363434,2444525.0,888424.89,46862.01,1645053367,ADAX/ADA_0.3,0.0012319999999999554,-4148.0,1510.0,3565.0
2.079058,392273.3,815559.14,584296.62,1645053367,AADA/ADA_0.3,0.05597999999999992,-4801.350000000035,12246.099999999977,3565.0
1.633163,328729.57,536869.3,64319.58,1645053367,VYFI/ADA_0.3,-0.0044640000000000235,449.11999999999534,-731.7199999999721,3565.0
6.630884,51070.0,338639.27,145855.45,1645053367,MILK/ADA_0.3,-0.1131359999999999,363.0,-3329.75,3565.0
0.108574,1812296.42,196769.96,48165.5,1645053367,MINt/ADA_0.3,-0.0007679999999999909,6380.699999999953,-693.140000000014,3565.0
0.032891,5819789.2,191419.93,13421.35,1645053367,CLAP/ADA_0.3,0.0,0.0,0.0,3565.0
2.396065,68263.09,163562.86,127626.87,1645053367,DANA/ADA_0.05,-0.07028499999999971,979.9400000000023,-2380.9500000000116,3565.0
0.0,6825777016738.0,154675.05,301.5,1645053367,CHRLZ/ADA_0.3,0.0,0.0,0.0,3565.0
0.847085,155013.26,131309.42,2801.4,1645053367,WMT/ADA_0.05,0.018098999999999976,-567.8999999999942,2334.7600000000093,3565.0
0.69329,182993.84,126867.98,354.08,1645053367,SUNDAE/ADA_0.05,0.0,216.5799999999872,150.15999999998894,3565.0
0.005022,22450699.0,112758.91,10892.6,1645053367,RAVE/ADA_1.0,2.0000000000000052e-05,-45640.0,231.08000000000175,3565.0
3e-05,3473762855.56,106228.1,7910.33,1645053367,ASHIB/ADA_1.0,0.0,0.0,0.0,3565.0
0.0,98212365896535.0,95026.24,2807.69,1645053367,BISON/ADA_0.3,0.0,0.0,0.0,3565.0
0.329132,280284.12,92250.48,118375.77,1645053367,MIN/ADA_0.3,0.005772999999999973,-2292.5200000000186,876.6299999999901,3565.0
0.032212,2749279.0,88562.13,9177.59,1645053367,FIRE/ADA_0.3,0.0008849999999999969,-38508.0,1227.0,3565.0
0.0,1039948841844.0,65446.78,47157.72,1645053367,HOSKY/ADA_0.3,0.0,249797916.0,-11.349999999998545,3565.0
0.006135,9077600.0,55694.45,5274.86,1645053367,FLICK/ADA_0.3,0.0,0.0,0.0,3565.0
0.089962,529968.0,47677.3,5167.02,1645053367,cNETA/ADA_0.3,0.002026,-6112.0,536.3400000000038,3565.0
0.011777,3441777.0,40534.31,10562.22,1645053367,CNFT/ADA_0.3,-7.000000000000062e-06,1080.0,-12.650000000001455,3565.0
0.002565,12725578.48,32645.81,7125.77,1645053367,DRIP/ADA_1.0,-4.999999999999796e-06,14073.519999999553,-30.31999999999971,3565.0
0.108833,298637.96,32501.81,7532.86,1645053367,REVU/ADA_0.3,0.0,-668.539999999979,-72.7599999999984,3565.0
0.005337,5821746.0,31075.01,313.23,1645053367,BDOGE/ADA_1.0,0.0,0.0,0.0,3565.0
39.40607,743.0,29278.71,6163.01,1645053367,unsi…en/ADA_1.0,0.0,0.0,0.0,3565.0
0.131209,219441.27,28792.81,0.0,1645053367,MELD/ADA_1.0,0.0,0.0,0.0,3565.0
0.017042,1680252.0,28636.09,2227.84,1645053367,QUID/ADA_0.3,0.0,0.0,0.0,3565.0
0.00085,33503680.34,28508.89,23.24,1645053367,MONET/ADA_0.3,9.999999999999159e-07,-23449.960000000894,20.0,3565.0
0.000729,28266486.0,20617.5,294.09,1645053367,RAG/ADA_1.0,0.0,0.0,0.0,3565.0
0.108286,182794.8,19794.18,1435.32,1645053367,MINt/ADA_0.05,0.006144999999999998,-5417.180000000022,570.0,3565.0
26.438263,741.0,19590.75,3488.25,1645053367,XDIA…ND/ADA_1.0,0.1776289999999996,-2.0,79.09999999999854,3565.0
0.0,305383960021.0,19182.95,5251.77,1645053367,HOSKY/ADA_0.05,0.0,1000000.0,0.06000000000130967,3565.0
0.306404,59564.88,18250.96,1225.02,1645053367,MIN/ADA_0.05,0.0,0.0,0.0,3565.0
0.015135,1186782.0,17962.67,2347.87,1645053367,GOKEY/ADA_0.3,-0.0013090000000000011,48302.0,-759.630000000001,3565.0
0.152763,115252.0,17606.31,1805.03,1645053367,SKULL/ADA_1.0,-1.000000000001e-06,-52.0,-8.020000000000437,3565.0
0.445127,39298.0,17492.63,1186.56,1645053367,CDX/ADA_1.0,-0.011489000000000027,500.0,-223.1800000000003,3565.0
108.504191,151.56,16445.97,215.22,1645053367,LQ/ADA_0.05,-2.859218999999996,11.810000000000002,882.0700000000015,3565.0
0.032805,475012.0,15582.92,2806.74,1645053367,cMETA/ADA_0.3,0.0,0.0,0.0,3565.0
2.413538,6053.7,14610.84,702.1,1645053367,DANA/ADA_0.3,0.0,0.0,0.0,3565.0
0.381021,38292.17,14590.13,14477.1,1645053367,CARGO/ADA_0.3,0.0,-47.599999999998545,-18.140000000001237,3565.0
0.000465,31312526.0,14572.2,1881.78,1645053367,KIDZ/ADA_0.3,0.0,0.0,0.0,3565.0
0.0,16687250308.0,12172.35,2105.41,1645053367,MEOW/ADA_0.3,0.0,0.0,0.0,3565.0
0.812385,14770.19,11999.08,303.0,1645053367,WMT/ADA_1.0,0.0,931.9099999999999,757.0699999999997,3565.0
0.109,97894.0,10670.52,8.16,1645053367,Card…rm/ADA_0.3,0.0,0.0,0.0,3565.0
0.049031,196723.57,9645.64,266.66,1645053367,cbTHC/ADA_0.3,5.099999999999549e-05,-101.72000000000116,5.0,3565.0
0.001183,8021655.0,9490.82,227.94,1645053367,FLANO/ADA_1.0,0.0,0.0,0.0,3565.0
0.744327,25685283.21,19118266.03,319998.55,1645054239,SUNDAE/ADA_0.3,0.0,0.0,0.0,872.0
105.13639,154553.11,16249156.12,699566.72,1645054239,LQ/ADA_0.3,0.06459600000000876,-44.5,5306.889999998733,872.0
0.864932,14684215.97,12700857.73,1373546.93,1645054239,WMT/ADA_0.3,0.0004730000000000567,-3683.2599999997765,3757.4700000006706,872.0
0.129764,11832947.89,1535494.31,523517.95,1645054239,MELD/ADA_0.3,0.0004009999999999847,-17346.43999999948,2502.2299999999814,872.0
0.083031,12450179.0,1033761.74,746243.35,1645054239,PAVIA/ADA_0.3,-0.00038000000000000533,28447.0,-2352.780000000028,872.0
0.160609,6436225.0,1033721.46,22410.48,1645054239,XRAY/ADA_0.3,0.0,0.0,0.0,872.0
0.363434,2444525.0,888424.89,46862.01,1645054239,ADAX/ADA_0.3,0.0,0.0,0.0,872.0
2.07878,392299.59,815504.92,584396.12,1645054239,AADA/ADA_0.3,-0.0002779999999997784,26.290000000037253,-54.21999999997206,872.0
1.64341,327704.72,538553.35,66008.68,1645054239,VYFI/ADA_0.3,0.010247000000000117,-1024.850000000035,1684.0499999999302,872.0
6.630884,51070.0,338639.27,145855.45,1645054239,MILK/ADA_0.3,0.0,0.0,0.0,872.0
0.108574,1812296.42,196769.96,48165.5,1645054239,MINt/ADA_0.3,0.0,0.0,0.0,872.0
0.032891,5819728.58,191421.93,13423.36,1645054239,CLAP/ADA_0.3,0.0,-60.62000000011176,2.0,872.0
2.398995,68406.04,164105.8,127726.92,1645054239,DANA/ADA_0.05,0.002930000000000099,142.9499999999971,542.9400000000023,872.0
0.0,6825777016738.0,154675.05,301.5,1645054239,CHRLZ/ADA_0.3,0.0,0.0,0.0,872.0
0.847085,155013.26,131309.42,2801.4,1645054239,WMT/ADA_0.05,0.0,0.0,0.0,872.0
0.69329,183048.65,126905.98,354.08,1645054239,SUNDAE/ADA_0.05,0.0,54.80999999999767,38.0,872.0
0.005022,22450699.0,112758.91,10892.6,1645054239,RAVE/ADA_1.0,0.0,0.0,0.0,872.0
3e-05,3473764855.56,106228.16,7910.33,1645054239,ASHIB/ADA_1.0,0.0,2000.0,0.059999999997671694,872.0
0.0,98212365896535.0,95026.24,2807.69,1645054239,BISON/ADA_0.3,0.0,0.0,0.0,872.0
0.329407,280167.76,92289.27,118537.28,1645054239,MIN/ADA_0.3,0.0002750000000000252,-116.35999999998603,38.79000000000815,872.0
0.032212,2749279.0,88562.13,9177.59,1645054239,FIRE/ADA_0.3,0.0,0.0,0.0,872.0
0.0,1039948841844.0,65446.78,47157.72,1645054239,HOSKY/ADA_0.3,0.0,0.0,0.0,872.0
0.006135,9077600.0,55694.45,5274.86,1645054239,FLICK/ADA_0.3,0.0,0.0,0.0,872.0
0.089962,529968.0,47677.3,5167.02,1645054239,cNETA/ADA_0.3,0.0,0.0,0.0,872.0
0.011777,3441777.0,40534.31,10562.22,1645054239,CNFT/ADA_0.3,0.0,0.0,0.0,872.0
0.002563,12730578.48,32633.12,7138.46,1645054239,DRIP/ADA_1.0,-1.9999999999998318e-06,5000.0,-12.690000000002328,872.0
0.108833,299363.4,32580.76,7532.86,1645054239,REVU/ADA_0.3,0.0,725.4400000000023,78.94999999999709,872.0
0.005337,5821746.0,31075.01,313.23,1645054239,BDOGE/ADA_1.0,0.0,0.0,0.0,872.0
39.513087,742.0,29318.71,6203.41,1645054239,unsi…en/ADA_1.0,0.10701699999999903,-1.0,40.0,872.0
0.131209,219441.27,28792.81,0.0,1645054239,MELD/ADA_1.0,0.0,0.0,0.0,872.0
0.017042,1680252.0,28636.09,2227.84,1645054239,QUID/ADA_0.3,0.0,0.0,0.0,872.0
0.00085,33503680.34,28508.89,23.24,1645054239,MONET/ADA_0.3,0.0,0.0,0.0,872.0
0.000729,28266486.0,20617.5,294.09,1645054239,RAG/ADA_1.0,0.0,0.0,0.0,872.0
0.108286,182794.8,19794.18,1435.32,1645054239,MINt/ADA_0.05,0.0,0.0,0.0,872.0
26.438263,741.0,19590.75,3488.25,1645054239,XDIA…ND/ADA_1.0,0.0,0.0,0.0,872.0
0.0,305383960021.0,19182.95,5251.77,1645054239,HOSKY/ADA_0.05,0.0,0.0,0.0,872.0
0.306404,59564.88,18250.96,1225.02,1645054239,MIN/ADA_0.05,0.0,0.0,0.0,872.0
0.015135,1186782.0,17962.67,2347.87,1645054239,GOKEY/ADA_0.3,0.0,0.0,0.0,872.0
0.152763,115252.0,17606.31,1805.03,1645054239,SKULL/ADA_1.0,0.0,0.0,0.0,872.0
0.445127,39298.0,17492.63,1186.56,1645054239,CDX/ADA_1.0,0.0,0.0,0.0,872.0
0.032805,475012.0,15582.92,2806.74,1645054239,cMETA/ADA_0.3,0.0,0.0,0.0,872.0
0.386254,38032.28,14690.13,14477.1,1645054239,CARGO/ADA_0.3,0.005232999999999988,-259.8899999999994,100.0,872.0
2.413538,6053.7,14610.84,702.1,1645054239,DANA/ADA_0.3,0.0,0.0,0.0,872.0
0.000465,31312526.0,14572.2,1881.78,1645054239,KIDZ/ADA_0.3,0.0,0.0,0.0,872.0
0.0,16484718400.0,12322.35,2255.86,1645054239,MEOW/ADA_0.3,0.0,-202531908.0,150.0,872.0
0.812385,14770.19,11999.08,303.0,1645054239,WMT/ADA_1.0,0.0,0.0,0.0,872.0
0.109,97894.0,10670.52,8.16,1645054239,Card…rm/ADA_0.3,0.0,0.0,0.0,872.0
0.049031,196723.57,9645.64,266.66,1645054239,cbTHC/ADA_0.3,0.0,0.0,0.0,872.0
0.001183,8021655.0,9490.82,227.94,1645054239,FLANO/ADA_1.0,0.0,0.0,0.0,872.0
105.472874,85.94,9064.54,1703.87,1645054239,LQ/ADA_1.0,4.671281000000008,-1.960000000000008,204.0,8884.0
0.744327,25685283.21,19118266.03,319998.55,1645055135,SUNDAE/ADA_0.3,0.0,0.0,0.0,895.0
105.716781,154152.7,16296527.54,747309.66,1645055135,LQ/ADA_0.3,0.5803909999999917,-400.4099999999744,47371.419999999925,895.0
0.86644,14673894.12,12714051.73,1405797.74,1645055135,WMT/ADA_0.3,0.0015079999999999538,-10321.85000000149,13194.0,895.0
0.129267,11851142.55,1531964.24,527147.11,1645055135,MELD/ADA_0.3,-0.0004969999999999974,18194.66000000015,-3530.070000000065,895.0
0.083418,12421348.0,1036169.04,748857.16,1645055135,PAVIA/ADA_0.3,0.00038700000000001233,-28831.0,2407.3000000000466,895.0
0.160609,6438396.0,1034070.14,22410.48,1645055135,XRAY/ADA_0.3,0.0,2171.0,348.6800000000512,895.0
0.363881,2443026.0,888971.84,47410.59,1645055135,ADAX/ADA_0.3,0.0004470000000000307,-1499.0,546.9499999999534,895.0
2.07878,392299.59,815504.92,597276.66,1645055135,AADA/ADA_0.3,0.0,0.0,0.0,895.0
1.645663,327480.61,538923.02,66379.46,1645055135,VYFI/ADA_0.3,0.0022530000000000605,-224.10999999998603,369.6700000000419,895.0
6.638967,51039.0,338846.27,146063.07,1645055135,MILK/ADA_0.3,0.008083000000000062,-31.0,207.0,895.0
0.744327,25685283.21,19118266.03,0.0,1645056040,SUNDAE/ADA_0.3,0.0,0.0,0.0,905.0
105.716781,154152.75,16296533.47,0.0,1645056040,LQ/ADA_0.3,0.0,0.04999999998835847,5.930000001564622,905.0
0.866542,14673338.13,12715077.82,0.0,1645056040,WMT/ADA_0.3,0.0001020000000000465,-555.9899999983609,1026.089999999851,905.0
0.129836,11825571.78,1535386.99,0.0,1645056040,MELD/ADA_0.3,0.0005690000000000139,-25570.770000001416,3422.75,905.0
0.083961,12378667.0,1039332.83,0.0,1645056040,PAVIA/ADA_0.3,0.0005429999999999879,-42681.0,3163.789999999921,905.0
0.160601,6438566.0,1034043.82,0.0,1645056040,XRAY/ADA_0.3,-8.000000000008e-06,170.0,-26.320000000065193,905.0
0.363881,2443026.0,888971.84,0.0,1645056040,ADAX/ADA_0.3,0.0,0.0,0.0,905.0
2.144667,386235.66,828346.94,0.0,1645056040,AADA/ADA_0.3,0.06588700000000003,-6063.930000000051,12842.019999999902,905.0
1.645663,327480.61,538923.02,0.0,1645056040,VYFI/ADA_0.3,0.0,0.0,0.0,905.0
6.638849,51031.0,338787.1,0.0,1645056040,MILK/ADA_0.3,-0.00011800000000050659,-8.0,-59.17000000004191,905.0
0.109016,1808630.81,197169.96,0.0,1645056040,MINt/ADA_0.3,0.00044199999999999795,-3665.6099999998696,400.0,1800.0
0.032891,5819728.58,191421.93,0.0,1645056040,CLAP/ADA_0.3,0.0,0.0,0.0,1800.0
2.315795,69624.35,161235.79,130201.76,1645056040,DANA/ADA_0.05,-0.08320000000000016,1218.3100000000122,-2870.00999999998,1800.0
0.0,6825777016738.0,154675.05,0.0,1645056040,CHRLZ/ADA_0.3,0.0,0.0,0.0,1800.0
0.69329,183008.65,126878.25,0.0,1645056040,SUNDAE/ADA_0.05,0.0,-40.0,-27.729999999995925,1800.0
0.847085,142405.57,120629.63,0.0,1645056040,WMT/ADA_0.05,0.0,-12607.690000000002,-10679.790000000008,1800.0
0.005036,22419316.0,112920.86,0.0,1645056040,RAVE/ADA_1.0,1.3999999999999256e-05,-31383.0,161.9499999999971,1800.0
3e-05,3472470379.37,106268.16,0.0,1645056040,ASHIB/ADA_1.0,0.0,-1294476.1900000572,40.0,1800.0
0.0,98212365896535.0,95026.24,0.0,1645056040,BISON/ADA_0.3,0.0,0.0,0.0,1800.0
0.330182,279838.99,92398.03,0.0,1645056040,MIN/ADA_0.3,0.0007749999999999702,-328.7700000000186,108.75999999999476,1800.0
0.032212,2749279.0,88562.13,0.0,1645056040,FIRE/ADA_0.3,0.0,0.0,0.0,1800.0
0.0,1040448841844.0,65478.25,0.0,1645056040,HOSKY/ADA_0.3,0.0,500000000.0,31.470000000001164,1800.0
0.006135,9077600.0,55694.45,0.0,1645056040,FLICK/ADA_0.3,0.0,0.0,0.0,1800.0
0.089984,529908.0,47683.31,0.0,1645056040,cNETA/ADA_0.3,2.1999999999994246e-05,-60.0,6.009999999994761,1800.0
0.011777,3441777.0,40534.31,0.0,1645056040,CNFT/ADA_0.3,0.0,0.0,0.0,1800.0
0.109167,298906.07,32630.76,0.0,1645056040,REVU/ADA_0.3,0.00033400000000000096,-457.3300000000163,50.0,1800.0
0.002559,12746588.06,32623.14,0.0,1645056040,DRIP/ADA_1.0,-4.000000000000097e-06,16009.580000000075,-9.979999999999563,1800.0
0.005337,5821746.0,31075.01,0.0,1645056040,BDOGE/ADA_1.0,0.0,0.0,0.0,1800.0
39.513087,742.0,29318.71,0.0,1645056040,unsi…en/ADA_1.0,0.0,0.0,0.0,1800.0
0.131209,219441.27,28792.81,0.0,1645056040,MELD/ADA_1.0,0.0,0.0,0.0,1800.0
0.017022,1681258.0,28619.01,0.0,1645056040,QUID/ADA_0.3,-2.0000000000002655e-05,1006.0,-17.080000000001746,1800.0
0.00085,33503680.34,28508.89,0.0,1645056040,MONET/ADA_0.3,0.0,0.0,0.0,1800.0
0.000729,28266486.0,20617.5,0.0,1645056040,RAG/ADA_1.0,0.0,0.0,0.0,1800.0
0.108286,182794.8,19794.18,0.0,1645056040,MINt/ADA_0.05,0.0,0.0,0.0,1800.0
26.438263,741.0,19590.75,0.0,1645056040,XDIA…ND/ADA_1.0,0.0,0.0,0.0,1800.0
0.0,305383960021.0,19182.95,0.0,1645056040,HOSKY/ADA_0.05,0.0,0.0,0.0,1800.0
0.306404,59587.26,18257.82,1428.12,1645056040,MIN/ADA_0.05,0.0,22.380000000004657,6.860000000000582,1800.0
0.015135,1186782.0,17962.67,0.0,1645056040,GOKEY/ADA_0.3,0.0,0.0,0.0,1800.0
0.152763,115252.0,17606.31,0.0,1645056040,SKULL/ADA_1.0,0.0,0.0,0.0,1800.0
0.445127,39298.0,17492.63,0.0,1645056040,CDX/ADA_1.0,0.0,0.0,0.0,1800.0
0.032805,475012.0,15582.92,0.0,1645056040,cMETA/ADA_0.3,0.0,0.0,0.0,1800.0
0.386254,38032.28,14690.13,0.0,1645056040,CARGO/ADA_0.3,0.0,0.0,0.0,1800.0
2.413538,6053.7,14610.84,0.0,1645056040,DANA/ADA_0.3,0.0,0.0,0.0,1800.0
0.000465,31312526.0,14572.2,0.0,1645056040,KIDZ/ADA_0.3,0.0,0.0,0.0,1800.0
0.0,16484718400.0,12322.35,0.0,1645056040,MEOW/ADA_0.3,0.0,0.0,0.0,1800.0
0.812385,13838.28,11242.01,0.0,1645056040,WMT/ADA_1.0,0.0,-931.9099999999999,-757.0699999999997,1800.0
0.109,97894.0,10670.52,0.0,1645056040,Card…rm/ADA_0.3,0.0,0.0,0.0,1800.0
0.04954,195712.1,9695.64,0.0,1645056040,cbTHC/ADA_0.3,0.0005090000000000025,-1011.4700000000012,50.0,1800.0
0.001183,8021655.0,9490.82,0.0,1645056040,FLANO/ADA_1.0,0.0,0.0,0.0,1800.0
105.472874,85.94,9064.54,0.0,1645056040,LQ/ADA_1.0,0.0,0.0,0.0,1800.0
0.744327,25685283.21,19118266.03,0.0,1645056942,SUNDAE/ADA_0.3,0.0,0.0,0.0,902.0
105.640865,154633.74,16335642.35,725151.48,1645056942,LQ/ADA_0.3,-0.07591599999999232,480.9899999999907,39108.87999999896,902.0
0.867787,14672291.08,12732436.75,1386271.31,1645056942,WMT/ADA_0.3,0.0012449999999999406,-1047.050000000745,17358.929999999702,902.0
0.129853,11831466.96,1536353.79,520193.5,1645056942,MELD/ADA_0.3,1.6999999999989246e-05,5895.180000001565,966.8000000000466,902.0
0.084155,12364435.0,1040532.83,717548.99,1645056942,PAVIA/ADA_0.3,0.00019399999999999973,-14232.0,1200.0,902.0
0.160601,6438566.0,1034043.82,0.0,1645056942,XRAY/ADA_0.3,0.0,0.0,0.0,902.0
0.364304,2441611.0,889488.84,44347.89,1645056942,ADAX/ADA_0.3,0.0004230000000000067,-1415.0,517.0,902.0
2.145304,386179.09,828471.87,588801.9,1645056942,AADA/ADA_0.3,0.0006369999999997766,-56.56999999994878,124.93000000005122,902.0
1.645356,327511.28,538872.7,64650.25,1645056942,VYFI/ADA_0.3,-0.00030700000000005723,30.67000000004191,-50.32000000006519,902.0
6.638849,51031.0,338787.1,0.0,1645056942,MILK/ADA_0.3,0.0,0.0,0.0,902.0
0.109347,1805891.33,197469.96,47774.33,1645056942,MINt/ADA_0.3,0.00033099999999999796,-2739.4799999999814,300.0,902.0
0.032891,5819728.58,191421.93,0.0,1645056942,CLAP/ADA_0.3,0.0,0.0,0.0,902.0
2.326169,69468.97,161596.61,130201.76,1645056942,DANA/ADA_0.05,0.010374000000000105,-155.38000000000466,360.8199999999779,902.0
0.0,6825777016738.0,154675.05,0.0,1645056942,CHRLZ/ADA_0.3,0.0,0.0,0.0,902.0
0.69329,183008.65,126878.25,0.0,1645056942,SUNDAE/ADA_0.05,0.0,0.0,0.0,902.0
0.847085,142274.5,120518.6,2801.4,1645056942,WMT/ADA_0.05,0.0,-131.07000000000698,-111.02999999999884,902.0
0.005036,22419316.0,112920.86,0.0,1645056942,RAVE/ADA_1.0,0.0,0.0,0.0,902.0
3e-05,3472470379.37,106268.16,0.0,1645056942,ASHIB/ADA_1.0,0.0,0.0,0.0,902.0
0.0,98212365896535.0,95026.24,0.0,1645056942,BISON/ADA_0.3,0.0,0.0,0.0,902.0
0.329947,279938.99,92365.12,110084.53,1645056942,MIN/ADA_0.3,-0.00023499999999998522,100.0,-32.91000000000349,902.0
0.032212,2749279.0,88562.13,0.0,1645056942,FIRE/ADA_0.3,0.0,0.0,0.0,902.0
0.0,1040448841844.0,65478.25,0.0,1645056942,HOSKY/ADA_0.3,0.0,0.0,0.0,902.0
0.006135,9077600.0,55694.45,0.0,1645056942,FLICK/ADA_0.3,0.0,0.0,0.0,902.0
0.089984,529908.0,47683.31,0.0,1645056942,cNETA/ADA_0.3,0.0,0.0,0.0,902.0
0.011777,3441777.0,40534.31,0.0,1645056942,CNFT/ADA_0.3,0.0,0.0,0.0,902.0
0.002562,12739088.01,32642.54,6304.59,1645056942,DRIP/ADA_1.0,2.9999999999999645e-06,-7500.050000000745,19.400000000001455,902.0
0.109167,298906.07,32630.76,0.0,1645056942,REVU/ADA_0.3,0.0,0.0,0.0,902.0
0.005337,5821746.0,31075.01,0.0,1645056942,BDOGE/ADA_1.0,0.0,0.0,0.0,902.0
39.513087,742.0,29318.71,0.0,1645056942,unsi…en/ADA_1.0,0.0,0.0,0.0,902.0
0.131209,219441.27,28792.81,0.0,1645056942,MELD/ADA_1.0,0.0,0.0,0.0,902.0
0.017022,1681258.0,28619.01,0.0,1645056942,QUID/ADA_0.3,0.0,0.0,0.0,902.0
0.00085,33503680.34,28508.89,0.0,1645056942,MONET/ADA_0.3,0.0,0.0,0.0,902.0
0.000729,28266486.0,20617.5,0.0,1645056942,RAG/ADA_1.0,0.0,0.0,0.0,902.0
0.108286,182794.8,19794.18,0.0,1645056942,MINt/ADA_0.05,0.0,0.0,0.0,902.0
26.438263,741.0,19590.75,0.0,1645056942,XDIA…ND/ADA_1.0,0.0,0.0,0.0,902.0
0.0,305383960021.0,19182.95,0.0,1645056942,HOSKY/ADA_0.05,0.0,0.0,0.0,902.0
0.313254,58932.34,18460.82,1428.12,1645056942,MIN/ADA_0.05,0.006849999999999967,-654.9200000000055,203.0,902.0
0.015135,1186782.0,17962.67,0.0,1645056942,GOKEY/ADA_0.3,0.0,0.0,0.0,902.0
0.152763,115252.0,17606.31,0.0,1645056942,SKULL/ADA_1.0,0.0,0.0,0.0,902.0
0.445127,39298.0,17492.63,0.0,1645056942,CDX/ADA_1.0,0.0,0.0,0.0,902.0
0.032805,475012.0,15582.92,0.0,1645056942,cMETA/ADA_0.3,0.0,0.0,0.0,902.0
0.386254,38032.28,14690.13,0.0,1645056942,CARGO/ADA_0.3,0.0,0.0,0.0,902.0
2.413538,6053.7,14610.84,0.0,1645056942,DANA/ADA_0.3,0.0,0.0,0.0,902.0
0.000465,31312526.0,14572.2,0.0,1645056942,KIDZ/ADA_0.3,0.0,0.0,0.0,902.0
0.0,16352411238.0,12422.35,0.0,1645056942,MEOW/ADA_0.3,0.0,-132307162.0,100.0,902.0
0.812385,13838.28,11242.01,0.0,1645056942,WMT/ADA_1.0,0.0,0.0,0.0,902.0
0.109,97894.0,10670.52,0.0,1645056942,Card…rm/ADA_0.3,0.0,0.0,0.0,902.0
0.04954,195712.1,9695.64,0.0,1645056942,cbTHC/ADA_0.3,0.0,0.0,0.0,902.0
0.001183,8021655.0,9490.82,0.0,1645056942,FLANO/ADA_1.0,0.0,0.0,0.0,902.0
105.472874,85.94,9064.54,0.0,1645056942,LQ/ADA_1.0,0.0,0.0,0.0,902.0
0.744327,25685283.21,19118266.03,0.0,1645057840,SUNDAE/ADA_0.3,0.0,0.0,0.0,898.0
105.631223,154735.47,16344898.02,725896.25,1645057840,LQ/ADA_0.3,-0.009641999999999484,101.73000000001048,9255.669999999925,898.0
0.868054,14673324.93,12737246.6,1388236.6,1645057840,WMT/ADA_0.3,0.0002670000000000172,1033.8499999996275,4809.8499999996275,898.0
0.129413,11851617.87,1533754.72,524572.26,1645057840,MELD/ADA_0.3,-0.00043999999999999595,20150.909999998286,-2599.070000000065,898.0
0.084335,12350323.0,1041568.5,719847.71,1645057840,PAVIA/ADA_0.3,0.0001799999999999996,-14112.0,1035.670000000042,898.0
0.160617,6438339.0,1034106.78,22181.19,1645057840,XRAY/ADA_0.3,1.6000000000016e-05,-227.0,62.96000000007916,898.0
0.364304,2441611.0,889488.84,44347.89,1645057840,ADAX/ADA_0.3,0.0,0.0,0.0,898.0
2.14286,386399.8,828000.91,589549.76,1645057840,AADA/ADA_0.3,-0.0024439999999996687,220.70999999996275,-470.95999999996275,898.0
1.645356,327511.28,538872.7,64650.25,1645057840,VYFI/ADA_0.3,0.0,0.0,0.0,898.0
6.639361,51032.0,338819.87,156622.19,1645057840,MILK/ADA_0.3,0.000512000000000512,1.0,32.77000000001863,898.0
0.106598,1829077.42,194976.22,50969.12,1645057840,MINt/ADA_0.3,-0.0027490000000000014,23186.08999999985,-2493.7399999999907,898.0
0.032892,5819695.24,191423.03,13219.99,1645057840,CLAP/ADA_0.3,1.000000000001e-06,-33.33999999985099,1.1000000000058208,898.0
2.359876,68971.19,162763.47,131369.21,1645057840,DANA/ADA_0.05,0.03370699999999971,-497.77999999999884,1166.8600000000151,898.0
0.0,6825777016738.0,154675.05,0.0,1645057840,CHRLZ/ADA_0.3,0.0,0.0,0.0,898.0
0.69329,183008.65,126878.25,0.0,1645057840,SUNDAE/ADA_0.05,0.0,0.0,0.0,898.0
0.847085,142274.5,120518.6,2801.4,1645057840,WMT/ADA_0.05,0.0,0.0,0.0,898.0
0.005036,22419816.0,112923.38,11294.58,1645057840,RAVE/ADA_1.0,0.0,500.0,2.5200000000040745,898.0
3e-05,3472470379.37,106268.16,0.0,1645057840,ASHIB/ADA_1.0,0.0,0.0,0.0,898.0
0.0,98119714841782.0,95116.24,2847.81,1645057840,BISON/ADA_0.3,0.0,-92651054753.0,90.0,898.0
0.326086,281593.91,91823.91,110625.73,1645057840,MIN/ADA_0.3,-0.0038610000000000033,1654.9199999999837,-541.2099999999919,898.0
0.032212,2749279.0,88562.13,0.0,1645057840,FIRE/ADA_0.3,0.0,0.0,0.0,898.0
0.0,1040448841844.0,65478.25,0.0,1645057840,HOSKY/ADA_0.3,0.0,0.0,0.0,898.0
0.006135,9077600.0,55694.45,0.0,1645057840,FLICK/ADA_0.3,0.0,0.0,0.0,898.0
0.089984,529908.0,47683.31,0.0,1645057840,cNETA/ADA_0.3,0.0,0.0,0.0,898.0
0.011709,3451777.0,40417.23,10034.16,1645057840,CNFT/ADA_0.3,-6.799999999999862e-05,10000.0,-117.07999999999447,898.0
0.109167,298906.07,32630.76,0.0,1645057840,REVU/ADA_0.3,0.0,0.0,0.0,898.0
0.002552,12765088.01,32576.72,6370.41,1645057840,DRIP/ADA_1.0,-1.0000000000000026e-05,26000.0,-65.81999999999971,898.0
0.005337,5821746.0,31075.01,0.0,1645057840,BDOGE/ADA_1.0,0.0,0.0,0.0,898.0
39.513087,742.0,29318.71,0.0,1645057840,unsi…en/ADA_1.0,0.0,0.0,0.0,898.0
0.131209,219441.27,28792.81,0.0,1645057840,MELD/ADA_1.0,0.0,0.0,0.0,898.0
0.017022,1681258.0,28619.01,0.0,1645057840,QUID/ADA_0.3,0.0,0.0,0.0,898.0
0.00085,33503680.34,28508.89,0.0,1645057840,MONET/ADA_0.3,0.0,0.0,0.0,898.0
0.000729,28266486.0,20617.5,0.0,1645057840,RAG/ADA_1.0,0.0,0.0,0.0,898.0
0.108286,182794.8,19794.18,0.0,1645057840,MINt/ADA_0.05,0.0,0.0,0.0,898.0
26.438263,741.0,19590.75,0.0,1645057840,XDIA…ND/ADA_1.0,0.0,0.0,0.0,898.0
0.0,305383960021.0,19182.95,0.0,1645057840,HOSKY/ADA_0.05,0.0,0.0,0.0,898.0
0.313254,58932.34,18460.82,1428.12,1645057840,MIN/ADA_0.05,0.0,0.0,0.0,898.0
0.015135,1186782.0,17962.67,0.0,1645057840,GOKEY/ADA_0.3,0.0,0.0,0.0,898.0
0.152763,115252.0,17606.31,0.0,1645057840,SKULL/ADA_1.0,0.0,0.0,0.0,898.0
0.445127,39298.0,17492.63,0.0,1645057840,CDX/ADA_1.0,0.0,0.0,0.0,898.0
0.032805,475012.0,15582.92,0.0,1645057840,cMETA/ADA_0.3,0.0,0.0,0.0,898.0
0.415051,36691.14,15228.7,14871.85,1645057840,CARGO/ADA_0.3,0.028797000000000017,-1341.1399999999994,538.5700000000015,898.0
2.413538,6053.7,14610.84,0.0,1645057840,DANA/ADA_0.3,0.0,0.0,0.0,898.0
0.000465,31312526.0,14572.2,0.0,1645057840,KIDZ/ADA_0.3,0.0,0.0,0.0,898.0
0.0,16352411238.0,12422.35,0.0,1645057840,MEOW/ADA_0.3,0.0,0.0,0.0,898.0
0.812385,13838.28,11242.01,0.0,1645057840,WMT/ADA_1.0,0.0,0.0,0.0,898.0
0.109,97894.0,10670.52,0.0,1645057840,Card…rm/ADA_0.3,0.0,0.0,0.0,898.0
0.04954,195712.1,9695.64,0.0,1645057840,cbTHC/ADA_0.3,0.0,0.0,0.0,898.0
0.001183,8021655.0,9490.82,0.0,1645057840,FLANO/ADA_1.0,0.0,0.0,0.0,898.0
105.472874,85.94,9064.54,0.0,1645057840,LQ/ADA_1.0,0.0,0.0,0.0,898.0
0.744327,25685283.21,19118266.03,0.0,1645058741,SUNDAE/ADA_0.3,0.0,0.0,0.0,901.0
105.37595,154923.21,16325180.81,755688.55,1645058741,LQ/ADA_0.3,-0.2552730000000025,187.7399999999907,-19717.20999999903,901.0
0.868282,14673002.65,12740311.96,1389916.62,1645058741,WMT/ADA_0.3,0.00022800000000000598,-322.27999999932945,3065.3600000012666,901.0
0.129923,11829151.76,1536884.48,530284.97,1645058741,MELD/ADA_0.3,0.0005100000000000104,-22466.109999999404,3129.7600000000093,901.0
0.083838,12388924.0,1038669.87,723765.53,1645058741,PAVIA/ADA_0.3,-0.0004969999999999974,38601.0,-2898.6300000000047,901.0
0.160617,6438339.0,1034106.78,22181.19,1645058741,XRAY/ADA_0.3,0.0,0.0,0.0,901.0
0.364304,2441611.0,889488.84,44347.89,1645058741,ADAX/ADA_0.3,0.0,0.0,0.0,901.0
2.139812,386675.41,827412.77,590228.03,1645058741,AADA/ADA_0.3,-0.0030480000000001617,275.60999999998603,-588.140000000014,901.0
1.645356,327511.28,538872.7,64650.25,1645058741,VYFI/ADA_0.3,0.0,0.0,0.0,901.0
6.639361,51032.0,338819.87,156622.19,1645058741,MILK/ADA_0.3,0.0,0.0,0.0,901.0
0.106598,1829077.42,194976.22,50969.12,1645058741,MINt/ADA_0.3,0.0,0.0,0.0,901.0
0.032892,5819695.24,191423.03,13219.99,1645058741,CLAP/ADA_0.3,0.0,0.0,0.0,901.0
2.400722,68382.31,164167.0,135136.35,1645058741,DANA/ADA_0.05,0.04084600000000016,-588.8800000000047,1403.5299999999988,901.0
0.0,6825777016738.0,154675.05,0.0,1645058741,CHRLZ/ADA_0.3,0.0,0.0,0.0,901.0
0.69329,183082.85,126929.69,354.08,1645058741,SUNDAE/ADA_0.05,0.0,74.20000000001164,51.44000000000233,901.0
0.847085,142274.5,120518.6,2801.4,1645058741,WMT/ADA_0.05,0.0,0.0,0.0,901.0
0.005036,22419816.0,112923.38,11294.58,1645058741,RAVE/ADA_1.0,0.0,0.0,0.0,901.0
3e-05,3472470379.37,106268.16,0.0,1645058741,ASHIB/ADA_1.0,0.0,0.0,0.0,901.0
0.350882,271476.54,95256.3,114068.41,1645058741,MIN/ADA_0.3,0.02479600000000004,-10117.369999999995,3432.3899999999994,901.0
0.0,98119714841782.0,95116.24,2847.81,1645058741,BISON/ADA_0.3,0.0,0.0,0.0,901.0
0.032205,2749579.0,88552.5,8743.22,1645058741,FIRE/ADA_0.3,-7.000000000000062e-06,300.0,-9.630000000004657,901.0
0.0,1040432999766.0,65479.25,47138.66,1645058741,HOSKY/ADA_0.3,0.0,-15842078.0,1.0,901.0
0.006135,9077600.0,55694.45,0.0,1645058741,FLICK/ADA_0.3,0.0,0.0,0.0,901.0
0.089984,529908.0,47683.31,0.0,1645058741,cNETA/ADA_0.3,0.0,0.0,0.0,901.0
0.011709,3451777.0,40417.23,10034.16,1645058741,CNFT/ADA_0.3,0.0,0.0,0.0,901.0
0.109167,298906.07,32630.76,0.0,1645058741,REVU/ADA_0.3,0.0,0.0,0.0,901.0
0.002551,12715933.17,32446.22,6372.94,1645058741,DRIP/ADA_1.0,-1.0000000000001327e-06,-49154.83999999985,-130.5,901.0
0.005337,5821746.0,31075.01,0.0,1645058741,BDOGE/ADA_1.0,0.0,0.0,0.0,901.0
39.513087,742.0,29318.71,0.0,1645058741,unsi…en/ADA_1.0,0.0,0.0,0.0,901.0
0.131209,219441.27,28792.81,0.0,1645058741,MELD/ADA_1.0,0.0,0.0,0.0,901.0
0.017022,1681258.0,28619.01,0.0,1645058741,QUID/ADA_0.3,0.0,0.0,0.0,901.0
0.00085,33503680.34,28508.89,0.0,1645058741,MONET/ADA_0.3,0.0,0.0,0.0,901.0
0.000729,28266486.0,20617.5,0.0,1645058741,RAG/ADA_1.0,0.0,0.0,0.0,901.0
0.108286,182794.8,19794.18,0.0,1645058741,MINt/ADA_0.05,0.0,0.0,0.0,901.0
26.438263,741.0,19590.75,0.0,1645058741,XDIA…ND/ADA_1.0,0.0,0.0,0.0,901.0
0.0,305383960021.0,19182.95,0.0,1645058741,HOSKY/ADA_0.05,0.0,0.0,0.0,901.0
0.313254,58932.34,18460.82,1428.12,1645058741,MIN/ADA_0.05,0.0,0.0,0.0,901.0
0.015135,1186782.0,17962.67,0.0,1645058741,GOKEY/ADA_0.3,0.0,0.0,0.0,901.0
0.152763,115252.0,17606.31,0.0,1645058741,SKULL/ADA_1.0,0.0,0.0,0.0,901.0
0.445127,39298.0,17492.63,0.0,1645058741,CDX/ADA_1.0,0.0,0.0,0.0,901.0
0.032805,475012.0,15582.92,0.0,1645058741,cMETA/ADA_0.3,0.0,0.0,0.0,901.0
0.415051,36691.14,15228.7,14871.85,1645058741,CARGO/ADA_0.3,0.0,0.0,0.0,901.0
2.413538,6053.7,14610.84,0.0,1645058741,DANA/ADA_0.3,0.0,0.0,0.0,901.0
0.000465,31312526.0,14572.2,0.0,1645058741,KIDZ/ADA_0.3,0.0,0.0,0.0,901.0
0.0,16352411238.0,12422.35,0.0,1645058741,MEOW/ADA_0.3,0.0,0.0,0.0,901.0
0.812385,13838.28,11242.01,0.0,1645058741,WMT/ADA_1.0,0.0,0.0,0.0,901.0
0.109,97894.0,10670.52,0.0,1645058741,Card…rm/ADA_0.3,0.0,0.0,0.0,901.0
0.04954,195712.1,9695.64,0.0,1645058741,cbTHC/ADA_0.3,0.0,0.0,0.0,901.0
0.001183,8021655.0,9490.82,0.0,1645058741,FLANO/ADA_1.0,0.0,0.0,0.0,901.0
105.472874,85.94,9064.54,0.0,1645058741,LQ/ADA_1.0,0.0,0.0,0.0,901.0
0.744327,25685283.21,19118266.03,0.0,1645059639,SUNDAE/ADA_0.3,0.0,0.0,0.0,897.0
105.378605,154921.26,16325386.81,755895.16,1645059639,LQ/ADA_0.3,0.002654999999990082,-1.9499999999825377,206.0,897.0
0.86836,14672825.29,12741300.23,1390490.34,1645059639,WMT/ADA_0.3,7.80000000000225e-05,-177.3600000012666,988.269999999553,897.0
0.129838,11833026.52,1536387.5,532378.88,1645059639,MELD/ADA_0.3,-8.500000000000174e-05,3874.7599999997765,-496.9799999999814,897.0
0.083838,12400787.0,1039664.45,723765.53,1645059639,PAVIA/ADA_0.3,0.0,11863.0,994.5799999999581,897.0
0.160646,6437747.0,1034202.19,22276.89,1645059639,XRAY/ADA_0.3,2.9000000000001247e-05,-592.0,95.40999999991618,897.0
0.364304,2441611.0,889488.84,44347.89,1645059639,ADAX/ADA_0.3,0.0,0.0,0.0,897.0
2.13884,386763.39,827225.26,590467.2,1645059639,AADA/ADA_0.3,-0.0009719999999999729,87.98000000003958,-187.5100000000093,897.0
1.645356,327511.28,538872.7,64650.25,1645059639,VYFI/ADA_0.3,0.0,0.0,0.0,897.0
6.639293,51273.0,340416.49,156622.19,1645059639,MILK/ADA_0.3,-6.799999999973494e-05,241.0,1596.6199999999953,897.0
0.106604,1829021.3,194982.22,50975.14,1645059639,MINt/ADA_0.3,6.0000000000060005e-06,-56.11999999987893,6.0,897.0
0.032819,5826195.24,191210.11,13432.91,1645059639,CLAP/ADA_0.3,-7.299999999999668e-05,6500.0,-212.9200000000128,897.0
2.400722,68382.31,164167.0,132871.97,1645059639,DANA/ADA_0.05,0.0,0.0,0.0,897.0
0.0,6825777016738.0,154675.05,0.0,1645059639,CHRLZ/ADA_0.3,0.0,0.0,0.0,897.0
0.69329,183209.11,127017.22,354.08,1645059639,SUNDAE/ADA_0.05,0.0,126.25999999998021,87.52999999999884,897.0
0.847085,142274.5,120518.6,2801.4,1645059639,WMT/ADA_0.05,0.0,0.0,0.0,897.0
0.005036,22419816.0,112923.38,10749.18,1645059639,RAVE/ADA_1.0,0.0,0.0,0.0,897.0
3e-05,3472468380.12,106268.1,7717.52,1645059639,ASHIB/ADA_1.0,0.0,-1999.25,-0.059999999997671694,897.0
0.0,98119714841782.0,95116.24,2798.17,1645059639,BISON/ADA_0.3,0.0,0.0,0.0,897.0
0.341207,275304.18,93935.85,109947.76,1645059639,MIN/ADA_0.3,-0.009675000000000045,3827.640000000014,-1320.449999999997,897.0
0.032205,2749579.0,88552.5,8719.21,1645059639,FIRE/ADA_0.3,0.0,0.0,0.0,897.0
0.0,1040433999735.0,65479.31,32594.69,1645059639,HOSKY/ADA_0.3,0.0,999969.0,0.059999999997671694,897.0
0.006135,9077600.0,55694.45,0.0,1645059639,FLICK/ADA_0.3,0.0,0.0,0.0,897.0
0.089984,529908.0,47683.31,0.0,1645059639,cNETA/ADA_0.3,0.0,0.0,0.0,897.0
0.011709,3451777.0,40417.23,9290.64,1645059639,CNFT/ADA_0.3,0.0,0.0,0.0,897.0
0.002592,12615850.03,32706.22,6354.88,1645059639,DRIP/ADA_1.0,4.100000000000024e-05,-100083.1400000006,260.0,897.0
0.109167,298906.07,32630.76,0.0,1645059639,REVU/ADA_0.3,0.0,0.0,0.0,897.0
0.005337,5821746.0,31075.01,0.0,1645059639,BDOGE/ADA_1.0,0.0,0.0,0.0,897.0
39.513087,742.0,29318.71,0.0,1645059639,unsi…en/ADA_1.0,0.0,0.0,0.0,897.0
0.131209,219441.27,28792.81,0.0,1645059639,MELD/ADA_1.0,0.0,0.0,0.0,897.0
0.017022,1681258.0,28619.01,0.0,1645059639,QUID/ADA_0.3,0.0,0.0,0.0,897.0
0.00085,33503680.34,28508.89,0.0,1645059639,MONET/ADA_0.3,0.0,0.0,0.0,897.0
0.000729,28266486.0,20617.5,0.0,1645059639,RAG/ADA_1.0,0.0,0.0,0.0,897.0
0.108286,182794.8,19794.18,0.0,1645059639,MINt/ADA_0.05,0.0,0.0,0.0,897.0
26.438263,741.0,19590.75,0.0,1645059639,XDIA…ND/ADA_1.0,0.0,0.0,0.0,897.0
0.0,305533960021.0,19192.37,5251.77,1645059639,HOSKY/ADA_0.05,0.0,150000000.0,9.419999999998254,897.0
0.313254,58932.34,18460.82,1428.12,1645059639,MIN/ADA_0.05,0.0,0.0,0.0,897.0
0.015135,1186782.0,17962.67,0.0,1645059639,GOKEY/ADA_0.3,0.0,0.0,0.0,897.0
0.152763,115252.0,17606.31,0.0,1645059639,SKULL/ADA_1.0,0.0,0.0,0.0,897.0
0.445127,39298.0,17492.63,0.0,1645059639,CDX/ADA_1.0,0.0,0.0,0.0,897.0
0.032805,475012.0,15582.92,0.0,1645059639,cMETA/ADA_0.3,0.0,0.0,0.0,897.0
0.415051,36691.14,15228.7,14552.45,1645059639,CARGO/ADA_0.3,0.0,0.0,0.0,897.0
2.413538,6053.7,14610.84,0.0,1645059639,DANA/ADA_0.3,0.0,0.0,0.0,897.0
0.000465,31312526.0,14572.2,0.0,1645059639,KIDZ/ADA_0.3,0.0,0.0,0.0,897.0
0.0,16352411238.0,12422.35,0.0,1645059639,MEOW/ADA_0.3,0.0,0.0,0.0,897.0
0.812385,13838.28,11242.01,0.0,1645059639,WMT/ADA_1.0,0.0,0.0,0.0,897.0
0.109,97894.0,10670.52,0.0,1645059639,Card…rm/ADA_0.3,0.0,0.0,0.0,897.0
0.04954,195712.1,9695.64,0.0,1645059639,cbTHC/ADA_0.3,0.0,0.0,0.0,897.0
0.001183,8021655.0,9490.82,0.0,1645059639,FLANO/ADA_1.0,0.0,0.0,0.0,897.0
105.472874,85.94,9064.54,0.0,1645059639,LQ/ADA_1.0,0.0,0.0,0.0,897.0
0.744327,25685283.21,19118266.03,0.0,1645060534,SUNDAE/ADA_0.3,0.0,0.0,0.0,894.0
105.379894,154967.49,16330458.38,719175.92,1645060534,LQ/ADA_0.3,0.0012889999999998736,46.22999999998137,5071.570000000298,894.0
0.868748,14686336.7,12758735.2,1380269.62,1645060534,WMT/ADA_0.3,0.00038799999999994395,13511.410000000149,17434.969999998808,894.0
0.129505,11863994.95,1536451.9,501347.48,1645060534,MELD/ADA_0.3,-0.00033299999999999996,30968.429999999702,64.39999999990687,894.0
0.08388,12399099.0,1040041.92,684401.26,1645060534,PAVIA/ADA_0.3,4.200000000000037e-05,-1688.0,377.4700000000885,894.0
0.160556,6439547.0,1033913.98,21979.5,1645060534,XRAY/ADA_0.3,-9.000000000000674e-05,1800.0,-288.20999999996275,894.0
0.364304,2441611.0,889488.84,43031.12,1645060534,ADAX/ADA_0.3,0.0,0.0,0.0,894.0
2.109669,389441.65,821593.02,595403.3,1645060534,AADA/ADA_0.3,-0.02917100000000028,2678.2600000000093,-5632.239999999991,894.0
1.645356,327511.28,538872.7,64321.26,1645060534,VYFI/ADA_0.3,0.0,0.0,0.0,894.0
6.639282,51259.0,340322.96,117810.33,1645060534,MILK/ADA_0.3,-1.100000000064938e-05,-14.0,-93.52999999996973,894.0
0.744327,25685283.21,19118266.03,0.0,1645061440,SUNDAE/ADA_0.3,0.0,0.0,0.0,906.0
105.52079,154864.18,16341391.44,732246.07,1645061440,LQ/ADA_0.3,0.14089600000001212,-103.30999999999767,10933.059999998659,906.0
0.869663,14696657.3,12781142.98,1387016.0,1645061440,WMT/ADA_0.3,0.0009149999999999991,10320.60000000149,22407.780000001192,906.0
0.128501,11911621.82,1530663.12,507430.1,1645061440,MELD/ADA_0.3,-0.0010040000000000049,47626.87000000104,-5788.779999999795,906.0
0.083886,12400310.0,1040222.55,686284.84,1645061440,PAVIA/ADA_0.3,6.0000000000060005e-06,1211.0,180.63000000000466,906.0
0.160556,6439885.0,1033968.25,21979.5,1645061440,XRAY/ADA_0.3,0.0,338.0,54.27000000001863,906.0
0.364511,2440917.0,889743.07,43369.78,1645061440,ADAX/ADA_0.3,0.00020699999999995722,-694.0,254.22999999998137,906.0
2.118598,388621.35,823332.59,597190.0,1645061440,AADA/ADA_0.3,0.008929000000000187,-820.3000000000466,1739.5699999999488,906.0
1.645024,327544.3,538818.53,64375.43,1645061440,VYFI/ADA_0.3,-0.00033199999999999896,33.01999999996042,-54.169999999925494,906.0
6.387988,52259.0,333829.88,124303.4,1645061440,MILK/ADA_0.3,-0.2512939999999997,1000.0,-6493.080000000016,906.0
0.107708,1819637.0,195990.82,51986.76,1645061440,MINt/ADA_0.3,0.0011039999999999939,-9384.300000000047,1008.6000000000058,1800.0
0.032819,5826195.24,191210.11,13432.91,1645061440,CLAP/ADA_0.3,0.0,0.0,0.0,1800.0
2.350964,69162.3,162598.1,136863.72,1645061440,DANA/ADA_0.05,-0.04975800000000019,779.9900000000052,-1568.8999999999942,1800.0
0.0,6825777016738.0,154675.05,0.0,1645061440,CHRLZ/ADA_0.3,0.0,0.0,0.0,1800.0
0.847085,156799.02,132822.11,2801.4,1645061440,WMT/ADA_0.05,0.0,14524.51999999999,12303.50999999998,1800.0
0.69329,183294.99,127076.76,354.08,1645061440,SUNDAE/ADA_0.05,0.0,85.88000000000466,59.5399999999936,1800.0
0.00497,22569816.0,112180.34,11492.22,1645061440,RAVE/ADA_1.0,-6.600000000000009e-05,150000.0,-743.0400000000081,1800.0
3e-05,3472763380.12,106277.12,7717.52,1645061440,ASHIB/ADA_1.0,0.0,295000.0,9.019999999989523,1800.0
0.0,98119714841782.0,95116.24,2798.17,1645061440,BISON/ADA_0.3,0.0,0.0,0.0,1800.0
0.328244,282120.77,92604.62,112098.74,1645061440,MIN/ADA_0.3,-0.012963000000000002,6816.590000000026,-1331.2300000000105,1800.0
0.03267,2729980.0,89190.26,9358.88,1645061440,FIRE/ADA_0.3,0.00046500000000000014,-19599.0,637.7599999999948,1800.0
0.0,990114064848.0,68817.24,35974.04,1645061440,HOSKY/ADA_0.3,0.0,-50319934887.0,3337.9300000000076,1800.0
0.006135,9077600.0,55694.45,0.0,1645061440,FLICK/ADA_0.3,0.0,0.0,0.0,1800.0
0.088958,532958.0,47411.24,5633.37,1645061440,cNETA/ADA_0.3,-0.0010259999999999991,3050.0,-272.0699999999997,1800.0
0.011709,3451777.0,40417.23,9290.64,1645061440,CNFT/ADA_0.3,0.0,0.0,0.0,1800.0
0.002632,12568133.1,33088.5,6627.2,1645061440,DRIP/ADA_1.0,3.999999999999967e-05,-47716.9299999997,382.27999999999884,1800.0
0.109167,298555.88,32592.53,6981.21,1645061440,REVU/ADA_0.3,0.0,-350.1900000000023,-38.22999999999956,1800.0
0.005337,5821746.0,31075.01,0.0,1645061440,BDOGE/ADA_1.0,0.0,0.0,0.0,1800.0
39.513087,742.0,29318.71,0.0,1645061440,unsi…en/ADA_1.0,0.0,0.0,0.0,1800.0
0.017022,1681258.0,28619.01,0.0,1645061440,QUID/ADA_0.3,0.0,0.0,0.0,1800.0
0.00085,33503680.34,28508.89,0.0,1645061440,MONET/ADA_0.3,0.0,0.0,0.0,1800.0
0.131209,217184.32,28496.68,0.0,1645061440,MELD/ADA_1.0,0.0,-2256.9499999999825,-296.130000000001,1800.0
0.000729,28266486.0,20617.5,0.0,1645061440,RAG/ADA_1.0,0.0,0.0,0.0,1800.0
27.172027,731.0,19862.75,3734.15,1645061440,XDIA…ND/ADA_1.0,0.7337640000000007,-10.0,272.0,1800.0
0.0,295857937700.0,19820.37,5880.08,1645061440,HOSKY/ADA_0.05,0.0,-9676022321.0,628.0,1800.0
0.108286,182794.8,19794.18,0.0,1645061440,MINt/ADA_0.05,0.0,0.0,0.0,1800.0
0.313254,58932.34,18460.82,1428.12,1645061440,MIN/ADA_0.05,0.0,0.0,0.0,1800.0
0.152763,115252.0,17606.31,0.0,1645061440,SKULL/ADA_1.0,0.0,0.0,0.0,1800.0
0.445127,39298.0,17492.63,0.0,1645061440,CDX/ADA_1.0,0.0,0.0,0.0,1800.0
0.01288,1286628.0,16572.6,3741.95,1645061440,GOKEY/ADA_0.3,-0.0022549999999999983,99846.0,-1390.0699999999997,1800.0
0.032805,475012.0,15582.92,0.0,1645061440,cMETA/ADA_0.3,0.0,0.0,0.0,1800.0
0.415051,36691.14,15228.7,14552.45,1645061440,CARGO/ADA_0.3,0.0,0.0,0.0,1800.0
2.413538,6053.7,14610.84,0.0,1645061440,DANA/ADA_0.3,0.0,0.0,0.0,1800.0
0.000465,31312526.0,14572.2,0.0,1645061440,KIDZ/ADA_0.3,0.0,0.0,0.0,1800.0
0.0,16352411238.0,12422.35,0.0,1645061440,MEOW/ADA_0.3,0.0,0.0,0.0,1800.0
0.812385,13838.28,11242.01,0.0,1645061440,WMT/ADA_1.0,0.0,0.0,0.0,1800.0
0.109,97894.0,10670.52,0.0,1645061440,Card…rm/ADA_0.3,0.0,0.0,0.0,1800.0
0.04954,195712.1,9695.64,0.0,1645061440,cbTHC/ADA_0.3,0.0,0.0,0.0,1800.0
0.001183,8021655.0,9490.82,0.0,1645061440,FLANO/ADA_1.0,0.0,0.0,0.0,1800.0
105.472874,85.94,9064.54,0.0,1645061440,LQ/ADA_1.0,0.0,0.0,0.0,1800.0
0.744327,25685283.21,19118266.03,0.0,1645062339,SUNDAE/ADA_0.3,0.0,0.0,0.0,899.0
105.53161,154862.11,16342848.62,733709.49,1645062339,LQ/ADA_0.3,0.010819999999995389,-2.070000000006985,1457.179999999702,899.0
0.869753,14698081.63,12783706.57,1387681.39,1645062339,WMT/ADA_0.3,9.00000000000345e-05,1424.3300000000745,2563.589999999851,899.0
0.1282,11927872.9,1529162.46,509479.59,1645062339,MELD/ADA_0.3,-0.0003009999999999957,16251.080000000075,-1500.660000000149,899.0
0.083886,12397496.0,1039986.47,686284.84,1645062339,PAVIA/ADA_0.3,0.0,-2814.0,-236.0800000000745,899.0
0.160556,6442885.0,1034449.92,21979.5,1645062339,XRAY/ADA_0.3,0.0,3000.0,481.6700000000419,899.0
0.364511,2440917.0,889743.07,43369.78,1645062339,ADAX/ADA_0.3,0.0,0.0,0.0,899.0
2.103949,401851.97,845476.31,600123.26,1645062339,AADA/ADA_0.3,-0.014648999999999912,13230.619999999995,22143.72000000009,899.0
1.645024,327544.3,538818.53,64375.43,1645062339,VYFI/ADA_0.3,0.0,0.0,0.0,899.0
6.410878,52166.0,334429.88,124905.2,1645062339,MILK/ADA_0.3,0.0228900000000003,-93.0,600.0,899.0
0.107884,1818157.0,196150.84,52147.26,1645062339,MINt/ADA_0.3,0.0001759999999999956,-1480.0,160.01999999998952,899.0
0.032819,5826195.24,191210.11,13432.91,1645062339,CLAP/ADA_0.3,0.0,0.0,0.0,899.0
2.350964,69162.3,162598.1,136863.72,1645062339,DANA/ADA_0.05,0.0,0.0,0.0,899.0
0.0,6825777016738.0,154675.05,0.0,1645062339,CHRLZ/ADA_0.3,0.0,0.0,0.0,899.0
0.847085,156799.02,132822.11,2801.4,1645062339,WMT/ADA_0.05,0.0,0.0,0.0,899.0
0.69329,182053.27,126215.89,354.08,1645062339,SUNDAE/ADA_0.05,0.0,-1241.7200000000012,-860.8699999999953,899.0
0.00497,22569816.0,112180.34,11492.22,1645062339,RAVE/ADA_1.0,0.0,0.0,0.0,899.0
3e-05,3472763380.12,106277.12,7717.52,1645062339,ASHIB/ADA_1.0,0.0,0.0,0.0,899.0
0.0,98119714841782.0,95116.24,2798.17,1645062339,BISON/ADA_0.3,0.0,0.0,0.0,899.0
0.329732,281484.36,92814.62,112309.37,1645062339,MIN/ADA_0.3,0.0014880000000000448,-636.4100000000326,210.0,899.0
0.03267,2729980.0,89190.26,9358.88,1645062339,FIRE/ADA_0.3,0.0,0.0,0.0,899.0
0.0,999790087169.0,68153.2,36638.08,1645062339,HOSKY/ADA_0.3,0.0,9676022321.0,-664.0400000000081,899.0
0.006135,9077600.0,55694.45,0.0,1645062339,FLICK/ADA_0.3,0.0,0.0,0.0,899.0
0.085716,542958.0,46540.61,6504.01,1645062339,cNETA/ADA_0.3,-0.003241999999999995,10000.0,-870.6299999999974,899.0
0.011709,3451777.0,40417.23,9290.64,1645062339,CNFT/ADA_0.3,0.0,0.0,0.0,899.0
0.002632,12568133.1,33088.5,6627.2,1645062339,DRIP/ADA_1.0,0.0,0.0,0.0,899.0
0.109167,298555.88,32592.53,6981.21,1645062339,REVU/ADA_0.3,0.0,0.0,0.0,899.0
105.472874,295.94,31213.85,206.04,1645062339,LQ/ADA_1.0,0.0,210.0,22149.309999999998,899.0
0.005337,5821746.0,31075.01,0.0,1645062339,BDOGE/ADA_1.0,0.0,0.0,0.0,899.0
39.513087,742.0,29318.71,0.0,1645062339,unsi…en/ADA_1.0,0.0,0.0,0.0,899.0
0.017022,1681258.0,28619.01,0.0,1645062339,QUID/ADA_0.3,0.0,0.0,0.0,899.0
0.00085,33503680.34,28508.89,0.0,1645062339,MONET/ADA_0.3,0.0,0.0,0.0,899.0
0.131209,217184.32,28496.68,0.0,1645062339,MELD/ADA_1.0,0.0,0.0,0.0,899.0
0.000729,28266486.0,20617.5,0.0,1645062339,RAG/ADA_1.0,0.0,0.0,0.0,899.0
27.172027,731.0,19862.75,3762.55,1645062339,XDIA…ND/ADA_1.0,0.0,0.0,0.0,899.0
0.0,295857937700.0,19820.37,5880.08,1645062339,HOSKY/ADA_0.05,0.0,0.0,0.0,899.0
0.108286,182794.8,19794.18,0.0,1645062339,MINt/ADA_0.05,0.0,0.0,0.0,899.0
0.331494,57288.45,18990.82,1958.38,1645062339,MIN/ADA_0.05,0.018240000000000034,-1643.8899999999994,530.0,899.0
0.154061,114768.0,17681.31,1039.06,1645062339,SKULL/ADA_1.0,0.0012979999999999936,-484.0,75.0,899.0
0.445127,39298.0,17492.63,0.0,1645062339,CDX/ADA_1.0,0.0,0.0,0.0,899.0
0.01288,1286628.0,16572.6,3741.95,1645062339,GOKEY/ADA_0.3,0.0,0.0,0.0,899.0
0.032805,475012.0,15582.92,0.0,1645062339,cMETA/ADA_0.3,0.0,0.0,0.0,899.0
0.415051,36691.14,15228.7,14552.45,1645062339,CARGO/ADA_0.3,0.0,0.0,0.0,899.0
2.413538,6053.7,14610.84,0.0,1645062339,DANA/ADA_0.3,0.0,0.0,0.0,899.0
0.000465,31312526.0,14572.2,0.0,1645062339,KIDZ/ADA_0.3,0.0,0.0,0.0,899.0
0.0,16352411238.0,12422.35,0.0,1645062339,MEOW/ADA_0.3,0.0,0.0,0.0,899.0
0.812385,13838.28,11242.01,0.0,1645062339,WMT/ADA_1.0,0.0,0.0,0.0,899.0
0.109,97894.0,10670.52,0.0,1645062339,Card…rm/ADA_0.3,0.0,0.0,0.0,899.0
0.049278,196232.1,9670.03,342.43,1645062339,cbTHC/ADA_0.3,-0.00026199999999999835,520.0,-25.609999999998763,899.0
0.001183,8021655.0,9490.82,0.0,1645062339,FLANO/ADA_1.0,0.0,0.0,0.0,899.0
0.744327,25685283.21,19118266.03,0.0,1645063234,SUNDAE/ADA_0.3,0.0,0.0,0.0,894.0
105.566427,154852.11,16347184.11,669219.29,1645063234,LQ/ADA_0.3,0.03481700000000387,-10.0,4335.4900000002235,894.0
0.870239,14695504.3,12788613.09,1373664.78,1645063234,WMT/ADA_0.3,0.00048599999999998644,-2577.3300000000745,4906.519999999553,894.0
0.129834,11961511.77,1553015.47,494769.39,1645063234,MELD/ADA_0.3,0.0016339999999999966,33638.86999999918,23853.01000000001,894.0
0.084167,12376873.0,1041724.63,661793.72,1645063234,PAVIA/ADA_0.3,0.00028100000000000347,-20623.0,1738.1600000000326,894.0
0.16125,6429026.0,1036686.59,24222.88,1645063234,XRAY/ADA_0.3,0.0006940000000000002,-13859.0,2236.6699999999255,894.0
0.364511,2440917.0,889743.07,41360.25,1645063234,ADAX/ADA_0.3,0.0,0.0,0.0,894.0
2.103799,402448.91,846671.74,595246.55,1645063234,AADA/ADA_0.3,-0.0001500000000000945,596.9400000000023,1195.4299999999348,894.0
1.646549,327392.86,539068.53,63847.97,1645063234,VYFI/ADA_0.3,0.0015249999999999986,-151.44000000000233,250.0,894.0
6.410878,52166.0,334429.88,123538.73,1645063234,MILK/ADA_0.3,0.0,0.0,0.0,894.0
0.744327,25685283.21,19118266.03,0.0,1645064141,SUNDAE/ADA_0.3,0.0,0.0,0.0,907.0
105.557443,154731.29,16333039.78,670631.85,1645064141,LQ/ADA_0.3,-0.008983999999998105,-120.81999999997788,-14144.330000000075,907.0
0.872326,14680613.17,12806290.21,1389060.83,1645064141,WMT/ADA_0.3,0.002087000000000061,-14891.13000000082,17677.120000001043,907.0
0.129356,11934679.39,1543834.17,502138.76,1645064141,MELD/ADA_0.3,-0.0004780000000000062,-26832.379999998957,-9181.300000000047,907.0
0.085932,12249272.0,1052609.06,672710.8,1645064141,PAVIA/ADA_0.3,0.0017649999999999888,-127601.0,10884.430000000051,907.0
0.16125,6429622.0,1036782.61,24222.88,1645064141,XRAY/ADA_0.3,0.0,596.0,96.02000000001863,907.0
0.364511,2440917.0,889743.07,41360.25,1645064141,ADAX/ADA_0.3,0.0,0.0,0.0,907.0
2.122241,400748.89,850485.84,598966.57,1645064141,AADA/ADA_0.3,0.018441999999999847,-1700.0199999999604,3814.0999999999767,907.0
1.664899,325586.36,542068.53,66856.97,1645064141,VYFI/ADA_0.3,0.018349999999999866,-1806.5,3000.0,907.0
6.420785,52126.0,334689.88,123799.51,1645064141,MILK/ADA_0.3,0.00990700000000011,-40.0,260.0,907.0
0.107944,1818955.28,196345.32,41440.59,1645064141,MINt/ADA_0.3,6.0000000000004494e-05,798.2800000000279,194.48000000001048,1801.0
0.032819,5826195.24,191210.11,13432.91,1645064141,CLAP/ADA_0.3,0.0,0.0,0.0,1801.0
2.350964,69162.3,162598.1,133588.39,1645064141,DANA/ADA_0.05,0.0,0.0,0.0,1801.0
0.0,6825777016738.0,154675.05,0.0,1645064141,CHRLZ/ADA_0.3,0.0,0.0,0.0,1801.0
0.69329,182068.27,126226.29,354.08,1645064141,SUNDAE/ADA_0.05,0.0,15.0,10.39999999999418,1801.0
0.847085,142495.45,120705.77,2801.4,1645064141,WMT/ADA_0.05,0.0,-14303.569999999978,-12116.339999999982,1801.0
0.004972,22565834.0,112200.34,11492.22,1645064141,RAVE/ADA_1.0,2.0000000000002655e-06,-3982.0,20.0,1801.0
3e-05,3472763380.12,106277.12,7717.52,1645064141,ASHIB/ADA_1.0,0.0,0.0,0.0,1801.0
0.0,98208422760093.0,95008.77,2894.72,1645064141,BISON/ADA_0.3,0.0,88707918311.0,-107.47000000000116,1801.0
0.326567,283649.06,92630.57,112361.86,1645064141,MIN/ADA_0.3,-0.003165000000000029,2164.7000000000116,-184.04999999998836,1801.0
0.03267,2729980.0,89190.26,7675.61,1645064141,FIRE/ADA_0.3,0.0,0.0,0.0,1801.0
0.0,1002080306642.0,67997.9,30702.46,1645064141,HOSKY/ADA_0.3,0.0,2290219473.0,-155.3000000000029,1801.0
0.006135,9077600.0,55694.45,0.0,1645064141,FLICK/ADA_0.3,0.0,0.0,0.0,1801.0
0.08716,538494.0,46935.23,4849.11,1645064141,cNETA/ADA_0.3,0.0014440000000000008,-4464.0,394.6200000000026,1801.0
0.011709,3451777.0,40417.23,8967.72,1645064141,CNFT/ADA_0.3,0.0,0.0,0.0,1801.0
0.00283,12121176.14,34313.7,7861.5,1645064141,DRIP/ADA_1.0,0.00019800000000000026,-446956.95999999903,1225.199999999997,1801.0
0.109167,298198.13,32553.48,6481.12,1645064141,REVU/ADA_0.3,0.0,-357.75,-39.04999999999927,1801.0
0.005337,5821746.0,31075.01,0.0,1645064141,BDOGE/ADA_1.0,0.0,0.0,0.0,1801.0
39.513087,742.0,29318.71,0.0,1645064141,unsi…en/ADA_1.0,0.0,0.0,0.0,1801.0
0.017022,1681258.0,28619.01,0.0,1645064141,QUID/ADA_0.3,0.0,0.0,0.0,1801.0
0.00085,33503680.34,28508.89,0.0,1645064141,MONET/ADA_0.3,0.0,0.0,0.0,1801.0
0.131209,217184.32,28496.68,0.0,1645064141,MELD/ADA_1.0,0.0,0.0,0.0,1801.0
0.000729,28266486.0,20617.5,0.0,1645064141,RAG/ADA_1.0,0.0,0.0,0.0,1801.0
27.247771,730.0,19890.87,3675.74,1645064141,XDIA…ND/ADA_1.0,0.07574400000000026,-1.0,28.11999999999898,1801.0
0.0,295857937700.0,19820.37,3946.85,1645064141,HOSKY/ADA_0.05,0.0,0.0,0.0,1801.0
0.108286,182794.8,19794.18,0.0,1645064141,MINt/ADA_0.05,0.0,0.0,0.0,1801.0
0.331494,57288.45,18990.82,1468.14,1645064141,MIN/ADA_0.05,0.0,0.0,0.0,1801.0
0.154061,114768.0,17681.31,1039.06,1645064141,SKULL/ADA_1.0,0.0,0.0,0.0,1801.0
0.445127,39298.0,17492.63,0.0,1645064141,CDX/ADA_1.0,0.0,0.0,0.0,1801.0
0.01288,1286628.0,16572.6,3741.95,1645064141,GOKEY/ADA_0.3,0.0,0.0,0.0,1801.0
0.032805,475012.0,15582.92,0.0,1645064141,cMETA/ADA_0.3,0.0,0.0,0.0,1801.0
0.39335,37691.14,14825.84,7259.42,1645064141,CARGO/ADA_0.3,-0.021701000000000026,1000.0,-402.8600000000006,1801.0
2.413538,6053.7,14610.84,0.0,1645064141,DANA/ADA_0.3,0.0,0.0,0.0,1801.0
0.000465,31312526.0,14572.2,0.0,1645064141,KIDZ/ADA_0.3,0.0,0.0,0.0,1801.0
0.0,16352411238.0,12422.35,0.0,1645064141,MEOW/ADA_0.3,0.0,0.0,0.0,1801.0
0.812385,13838.28,11242.01,0.0,1645064141,WMT/ADA_1.0,0.0,0.0,0.0,1801.0
0.109,97894.0,10670.52,0.0,1645064141,Card…rm/ADA_0.3,0.0,0.0,0.0,1801.0
0.049278,195917.83,9654.54,342.43,1645064141,cbTHC/ADA_0.3,0.0,-314.2700000000186,-15.489999999999782,1801.0
0.001185,8012093.0,9502.26,137.37,1645064141,FLANO/ADA_1.0,2.0000000000000486e-06,-9562.0,11.44000000000051,1801.0
105.472872,85.94,9064.54,206.04,1645064141,LQ/ADA_1.0,-2.00000000916134e-06,-210.0,-22149.309999999998,1801.0
0.744327,25685283.21,19118266.03,0.0,1645065040,SUNDAE/ADA_0.3,0.0,0.0,0.0,899.0
105.38411,154908.07,16324849.45,684781.17,1645065040,LQ/ADA_0.3,-0.17333299999999952,176.77999999999884,-8190.3300000000745,899.0
0.872487,14696273.82,12822321.05,1390250.34,1645065040,WMT/ADA_0.3,0.00016099999999996673,15660.650000000373,16030.839999999851,899.0
0.129422,11946661.33,1546170.47,503309.65,1645065040,MELD/ADA_0.3,6.60000000000105e-05,11981.939999999478,2336.3000000000466,899.0
0.085638,12270281.0,1050812.77,674697.38,1645065040,PAVIA/ADA_0.3,-0.0002939999999999887,21009.0,-1796.2900000000373,899.0
0.16125,6429622.0,1036782.61,24222.88,1645065040,XRAY/ADA_0.3,0.0,0.0,0.0,899.0
0.364511,2440917.0,889743.07,41360.25,1645065040,ADAX/ADA_0.3,0.0,0.0,0.0,899.0
2.112025,401719.14,848441.08,602623.24,1645065040,AADA/ADA_0.3,-0.01021599999999978,970.25,-2044.7600000000093,899.0
1.677375,324375.08,544098.82,68893.35,1645065040,VYFI/ADA_0.3,0.012476000000000154,-1211.2799999999697,2030.2899999999208,899.0
6.446974,52021.0,335378.08,125003.19,1645065040,MILK/ADA_0.3,0.026188999999999574,-105.0,688.2000000000116,899.0
0.108062,1817955.83,196453.58,41549.18,1645065040,MINt/ADA_0.3,0.00011800000000000699,-999.4499999999534,108.25999999998021,899.0
0.032819,5826195.24,191210.11,13432.91,1645065040,CLAP/ADA_0.3,0.0,0.0,0.0,899.0
2.350964,69162.3,162598.1,133588.39,1645065040,DANA/ADA_0.05,0.0,0.0,0.0,899.0
0.0,6825777016738.0,154675.05,0.0,1645065040,CHRLZ/ADA_0.3,0.0,0.0,0.0,899.0
0.69329,182068.27,126226.29,354.08,1645065040,SUNDAE/ADA_0.05,0.0,0.0,0.0,899.0
0.847085,142436.22,120655.6,2801.4,1645065040,WMT/ADA_0.05,0.0,-59.23000000001048,-50.169999999998254,899.0
0.004972,22569588.0,112219.0,11542.97,1645065040,RAVE/ADA_1.0,0.0,3754.0,18.660000000003492,899.0
3e-05,3472763380.12,106277.12,7717.52,1645065040,ASHIB/ADA_1.0,0.0,0.0,0.0,899.0
0.0,98208422760093.0,95008.77,2894.72,1645065040,BISON/ADA_0.3,0.0,0.0,0.0,899.0
0.327376,283299.05,92745.35,112476.99,1645065040,MIN/ADA_0.3,0.0008090000000000042,-350.0100000000093,114.77999999999884,899.0
0.03267,2729980.0,89190.26,7675.61,1645065040,FIRE/ADA_0.3,0.0,0.0,0.0,899.0
0.0,1023591270598.0,66573.29,32185.58,1645065040,HOSKY/ADA_0.3,0.0,21510963956.0,-1424.6100000000006,899.0
0.006135,9077600.0,55694.45,0.0,1645065040,FLICK/ADA_0.3,0.0,0.0,0.0,899.0
0.087508,537422.0,47029.23,4987.53,1645065040,cNETA/ADA_0.3,0.0003480000000000011,-1072.0,94.0,899.0
0.011626,3464077.0,40274.15,9110.8,1645065040,CNFT/ADA_0.3,-8.300000000000148e-05,12300.0,-143.08000000000175,899.0
0.002824,12136162.31,34277.3,7928.69,1645065040,DRIP/ADA_1.0,-5.999999999999929e-06,14986.169999999925,-36.39999999999418,899.0
0.108901,298561.91,32513.93,6520.66,1645065040,REVU/ADA_0.3,-0.00026600000000000235,363.77999999996973,-39.54999999999927,899.0
0.005337,5821746.0,31075.01,0.0,1645065040,BDOGE/ADA_1.0,0.0,0.0,0.0,899.0
39.513087,742.0,29318.71,0.0,1645065040,unsi…en/ADA_1.0,0.0,0.0,0.0,899.0
0.017821,1643198.0,29284.4,3081.78,1645065040,QUID/ADA_0.3,0.0007990000000000011,-38060.0,665.390000000003,899.0
0.00085,33503680.34,28508.89,0.0,1645065040,MONET/ADA_0.3,0.0,0.0,0.0,899.0
0.131209,217184.32,28496.68,0.0,1645065040,MELD/ADA_1.0,0.0,0.0,0.0,899.0
0.000729,28266486.0,20617.5,0.0,1645065040,RAG/ADA_1.0,0.0,0.0,0.0,899.0
27.247771,730.0,19890.87,3675.74,1645065040,XDIA…ND/ADA_1.0,0.0,0.0,0.0,899.0
0.0,295857937700.0,19820.37,3946.85,1645065040,HOSKY/ADA_0.05,0.0,0.0,0.0,899.0
0.108286,182794.8,19794.18,0.0,1645065040,MINt/ADA_0.05,0.0,0.0,0.0,899.0
0.331494,57288.45,18990.82,1468.14,1645065040,MIN/ADA_0.05,0.0,0.0,0.0,899.0
0.154061,115252.0,17755.88,1039.06,1645065040,SKULL/ADA_1.0,0.0,484.0,74.56999999999971,899.0
0.445127,39298.0,17492.63,0.0,1645065040,CDX/ADA_1.0,0.0,0.0,0.0,899.0
0.01288,1286628.0,16572.6,3741.95,1645065040,GOKEY/ADA_0.3,0.0,0.0,0.0,899.0
0.032805,475012.0,15582.92,0.0,1645065040,cMETA/ADA_0.3,0.0,0.0,0.0,899.0
0.383133,38191.14,14632.32,7452.95,1645065040,CARGO/ADA_0.3,-0.010216999999999976,500.0,-193.52000000000044,899.0
2.413538,6053.7,14610.84,0.0,1645065040,DANA/ADA_0.3,0.0,0.0,0.0,899.0
0.000465,31312526.0,14572.2,0.0,1645065040,KIDZ/ADA_0.3,0.0,0.0,0.0,899.0
0.0,16352411238.0,12422.35,0.0,1645065040,MEOW/ADA_0.3,0.0,0.0,0.0,899.0
0.812385,13838.28,11242.01,0.0,1645065040,WMT/ADA_1.0,0.0,0.0,0.0,899.0
0.109,97894.0,10670.52,0.0,1645065040,Card…rm/ADA_0.3,0.0,0.0,0.0,899.0
0.049278,195917.83,9654.54,342.43,1645065040,cbTHC/ADA_0.3,0.0,0.0,0.0,899.0
0.001185,8012093.0,9502.26,137.37,1645065040,FLANO/ADA_1.0,0.0,0.0,0.0,899.0
105.472872,85.94,9064.54,206.04,1645065040,LQ/ADA_1.0,0.0,0.0,0.0,899.0
0.744327,25685283.21,19118266.03,0.0,1645065941,SUNDAE/ADA_0.3,0.0,0.0,0.0,900.0
105.382754,155125.76,16347579.96,684886.23,1645065941,LQ/ADA_0.3,-0.001356000000001245,217.69000000000233,22730.51000000164,900.0
0.872626,14713323.64,12839235.76,1391274.07,1645065941,WMT/ADA_0.3,0.00013900000000000023,17049.820000000298,16914.70999999903,900.0
0.129191,11956517.66,1544682.18,504869.93,1645065941,MELD/ADA_0.3,-0.00023100000000000898,9856.330000000075,-1488.2900000000373,900.0
0.085528,12278229.0,1050134.59,675375.55,1645065941,PAVIA/ADA_0.3,-0.00010999999999999899,7948.0,-678.1799999999348,900.0
0.16125,6429622.0,1036782.61,24222.88,1645065941,XRAY/ADA_0.3,0.0,0.0,0.0,900.0
0.364593,2440644.0,889843.07,41460.55,1645065941,ADAX/ADA_0.3,8.20000000000265e-05,-273.0,100.0,900.0
2.108054,402098.15,847644.99,603828.74,1645065941,AADA/ADA_0.3,-0.003970999999999947,379.0100000000093,-796.0899999999674,900.0
1.677499,324363.08,544119.01,68913.6,1645065941,VYFI/ADA_0.3,0.000124000000000013,-12.0,20.190000000060536,900.0
6.427221,52101.0,334864.66,125003.19,1645065941,MILK/ADA_0.3,-0.019752999999999687,80.0,-513.4200000000419,900.0
0.108062,1817955.83,196453.58,41549.18,1645065941,MINt/ADA_0.3,0.0,0.0,0.0,900.0
0.03339,5776193.95,192870.29,15098.07,1645065941,CLAP/ADA_0.3,0.0005710000000000021,-50001.29000000004,1660.1800000000221,900.0
2.339496,69331.65,162201.13,133985.36,1645065941,DANA/ADA_0.05,-0.011467999999999812,169.34999999999127,-396.97000000000116,900.0
0.0,6825777016738.0,154675.05,0.0,1645065941,CHRLZ/ADA_0.3,0.0,0.0,0.0,900.0
0.69329,182068.27,126226.29,354.08,1645065941,SUNDAE/ADA_0.05,0.0,0.0,0.0,900.0
0.847085,142436.22,120655.6,2801.4,1645065941,WMT/ADA_0.05,0.0,0.0,0.0,900.0
0.004976,22559588.0,112269.25,11542.97,1645065941,RAVE/ADA_1.0,4.000000000000531e-06,-10000.0,50.25,900.0
3e-05,3472763380.12,106277.12,7717.52,1645065941,ASHIB/ADA_1.0,0.0,0.0,0.0,900.0
0.0,98408422760093.0,94816.26,3087.24,1645065941,BISON/ADA_0.3,0.0,200000000000.0,-192.5100000000093,900.0
0.327491,283249.05,92761.78,112493.46,1645065941,MIN/ADA_0.3,0.00011499999999997623,-50.0,16.429999999993015,900.0
0.03267,2729980.0,89190.26,7675.61,1645065941,FIRE/ADA_0.3,0.0,0.0,0.0,900.0
0.0,1023591270598.0,66573.29,32185.58,1645065941,HOSKY/ADA_0.3,0.0,0.0,0.0,900.0
0.006212,9021080.0,56044.45,5582.65,1645065941,FLICK/ADA_0.3,7.699999999999981e-05,-56520.0,350.0,900.0
0.088326,534933.0,47248.76,5207.72,1645065941,cNETA/ADA_0.3,0.0008179999999999993,-2489.0,219.52999999999884,900.0
0.011626,3464077.0,40274.15,9110.8,1645065941,CNFT/ADA_0.3,0.0,0.0,0.0,900.0
0.002818,12149483.38,34245.66,8523.13,1645065941,DRIP/ADA_1.0,-5.999999999999929e-06,13321.070000000298,-31.639999999999418,900.0
0.108901,298561.91,32513.93,6520.66,1645065941,REVU/ADA_0.3,0.0,0.0,0.0,900.0
0.005337,5821746.0,31075.01,0.0,1645065941,BDOGE/ADA_1.0,0.0,0.0,0.0,900.0
39.513087,742.0,29318.71,0.0,1645065941,unsi…en/ADA_1.0,0.0,0.0,0.0,900.0
0.017821,1643198.0,29284.4,3081.78,1645065941,QUID/ADA_0.3,0.0,0.0,0.0,900.0
0.00085,33503680.34,28508.89,0.0,1645065941,MONET/ADA_0.3,0.0,0.0,0.0,900.0
0.131209,217184.32,28496.68,0.0,1645065941,MELD/ADA_1.0,0.0,0.0,0.0,900.0
0.000729,28266486.0,20617.5,0.0,1645065941,RAG/ADA_1.0,0.0,0.0,0.0,900.0
27.247771,730.0,19890.87,3675.74,1645065941,XDIA…ND/ADA_1.0,0.0,0.0,0.0,900.0
0.0,295857937700.0,19820.37,3946.85,1645065941,HOSKY/ADA_0.05,0.0,0.0,0.0,900.0
0.108286,182794.8,19794.18,0.0,1645065941,MINt/ADA_0.05,0.0,0.0,0.0,900.0
0.331494,57288.45,18990.82,1468.14,1645065941,MIN/ADA_0.05,0.0,0.0,0.0,900.0
0.154061,115252.0,17755.88,1039.06,1645065941,SKULL/ADA_1.0,0.0,0.0,0.0,900.0
0.447653,39188.0,17542.63,1237.06,1645065941,CDX/ADA_1.0,0.0025260000000000282,-110.0,50.0,900.0
0.01288,1286628.0,16572.6,3741.95,1645065941,GOKEY/ADA_0.3,0.0,0.0,0.0,900.0
0.032805,475012.0,15582.92,0.0,1645065941,cMETA/ADA_0.3,0.0,0.0,0.0,900.0
0.000473,31036478.0,14702.2,1711.27,1645065941,KIDZ/ADA_0.3,7.999999999999978e-06,-276048.0,130.0,900.0
0.385151,38091.14,14670.85,7491.59,1645065941,CARGO/ADA_0.3,0.0020180000000000198,-100.0,38.530000000000655,900.0
2.413538,6053.7,14610.84,0.0,1645065941,DANA/ADA_0.3,0.0,0.0,0.0,900.0
0.0,16352411238.0,12422.35,0.0,1645065941,MEOW/ADA_0.3,0.0,0.0,0.0,900.0
0.812385,13838.28,11242.01,0.0,1645065941,WMT/ADA_1.0,0.0,0.0,0.0,900.0
0.109,97894.0,10670.52,0.0,1645065941,Card…rm/ADA_0.3,0.0,0.0,0.0,900.0
0.049278,195917.83,9654.54,342.43,1645065941,cbTHC/ADA_0.3,0.0,0.0,0.0,900.0
0.001185,8012093.0,9502.26,137.37,1645065941,FLANO/ADA_1.0,0.0,0.0,0.0,900.0
105.472872,85.94,9064.54,206.04,1645065941,LQ/ADA_1.0,0.0,0.0,0.0,900.0
0.744327,25685283.21,19118266.03,0.0,1645066844,SUNDAE/ADA_0.3,0.0,0.0,0.0,902.0
105.360489,155142.17,16345855.7,658890.36,1645066844,LQ/ADA_0.3,-0.02226500000000442,16.410000000003492,-1724.2600000016391,902.0
0.872812,14712968.27,12841663.61,1389084.08,1645066844,WMT/ADA_0.3,0.00018600000000001948,-355.3700000010431,2427.8499999996275,902.0
0.128703,11979782.13,1541845.77,490070.02,1645066844,MELD/ADA_0.3,-0.00048799999999998844,23264.47000000067,-2836.409999999916,902.0
0.085894,12251787.0,1052364.82,602513.34,1645066844,PAVIA/ADA_0.3,0.00036599999999999133,-26442.0,2230.2299999999814,902.0
0.16125,6429622.0,1036782.61,23505.89,1645066844,XRAY/ADA_0.3,0.0,0.0,0.0,902.0
0.364593,2440644.0,889843.07,39082.6,1645066844,ADAX/ADA_0.3,0.0,0.0,0.0,902.0
2.099462,402922.15,845919.85,605218.86,1645066844,AADA/ADA_0.3,-0.008592000000000155,824.0,-1725.140000000014,902.0
1.698705,322335.17,547552.53,71944.07,1645066844,VYFI/ADA_0.3,0.021205999999999836,-2027.9100000000326,3433.5200000000186,902.0
6.427591,52100.0,334877.51,124846.82,1645066844,MILK/ADA_0.3,0.0003699999999993153,-1.0,12.850000000034925,902.0
0.108062,1817955.83,196453.58,39519.59,1645066844,MINt/ADA_0.3,0.0,0.0,0.0,902.0
0.03339,5776193.95,192870.29,15098.07,1645066844,CLAP/ADA_0.3,0.0,0.0,0.0,902.0
2.327867,69504.65,161797.61,119200.84,1645066844,DANA/ADA_0.05,-0.011629000000000111,173.0,-403.5200000000186,902.0
0.0,6825777016738.0,154675.05,0.0,1645066844,CHRLZ/ADA_0.3,0.0,0.0,0.0,902.0
0.69329,181994.08,126174.85,354.08,1645066844,SUNDAE/ADA_0.05,0.0,-74.19000000000233,-51.439999999987776,902.0
0.847085,142721.88,120897.58,2801.4,1645066844,WMT/ADA_0.05,0.0,285.6600000000035,241.97999999999593,902.0
0.004976,22559588.0,112269.25,10520.77,1645066844,RAVE/ADA_1.0,0.0,0.0,0.0,902.0
3e-05,3472763380.12,106277.12,7717.52,1645066844,ASHIB/ADA_1.0,0.0,0.0,0.0,902.0
0.0,98408422760093.0,94816.26,3087.24,1645066844,BISON/ADA_0.3,0.0,0.0,0.0,902.0
0.327491,283249.05,92761.78,102539.9,1645066844,MIN/ADA_0.3,0.0,0.0,0.0,902.0
0.03267,2729980.0,89190.26,6625.46,1645066844,FIRE/ADA_0.3,0.0,0.0,0.0,902.0
0.0,1017775898991.0,66992.22,31593.92,1645066844,HOSKY/ADA_0.3,0.0,-5815371607.0,418.93000000000757,902.0
0.006219,9016021.0,56076.0,5614.29,1645066844,FLICK/ADA_0.3,7.000000000000062e-06,-5059.0,31.55000000000291,902.0
0.088326,534933.0,47248.76,5207.72,1645066844,cNETA/ADA_0.3,0.0,0.0,0.0,902.0
0.011626,3464077.0,40274.15,9110.8,1645066844,CNFT/ADA_0.3,0.0,0.0,0.0,902.0
0.002818,12539822.8,35345.9,6982.84,1645066844,DRIP/ADA_1.0,0.0,390339.4199999999,1100.239999999998,902.0
0.108901,298561.91,32513.93,6740.96,1645066844,REVU/ADA_0.3,0.0,0.0,0.0,902.0
0.005337,5821746.0,31075.01,0.0,1645066844,BDOGE/ADA_1.0,0.0,0.0,0.0,902.0
39.513087,742.0,29318.71,0.0,1645066844,unsi…en/ADA_1.0,0.0,0.0,0.0,902.0
0.017821,1643198.0,29284.4,2893.39,1645066844,QUID/ADA_0.3,0.0,0.0,0.0,902.0
0.00085,33503680.34,28508.89,0.0,1645066844,MONET/ADA_0.3,0.0,0.0,0.0,902.0
0.131209,217184.32,28496.68,0.0,1645066844,MELD/ADA_1.0,0.0,0.0,0.0,902.0
0.000729,28266486.0,20617.5,0.0,1645066844,RAG/ADA_1.0,0.0,0.0,0.0,902.0
0.0,295857937700.0,19820.37,3946.85,1645066844,HOSKY/ADA_0.05,0.0,0.0,0.0,902.0
0.108286,182794.8,19794.18,0.0,1645066844,MINt/ADA_0.05,0.0,0.0,0.0,902.0
26.519904,740.0,19624.72,3854.63,1645066844,XDIA…ND/ADA_1.0,-0.7278669999999998,10.0,-266.1499999999978,902.0
0.331494,57288.45,18990.82,1468.14,1645066844,MIN/ADA_0.05,0.0,0.0,0.0,902.0
0.154061,115252.0,17755.88,1039.06,1645066844,SKULL/ADA_1.0,0.0,0.0,0.0,902.0
0.455291,38860.0,17692.63,1388.56,1645066844,CDX/ADA_1.0,0.007637999999999978,-328.0,150.0,902.0
0.012683,1296628.0,16445.16,3842.87,1645066844,GOKEY/ADA_0.3,-0.000197000000000001,10000.0,-127.43999999999869,902.0
0.032805,475012.0,15582.92,0.0,1645066844,cMETA/ADA_0.3,0.0,0.0,0.0,902.0
0.000473,31036478.0,14702.2,1084.35,1645066844,KIDZ/ADA_0.3,0.0,0.0,0.0,902.0
0.385151,38091.14,14670.85,4406.4,1645066844,CARGO/ADA_0.3,0.0,0.0,0.0,902.0
2.413538,6053.7,14610.84,0.0,1645066844,DANA/ADA_0.3,0.0,0.0,0.0,902.0
0.0,16352411238.0,12422.35,0.0,1645066844,MEOW/ADA_0.3,0.0,0.0,0.0,902.0
0.812385,13838.28,11242.01,0.0,1645066844,WMT/ADA_1.0,0.0,0.0,0.0,902.0
0.109,97894.0,10670.52,0.0,1645066844,Card…rm/ADA_0.3,0.0,0.0,0.0,902.0
0.049278,195917.83,9654.54,342.43,1645066844,cbTHC/ADA_0.3,0.0,0.0,0.0,902.0
0.001185,8012093.0,9502.26,137.37,1645066844,FLANO/ADA_1.0,0.0,0.0,0.0,902.0
105.472872,85.94,9064.54,206.04,1645066844,LQ/ADA_1.0,0.0,0.0,0.0,902.0
0.744327,25685283.21,19118266.03,0.0,1645067739,SUNDAE/ADA_0.3,0.0,0.0,0.0,895.0
105.35584,155155.28,16346514.93,661959.16,1645067739,LQ/ADA_0.3,-0.004649000000000569,13.10999999998603,659.230000000447,895.0
0.87289,14718661.25,12847773.42,1389676.44,1645067739,WMT/ADA_0.3,7.80000000000225e-05,5692.980000000447,6109.8100000005215,895.0
0.128729,11978583.74,1542000.49,490225.2,1645067739,MELD/ADA_0.3,2.5999999999998247e-05,-1198.390000000596,154.71999999997206,895.0
0.085596,12262770.0,1049655.44,604335.36,1645067739,PAVIA/ADA_0.3,-0.0002979999999999927,10983.0,-2709.380000000121,895.0
0.161326,6428123.0,1037025.18,23505.89,1645067739,XRAY/ADA_0.3,7.599999999999274e-05,-1499.0,242.5700000000652,895.0
0.364593,2440644.0,889843.07,39082.6,1645067739,ADAX/ADA_0.3,0.0,0.0,0.0,895.0
2.097755,403093.01,845590.44,606551.23,1645067739,AADA/ADA_0.3,-0.001707000000000125,170.85999999998603,-329.4100000000326,895.0
1.698969,322310.17,547595.13,71986.8,1645067739,VYFI/ADA_0.3,0.000264000000000042,-25.0,42.59999999997672,895.0
6.416519,52145.0,334589.38,125134.95,1645067739,MILK/ADA_0.3,-0.011071999999999527,45.0,-288.13000000000466,895.0
0.108062,1817955.83,196453.58,39519.59,1645067739,MINt/ADA_0.3,0.0,0.0,0.0,895.0
0.03339,5776193.95,192870.29,15098.07,1645067739,CLAP/ADA_0.3,0.0,0.0,0.0,895.0
2.327867,69504.65,161797.61,119200.84,1645067739,DANA/ADA_0.05,0.0,0.0,0.0,895.0
0.0,6825777016738.0,154675.05,0.0,1645067739,CHRLZ/ADA_0.3,0.0,0.0,0.0,895.0
0.69329,181994.08,126174.85,354.08,1645067739,SUNDAE/ADA_0.05,0.0,0.0,0.0,895.0
0.847085,142436.22,120655.6,2801.4,1645067739,WMT/ADA_0.05,0.0,-285.6600000000035,-241.97999999999593,895.0
0.004976,22559588.0,112269.25,10520.77,1645067739,RAVE/ADA_1.0,0.0,0.0,0.0,895.0
3e-05,3472763380.12,106277.12,7717.52,1645067739,ASHIB/ADA_1.0,0.0,0.0,0.0,895.0
0.0,98308422454590.0,94912.99,3184.27,1645067739,BISON/ADA_0.3,0.0,-100000305503.0,96.73000000001048,895.0
0.327491,283249.05,92761.78,102539.9,1645067739,MIN/ADA_0.3,0.0,0.0,0.0,895.0
0.03267,2729980.0,89190.26,6625.46,1645067739,FIRE/ADA_0.3,0.0,0.0,0.0,895.0
0.0,1017775898991.0,66992.22,31593.92,1645067739,HOSKY/ADA_0.3,0.0,0.0,0.0,895.0
0.006219,9016021.0,56076.0,5614.29,1645067739,FLICK/ADA_0.3,0.0,0.0,0.0,895.0
0.088326,534933.0,47248.76,5207.72,1645067739,cNETA/ADA_0.3,0.0,0.0,0.0,895.0
0.011626,3464077.0,40274.15,9110.8,1645067739,CNFT/ADA_0.3,0.0,0.0,0.0,895.0
0.002817,12542322.8,35338.93,6989.82,1645067739,DRIP/ADA_1.0,-1.0000000000001327e-06,2500.0,-6.970000000001164,895.0
0.112338,293966.39,33023.75,7142.16,1645067739,REVU/ADA_0.3,0.0034369999999999956,-4595.51999999996,509.8199999999997,895.0
0.005337,5755783.0,30722.91,313.23,1645067739,BDOGE/ADA_1.0,0.0,-65963.0,-352.09999999999854,895.0
39.513087,742.0,29318.71,0.0,1645067739,unsi…en/ADA_1.0,0.0,0.0,0.0,895.0
0.017394,1663260.0,28932.22,3245.57,1645067739,QUID/ADA_0.3,-0.0004270000000000003,20062.0,-352.1800000000003,895.0
0.00085,33503680.34,28508.89,0.0,1645067739,MONET/ADA_0.3,0.0,0.0,0.0,895.0
0.131209,217184.32,28496.68,0.0,1645067739,MELD/ADA_1.0,0.0,0.0,0.0,895.0
0.000729,28266486.0,20617.5,0.0,1645067739,RAG/ADA_1.0,0.0,0.0,0.0,895.0
0.0,295857937700.0,19820.37,3946.85,1645067739,HOSKY/ADA_0.05,0.0,0.0,0.0,895.0
0.108286,182794.8,19794.18,0.0,1645067739,MINt/ADA_0.05,0.0,0.0,0.0,895.0
26.519904,740.0,19624.72,3854.63,1645067739,XDIA…ND/ADA_1.0,0.0,0.0,0.0,895.0
0.331494,57288.45,18990.82,1468.14,1645067739,MIN/ADA_0.05,0.0,0.0,0.0,895.0
0.154061,115252.0,17755.88,1039.06,1645067739,SKULL/ADA_1.0,0.0,0.0,0.0,895.0
0.455291,38860.0,17692.63,1388.56,1645067739,CDX/ADA_1.0,0.0,0.0,0.0,895.0
0.012683,1296628.0,16445.16,3842.87,1645067739,GOKEY/ADA_0.3,0.0,0.0,0.0,895.0
0.032805,475012.0,15582.92,0.0,1645067739,cMETA/ADA_0.3,0.0,0.0,0.0,895.0
0.000473,31036478.0,14702.2,1084.35,1645067739,KIDZ/ADA_0.3,0.0,0.0,0.0,895.0
0.385151,38091.14,14670.85,4406.4,1645067739,CARGO/ADA_0.3,0.0,0.0,0.0,895.0
2.413538,6053.7,14610.84,0.0,1645067739,DANA/ADA_0.3,0.0,0.0,0.0,895.0
0.0,16352411238.0,12422.35,0.0,1645067739,MEOW/ADA_0.3,0.0,0.0,0.0,895.0
0.812385,13838.28,11242.01,0.0,1645067739,WMT/ADA_1.0,0.0,0.0,0.0,895.0
0.109,97894.0,10670.52,0.0,1645067739,Card…rm/ADA_0.3,0.0,0.0,0.0,895.0
0.049278,195917.83,9654.54,342.43,1645067739,cbTHC/ADA_0.3,0.0,0.0,0.0,895.0
0.001185,8012093.0,9502.26,137.37,1645067739,FLANO/ADA_1.0,0.0,0.0,0.0,895.0
105.472872,85.94,9064.54,206.04,1645067739,LQ/ADA_1.0,0.0,0.0,0.0,895.0
0.744327,25685283.21,19118266.03,0.0,1645068641,SUNDAE/ADA_0.3,0.0,0.0,0.0,901.0
105.389195,155178.06,16354091.1,664825.93,1645068641,LQ/ADA_0.3,0.033355000000000246,22.779999999998836,7576.1699999999255,901.0
0.873503,14714825.59,12853456.54,1394212.83,1645068641,WMT/ADA_0.3,0.0006129999999999747,-3835.660000000149,5683.11999999918,901.0
0.129163,11970622.58,1546173.36,492836.23,1645068641,MELD/ADA_0.3,0.00043399999999998995,-7961.160000000149,4172.870000000112,901.0
0.085606,12262072.0,1049715.44,604395.54,1645068641,PAVIA/ADA_0.3,9.999999999996123e-06,-698.0,60.0,901.0
0.161329,6429217.0,1037221.52,23515.92,1645068641,XRAY/ADA_0.3,3.0000000000030003e-06,1094.0,196.3399999999674,901.0
0.366271,2435056.0,891891.62,41137.3,1645068641,ADAX/ADA_0.3,0.0016780000000000128,-5588.0,2048.5500000000466,901.0
2.097755,403093.01,845590.44,606551.23,1645068641,AADA/ADA_0.3,0.0,0.0,0.0,901.0
1.698969,322310.17,547595.13,71986.8,1645068641,VYFI/ADA_0.3,0.0,0.0,0.0,901.0
6.416519,52145.0,334589.38,125134.95,1645068641,MILK/ADA_0.3,0.0,0.0,0.0,901.0
0.108062,1817955.83,196453.58,39519.59,1645068641,MINt/ADA_0.3,0.0,0.0,0.0,901.0
0.03339,5776193.95,192870.29,15098.07,1645068641,CLAP/ADA_0.3,0.0,0.0,0.0,901.0
2.321184,69604.65,161565.27,119433.18,1645068641,DANA/ADA_0.05,-0.0066829999999997725,100.0,-232.3399999999965,901.0
0.0,6825777016738.0,154675.05,0.0,1645068641,CHRLZ/ADA_0.3,0.0,0.0,0.0,901.0
0.69329,182067.87,126226.02,354.08,1645068641,SUNDAE/ADA_0.05,0.0,73.79000000000815,51.169999999998254,901.0
0.847085,142436.22,120655.6,2801.4,1645068641,WMT/ADA_0.05,0.0,0.0,0.0,901.0
0.004976,22559588.0,112269.25,10520.77,1645068641,RAVE/ADA_1.0,0.0,0.0,0.0,901.0
3e-05,3466305466.85,106477.12,7919.52,1645068641,ASHIB/ADA_1.0,0.0,-6457913.269999981,200.0,901.0
0.0,98308422454590.0,94912.99,3184.27,1645068641,BISON/ADA_0.3,0.0,0.0,0.0,901.0
0.327356,283307.79,92742.6,102559.07,1645068641,MIN/ADA_0.3,-0.00013499999999999623,58.73999999999069,-19.179999999993015,901.0
0.03267,2729980.0,89190.26,6625.46,1645068641,FIRE/ADA_0.3,0.0,0.0,0.0,901.0
0.0,1014628490008.0,67200.66,31802.98,1645068641,HOSKY/ADA_0.3,0.0,-3147408983.0,208.44000000000233,901.0
0.006219,9016021.0,56076.0,5614.29,1645068641,FLICK/ADA_0.3,0.0,0.0,0.0,901.0
0.088326,534933.0,47248.76,5207.72,1645068641,cNETA/ADA_0.3,0.0,0.0,0.0,901.0
0.011655,3459795.0,40324.15,9160.95,1645068641,CNFT/ADA_0.3,2.9000000000001247e-05,-4282.0,50.0,901.0
0.002817,12543322.8,35336.14,6995.4,1645068641,DRIP/ADA_1.0,0.0,1000.0,-2.790000000000873,901.0
0.112338,293966.39,33023.75,7142.16,1645068641,REVU/ADA_0.3,0.0,0.0,0.0,901.0
0.005337,5755783.0,30722.91,313.23,1645068641,BDOGE/ADA_1.0,0.0,0.0,0.0,901.0
39.513087,742.0,29318.71,0.0,1645068641,unsi…en/ADA_1.0,0.0,0.0,0.0,901.0
0.017394,1663260.0,28932.22,3245.57,1645068641,QUID/ADA_0.3,0.0,0.0,0.0,901.0
0.00085,33503680.34,28508.89,0.0,1645068641,MONET/ADA_0.3,0.0,0.0,0.0,901.0
0.131209,217184.32,28496.68,0.0,1645068641,MELD/ADA_1.0,0.0,0.0,0.0,901.0
0.000729,28266486.0,20617.5,0.0,1645068641,RAG/ADA_1.0,0.0,0.0,0.0,901.0
0.0,295857937700.0,19820.37,3946.85,1645068641,HOSKY/ADA_0.05,0.0,0.0,0.0,901.0
0.108286,182794.8,19794.18,0.0,1645068641,MINt/ADA_0.05,0.0,0.0,0.0,901.0
26.519904,740.0,19624.72,3854.63,1645068641,XDIA…ND/ADA_1.0,0.0,0.0,0.0,901.0
0.331494,57288.45,18990.82,1468.14,1645068641,MIN/ADA_0.05,0.0,0.0,0.0,901.0
0.154061,115252.0,17755.88,1039.06,1645068641,SKULL/ADA_1.0,0.0,0.0,0.0,901.0
0.455291,38860.0,17692.63,1388.56,1645068641,CDX/ADA_1.0,0.0,0.0,0.0,901.0
0.012683,1296628.0,16445.16,3842.87,1645068641,GOKEY/ADA_0.3,0.0,0.0,0.0,901.0
0.032805,475012.0,15582.92,0.0,1645068641,cMETA/ADA_0.3,0.0,0.0,0.0,901.0
0.000473,31034374.0,14703.2,1085.35,1645068641,KIDZ/ADA_0.3,0.0,-2104.0,1.0,901.0
0.385151,38091.14,14670.85,4406.4,1645068641,CARGO/ADA_0.3,0.0,0.0,0.0,901.0
2.413538,6053.7,14610.84,0.0,1645068641,DANA/ADA_0.3,0.0,0.0,0.0,901.0
0.0,16094073817.0,12622.35,2556.76,1645068641,MEOW/ADA_0.3,0.0,-258337421.0,200.0,901.0
0.812385,13838.28,11242.01,0.0,1645068641,WMT/ADA_1.0,0.0,0.0,0.0,901.0
0.109,97894.0,10670.52,0.0,1645068641,Card…rm/ADA_0.3,0.0,0.0,0.0,901.0
0.049278,195917.83,9654.54,342.43,1645068641,cbTHC/ADA_0.3,0.0,0.0,0.0,901.0
0.001185,8012093.0,9502.26,137.37,1645068641,FLANO/ADA_1.0,0.0,0.0,0.0,901.0
105.472872,85.94,9064.54,206.04,1645068641,LQ/ADA_1.0,0.0,0.0,0.0,901.0
0.744327,25685283.21,19118266.03,0.0,1645069542,SUNDAE/ADA_0.3,0.0,0.0,0.0,900.0
105.441815,155148.24,16359112.13,684010.57,1645069542,LQ/ADA_0.3,0.05262000000000455,-29.820000000006985,5021.030000001192,900.0
0.873477,14730260.15,12866556.47,1399377.49,1645069542,WMT/ADA_0.3,-2.6000000000081513e-05,15434.560000000522,13099.930000001565,900.0
0.128939,11980056.14,1544697.86,495229.73,1645069542,MELD/ADA_0.3,-0.00022400000000000198,9433.560000000522,-1475.5,900.0
0.085606,12262081.0,1049716.22,604395.54,1645069542,PAVIA/ADA_0.3,0.0,9.0,0.7800000000279397,900.0
0.161484,6426129.0,1037721.52,24017.42,1645069542,XRAY/ADA_0.3,0.00015499999999998848,-3088.0,500.0,900.0
0.366271,2435056.0,891891.62,41137.3,1645069542,ADAX/ADA_0.3,0.0,0.0,0.0,900.0
2.108,402113.77,847655.86,608622.84,1645069542,AADA/ADA_0.3,0.010245000000000282,-979.2399999999907,2065.420000000042,900.0
1.697206,322477.78,547311.42,72291.6,1645069542,VYFI/ADA_0.3,-0.001762999999999959,167.61000000004424,-283.70999999996275,900.0
6.441076,52046.0,335232.27,126424.58,1645069542,MILK/ADA_0.3,0.024556999999999718,-99.0,642.890000000014,900.0
0.108062,1817263.77,196378.8,39519.59,1645069542,MINt/ADA_0.3,0.0,-692.0600000000559,-74.77999999999884,900.0
0.03339,5776193.95,192870.29,15098.07,1645069542,CLAP/ADA_0.3,0.0,0.0,0.0,900.0
2.257187,70584.75,159323.03,121761.44,1645069542,DANA/ADA_0.05,-0.06399700000000008,980.1000000000058,-2242.2399999999907,900.0
0.0,6821380111353.0,154775.05,401.8,1645069542,CHRLZ/ADA_0.3,0.0,-4396905385.0,100.0,900.0
0.69329,180653.7,125245.58,354.08,1645069542,SUNDAE/ADA_0.05,0.0,-1414.1699999999837,-980.4400000000023,900.0
0.847085,138874.03,117638.12,2801.4,1645069542,WMT/ADA_0.05,0.0,-3562.1900000000023,-3017.4800000000105,900.0
0.004976,22559588.0,112269.25,10520.77,1645069542,RAVE/ADA_1.0,0.0,0.0,0.0,900.0
3e-05,3466306463.14,106477.15,7919.52,1645069542,ASHIB/ADA_1.0,0.0,996.289999961853,0.029999999998835847,900.0
0.0,98308422454590.0,94912.99,3184.27,1645069542,BISON/ADA_0.3,0.0,0.0,0.0,900.0
0.327356,283307.79,92742.6,104162.73,1645069542,MIN/ADA_0.3,0.0,0.0,0.0,900.0
0.03267,2733040.0,89290.23,6625.46,1645069542,FIRE/ADA_0.3,0.0,3060.0,99.97000000000116,900.0
0.0,1014764803606.0,67191.66,31811.98,1645069542,HOSKY/ADA_0.3,0.0,136313598.0,-9.0,900.0
0.006216,9018451.0,56060.94,5629.36,1645069542,FLICK/ADA_0.3,-2.999999999999531e-06,2430.0,-15.059999999997672,900.0
0.088326,534933.0,47248.76,5207.72,1645069542,cNETA/ADA_0.3,0.0,0.0,0.0,900.0
0.011655,3459795.0,40324.15,9160.95,1645069542,CNFT/ADA_0.3,0.0,0.0,0.0,900.0
0.002771,12647322.8,35048.45,7283.09,1645069542,DRIP/ADA_1.0,-4.6000000000000034e-05,104000.0,-287.6900000000023,900.0
0.112338,293966.39,33023.75,7142.16,1645069542,REVU/ADA_0.3,0.0,0.0,0.0,900.0
0.005337,5755783.0,30722.91,313.23,1645069542,BDOGE/ADA_1.0,0.0,0.0,0.0,900.0
39.513087,742.0,29318.71,0.0,1645069542,unsi…en/ADA_1.0,0.0,0.0,0.0,900.0
0.017394,1663272.0,28932.43,3245.57,1645069542,QUID/ADA_0.3,0.0,12.0,0.20999999999912689,900.0
0.00085,33503680.34,28508.89,0.0,1645069542,MONET/ADA_0.3,0.0,0.0,0.0,900.0
0.131209,217184.32,28496.68,0.0,1645069542,MELD/ADA_1.0,0.0,0.0,0.0,900.0
0.000729,28266486.0,20617.5,0.0,1645069542,RAG/ADA_1.0,0.0,0.0,0.0,900.0
0.0,295857937700.0,19820.37,3946.85,1645069542,HOSKY/ADA_0.05,0.0,0.0,0.0,900.0
0.108286,182794.8,19794.18,0.0,1645069542,MINt/ADA_0.05,0.0,0.0,0.0,900.0
26.519904,740.0,19624.72,3854.63,1645069542,XDIA…ND/ADA_1.0,0.0,0.0,0.0,900.0
0.331494,57288.45,18990.82,1468.14,1645069542,MIN/ADA_0.05,0.0,0.0,0.0,900.0
0.154061,115252.0,17755.88,1039.06,1645069542,SKULL/ADA_1.0,0.0,0.0,0.0,900.0
0.455291,38860.0,17692.63,1388.56,1645069542,CDX/ADA_1.0,0.0,0.0,0.0,900.0
0.012683,1296628.0,16445.16,3842.87,1645069542,GOKEY/ADA_0.3,0.0,0.0,0.0,900.0
0.032805,475012.0,15582.92,0.0,1645069542,cMETA/ADA_0.3,0.0,0.0,0.0,900.0
0.000473,31034374.0,14703.2,1085.35,1645069542,KIDZ/ADA_0.3,0.0,0.0,0.0,900.0
0.385151,38091.14,14670.85,4406.4,1645069542,CARGO/ADA_0.3,0.0,0.0,0.0,900.0
2.413538,6053.7,14610.84,0.0,1645069542,DANA/ADA_0.3,0.0,0.0,0.0,900.0
0.0,16094073817.0,12622.35,2556.76,1645069542,MEOW/ADA_0.3,0.0,0.0,0.0,900.0
0.812385,13838.28,11242.01,0.0,1645069542,WMT/ADA_1.0,0.0,0.0,0.0,900.0
0.109,97894.0,10670.52,0.0,1645069542,Card…rm/ADA_0.3,0.0,0.0,0.0,900.0
0.049278,195917.83,9654.54,342.43,1645069542,cbTHC/ADA_0.3,0.0,0.0,0.0,900.0
0.001185,8012093.0,9502.26,137.37,1645069542,FLANO/ADA_1.0,0.0,0.0,0.0,900.0
105.472872,85.94,9064.54,206.04,1645069542,LQ/ADA_1.0,0.0,0.0,0.0,900.0
0.744327,25685283.21,19118266.03,0.0,1645070444,SUNDAE/ADA_0.3,0.0,0.0,0.0,901.0
105.582616,155047.27,16370297.05,690780.38,1645070444,LQ/ADA_0.3,0.14080099999999618,-100.97000000000116,11184.919999999925,901.0
0.874183,14723624.29,12871152.47,1396346.57,1645070444,WMT/ADA_0.3,0.0007060000000000954,-6635.860000001267,4596.0,901.0
0.128198,12023413.06,1541384.03,484585.82,1645070444,MELD/ADA_0.3,-0.0007409999999999917,43356.919999999925,-3313.8300000000745,901.0
0.085911,12240204.0,1051574.8,586335.57,1645070444,PAVIA/ADA_0.3,0.0003049999999999997,-21877.0,1858.5800000000745,901.0
0.161484,6434681.0,1039102.38,41544.94,1645070444,XRAY/ADA_0.3,0.0,8552.0,1380.859999999986,901.0
0.366271,2437807.0,892899.23,40509.93,1645070444,ADAX/ADA_0.3,0.0,2751.0,1007.609999999986,901.0
2.095658,403313.85,845208.16,603954.75,1645070444,AADA/ADA_0.3,-0.012342000000000297,1200.079999999958,-2447.6999999999534,901.0
1.694644,322721.78,546898.85,66390.47,1645070444,VYFI/ADA_0.3,-0.002561999999999953,244.0,-412.5700000000652,901.0
6.441076,52046.0,335232.27,123759.22,1645070444,MILK/ADA_0.3,0.0,0.0,0.0,901.0
0.10798,1817955.83,196304.27,39273.54,1645070444,MINt/ADA_0.3,-8.199999999999874e-05,692.0600000000559,-74.52999999999884,901.0
0.03339,5776193.95,192870.29,15072.25,1645070444,CLAP/ADA_0.3,0.0,0.0,0.0,901.0
2.307434,69812.19,161087.02,112097.5,1645070444,DANA/ADA_0.05,0.05024700000000015,-772.5599999999977,1763.9899999999907,901.0
0.0,6821380111353.0,154775.05,356.71,1645070444,CHRLZ/ADA_0.3,0.0,0.0,0.0,901.0
0.69329,180593.9,125204.12,354.08,1645070444,SUNDAE/ADA_0.05,0.0,-59.80000000001746,-41.4600000000064,901.0
0.847085,139153.73,117875.04,2801.4,1645070444,WMT/ADA_0.05,0.0,279.70000000001164,236.91999999999825,901.0
0.004976,22559588.0,112269.25,9979.66,1645070444,RAVE/ADA_1.0,0.0,0.0,0.0,901.0
3e-05,3466306463.14,106477.15,4564.31,1645070444,ASHIB/ADA_1.0,0.0,0.0,0.0,901.0
0.0,98308422454590.0,94912.99,3183.26,1645070444,BISON/ADA_0.3,0.0,0.0,0.0,901.0
0.316116,288307.79,91138.95,104021.67,1645070444,MIN/ADA_0.3,-0.011239999999999972,5000.0,-1603.6500000000087,901.0
0.03267,2733040.0,89290.23,6625.46,1645070444,FIRE/ADA_0.3,0.0,0.0,0.0,901.0
0.0,1014765168606.0,67199.67,31318.55,1645070444,HOSKY/ADA_0.3,0.0,365000.0,8.009999999994761,901.0
0.006216,9018451.0,56060.94,5629.36,1645070444,FLICK/ADA_0.3,0.0,0.0,0.0,901.0
0.088326,534933.0,47248.76,5558.26,1645070444,cNETA/ADA_0.3,0.0,0.0,0.0,901.0
0.011655,3459795.0,40324.15,9049.92,1645070444,CNFT/ADA_0.3,0.0,0.0,0.0,901.0
0.002764,12662322.8,35007.35,7243.09,1645070444,DRIP/ADA_1.0,-7.000000000000062e-06,15000.0,-41.099999999998545,901.0
0.112338,293966.39,33023.75,6512.0,1645070444,REVU/ADA_0.3,0.0,0.0,0.0,901.0
0.005337,5755783.0,30722.91,313.23,1645070444,BDOGE/ADA_1.0,0.0,0.0,0.0,901.0
39.513087,742.0,29318.71,0.0,1645070444,unsi…en/ADA_1.0,0.0,0.0,0.0,901.0
0.017394,1663272.0,28932.43,3245.57,1645070444,QUID/ADA_0.3,0.0,0.0,0.0,901.0
0.00085,33503680.34,28508.89,0.0,1645070444,MONET/ADA_0.3,0.0,0.0,0.0,901.0
0.131209,217184.32,28496.68,0.0,1645070444,MELD/ADA_1.0,0.0,0.0,0.0,901.0
0.000729,28266486.0,20617.5,0.0,1645070444,RAG/ADA_1.0,0.0,0.0,0.0,901.0
0.0,295857937700.0,19820.37,3946.85,1645070444,HOSKY/ADA_0.05,0.0,0.0,0.0,901.0
26.519904,740.0,19624.72,3707.95,1645070444,XDIA…ND/ADA_1.0,0.0,0.0,0.0,901.0
0.108286,179538.0,19441.52,1435.32,1645070444,MINt/ADA_0.05,0.0,-3256.7999999999884,-352.65999999999985,901.0
0.331494,57288.45,18990.82,1468.14,1645070444,MIN/ADA_0.05,0.0,0.0,0.0,901.0
0.154061,115252.0,17755.88,726.89,1645070444,SKULL/ADA_1.0,0.0,0.0,0.0,901.0
0.455291,38860.0,17692.63,1261.2,1645070444,CDX/ADA_1.0,0.0,0.0,0.0,901.0
0.014179,1226419.0,17389.44,4789.98,1645070444,GOKEY/ADA_0.3,0.0014960000000000008,-70209.0,944.2799999999988,901.0
0.032805,475012.0,15582.92,0.0,1645070444,cMETA/ADA_0.3,0.0,0.0,0.0,901.0
0.000473,31034374.0,14703.2,1085.35,1645070444,KIDZ/ADA_0.3,0.0,0.0,0.0,901.0
2.413538,6053.7,14610.84,0.0,1645070444,DANA/ADA_0.3,0.0,0.0,0.0,901.0
0.362529,39264.18,14234.41,2563.89,1645070444,CARGO/ADA_0.3,-0.02262200000000003,1173.0400000000009,-436.4400000000005,901.0
0.0,15758017766.0,12892.35,2827.57,1645070444,MEOW/ADA_0.3,0.0,-336056051.0,270.0,901.0
0.812385,13838.28,11242.01,0.0,1645070444,WMT/ADA_1.0,0.0,0.0,0.0,901.0
0.109,97894.0,10670.52,0.0,1645070444,Card…rm/ADA_0.3,0.0,0.0,0.0,901.0
0.049278,195917.83,9654.54,342.43,1645070444,cbTHC/ADA_0.3,0.0,0.0,0.0,901.0
0.001185,8012093.0,9502.26,137.37,1645070444,FLANO/ADA_1.0,0.0,0.0,0.0,901.0
105.472872,85.94,9064.54,206.04,1645070444,LQ/ADA_1.0,0.0,0.0,0.0,901.0
0.744441,25684818.76,19120837.4,308704.62,1645071336,SUNDAE/ADA_0.3,0.0001140000000000585,-464.44999999925494,2571.369999997318,892.0
107.756483,155066.32,16709402.22,867950.94,1645071336,LQ/ADA_0.3,2.1738670000000013,19.050000000017462,339105.1699999999,892.0
0.874377,14728797.99,12878528.19,1397778.9,1645071336,WMT/ADA_0.3,0.00019399999999991646,5173.700000001118,7375.719999998808,892.0
0.127646,12049775.7,1538109.33,491469.24,1645071336,MELD/ADA_0.3,-0.0005519999999999969,26362.639999998733,-3274.6999999999534,892.0
0.085635,12259958.0,1049886.29,588246.73,1645071336,PAVIA/ADA_0.3,-0.00027599999999999847,19754.0,-1688.5100000000093,892.0
0.155983,6547846.0,1021357.24,59483.79,1645071336,XRAY/ADA_0.3,-0.005500999999999978,113165.0,-17745.140000000014,892.0
0.366045,2438807.0,892713.3,40785.55,1645071336,ADAX/ADA_0.3,-0.00022600000000000398,1000.0,-185.9299999999348,892.0
2.100667,406748.75,854443.93,607821.01,1645071336,AADA/ADA_0.3,0.005009000000000263,3434.9000000000233,9235.770000000019,892.0
1.694644,322653.4,546782.96,66390.47,1645071336,VYFI/ADA_0.3,0.0,-68.38000000000466,-115.89000000001397,892.0
6.441076,52046.0,335232.27,123759.22,1645071336,MILK/ADA_0.3,0.0,0.0,0.0,892.0
0.744544,25686706.33,19124901.92,310080.35,1645072243,SUNDAE/ADA_0.3,0.00010299999999996423,1887.5699999965727,4064.5200000032783,906.0
107.734786,155293.39,16730501.35,868963.97,1645072243,LQ/ADA_0.3,-0.021697000000003186,227.07000000000698,21099.129999998957,906.0
0.874528,14728226.63,12880257.07,1398898.18,1645072243,WMT/ADA_0.3,0.00015100000000001224,-571.359999999404,1728.8800000008196,906.0
0.127784,12043260.98,1538944.86,492636.71,1645072243,MELD/ADA_0.3,0.00013799999999999923,-6514.719999998808,835.5300000000279,906.0
0.086115,12225762.0,1052832.78,591509.54,1645072243,PAVIA/ADA_0.3,0.0004799999999999943,-34196.0,2946.4899999999907,906.0
0.156756,6531907.0,1023917.04,62021.38,1645072243,XRAY/ADA_0.3,0.0007729999999999959,-15939.0,2559.8000000000466,906.0
0.366045,2438807.0,892713.3,40785.55,1645072243,ADAX/ADA_0.3,0.0,0.0,0.0,906.0
2.096359,407167.08,853568.69,608696.25,1645072243,AADA/ADA_0.3,-0.0043079999999999785,418.3300000000163,-875.2400000001071,906.0
1.710153,321189.26,549282.96,68897.97,1645072243,VYFI/ADA_0.3,0.015508999999999995,-1464.140000000014,2500.0,906.0
6.441076,52076.0,335425.5,123759.22,1645072243,MILK/ADA_0.3,0.0,30.0,193.22999999998137,906.0
0.106936,1826827.35,195354.78,40494.01,1645072243,MINt/ADA_0.3,-0.0010440000000000033,8871.520000000019,-949.4899999999907,1798.0
0.033319,5788778.84,192876.85,15278.43,1645072243,CLAP/ADA_0.3,-7.100000000000162e-05,12584.889999999665,6.559999999997672,1798.0
2.336361,69389.07,162117.95,115558.34,1645072243,DANA/ADA_0.05,0.028926999999999925,-423.11999999999534,1030.9300000000221,1798.0
0.0,6821380111353.0,154775.05,356.71,1645072243,CHRLZ/ADA_0.3,0.0,0.0,0.0,1798.0
0.69329,180593.9,125204.12,354.08,1645072243,SUNDAE/ADA_0.05,0.0,0.0,0.0,1798.0
0.847085,139170.8,117889.5,2801.4,1645072243,WMT/ADA_0.05,0.0,17.06999999997788,14.460000000006403,1798.0
0.004976,22559588.0,112269.25,9979.66,1645072243,RAVE/ADA_1.0,0.0,0.0,0.0,1798.0
3e-05,3466306463.14,106477.15,4564.31,1645072243,ASHIB/ADA_1.0,0.0,0.0,0.0,1798.0
0.0,98308422454590.0,94912.99,3183.26,1645072243,BISON/ADA_0.3,0.0,0.0,0.0,1798.0
0.312376,290032.79,90599.45,104879.64,1645072243,MIN/ADA_0.3,-0.003740000000000021,1725.0,-539.5,1798.0
0.03267,2733040.0,89290.23,6625.46,1645072243,FIRE/ADA_0.3,0.0,0.0,0.0,1798.0
0.0,1014840905175.0,67194.67,31323.55,1645072243,HOSKY/ADA_0.3,0.0,75736569.0,-5.0,1798.0
0.006216,9018451.0,56060.94,5629.36,1645072243,FLICK/ADA_0.3,0.0,0.0,0.0,1798.0
0.090012,529907.0,47698.25,5558.26,1645072243,cNETA/ADA_0.3,0.001685999999999993,-5026.0,449.48999999999796,1798.0
0.011518,3480343.0,40086.79,9287.29,1645072243,CNFT/ADA_0.3,-0.00013699999999999997,20548.0,-237.36000000000058,1798.0
0.002772,12650996.41,35080.96,7590.89,1645072243,DRIP/ADA_1.0,8.000000000000194e-06,-11326.390000000596,73.61000000000058,1798.0
0.112338,293966.39,33023.75,6512.0,1645072243,REVU/ADA_0.3,0.0,0.0,0.0,1798.0
0.005337,5657663.0,30199.17,313.23,1645072243,BDOGE/ADA_1.0,0.0,-98120.0,-523.7400000000016,1798.0
39.513087,742.0,29318.71,0.0,1645072243,unsi…en/ADA_1.0,0.0,0.0,0.0,1798.0
0.017394,1663272.0,28932.43,3245.57,1645072243,QUID/ADA_0.3,0.0,0.0,0.0,1798.0
0.00085,33503680.34,28508.89,0.0,1645072243,MONET/ADA_0.3,0.0,0.0,0.0,1798.0
0.131209,217184.32,28496.68,0.0,1645072243,MELD/ADA_1.0,0.0,0.0,0.0,1798.0
0.000729,28266486.0,20617.5,0.0,1645072243,RAG/ADA_1.0,0.0,0.0,0.0,1798.0
0.0,295857937700.0,19820.37,3946.85,1645072243,HOSKY/ADA_0.05,0.0,0.0,0.0,1798.0
26.519904,740.0,19624.72,3707.95,1645072243,XDIA…ND/ADA_1.0,0.0,0.0,0.0,1798.0
0.108286,179538.0,19441.52,1435.32,1645072243,MINt/ADA_0.05,0.0,0.0,0.0,1798.0
0.331494,57288.45,18990.82,1468.14,1645072243,MIN/ADA_0.05,0.0,0.0,0.0,1798.0
0.154061,115252.0,17755.88,726.89,1645072243,SKULL/ADA_1.0,0.0,0.0,0.0,1798.0
0.455291,38860.0,17692.63,1261.2,1645072243,CDX/ADA_1.0,0.0,0.0,0.0,1798.0
0.014179,1226419.0,17389.44,4789.98,1645072243,GOKEY/ADA_0.3,0.0,0.0,0.0,1798.0
0.032805,475012.0,15582.92,0.0,1645072243,cMETA/ADA_0.3,0.0,0.0,0.0,1798.0
0.397672,37491.71,14909.41,3240.92,1645072243,CARGO/ADA_0.3,0.035143000000000035,-1772.4700000000012,675.0,1798.0
0.000473,31034374.0,14703.2,1085.35,1645072243,KIDZ/ADA_0.3,0.0,0.0,0.0,1798.0
2.413538,6053.7,14610.84,0.0,1645072243,DANA/ADA_0.3,0.0,0.0,0.0,1798.0
0.0,15758017766.0,12892.35,2827.57,1645072243,MEOW/ADA_0.3,0.0,0.0,0.0,1798.0
0.812385,13838.28,11242.01,0.0,1645072243,WMT/ADA_1.0,0.0,0.0,0.0,1798.0
0.109,97894.0,10670.52,0.0,1645072243,Card…rm/ADA_0.3,0.0,0.0,0.0,1798.0
0.049278,195917.83,9654.54,342.43,1645072243,cbTHC/ADA_0.3,0.0,0.0,0.0,1798.0
0.001185,8012093.0,9502.26,137.37,1645072243,FLANO/ADA_1.0,0.0,0.0,0.0,1798.0
105.472872,85.94,9064.54,206.04,1645072243,LQ/ADA_1.0,0.0,0.0,0.0,1798.0
0.744569,25686284.53,19125216.92,310396.29,1645073146,SUNDAE/ADA_0.3,2.5000000000052758e-05,-421.79999999701977,315.0,903.0
107.766938,155270.26,16733001.35,873978.97,1645073146,LQ/ADA_0.3,0.032151999999996406,-23.130000000004657,2500.0,903.0
0.874693,14727459.58,12882014.42,1402685.92,1645073146,WMT/ADA_0.3,0.00016500000000008175,-767.0500000007451,1757.3499999996275,903.0
0.127784,12043343.7,1538955.43,493408.42,1645073146,MELD/ADA_0.3,0.0,82.7199999988079,10.569999999832362,903.0
0.086115,12224600.0,1052732.71,591509.54,1645073146,PAVIA/ADA_0.3,0.0,-1162.0,-100.07000000006519,903.0
0.156863,6529682.0,1024267.04,62372.43,1645073146,XRAY/ADA_0.3,0.00010699999999999599,-2225.0,350.0,903.0
0.368095,2432017.0,895213.3,43293.05,1645073146,ADAX/ADA_0.3,0.0020499999999999963,-6790.0,2500.0,903.0
2.120954,404802.96,858568.69,613711.25,1645073146,AADA/ADA_0.3,0.0245949999999997,-2364.1199999999953,5000.0,903.0
1.710153,321189.26,549282.96,68897.97,1645073146,VYFI/ADA_0.3,0.0,0.0,0.0,903.0
6.453835,52025.0,335760.77,124095.49,1645073146,MILK/ADA_0.3,0.012758999999999965,-51.0,335.2700000000186,903.0
0.106936,1826827.35,195354.78,40494.01,1645073146,MINt/ADA_0.3,0.0,0.0,0.0,903.0
0.033319,5788778.84,192876.85,15278.43,1645073146,CLAP/ADA_0.3,0.0,0.0,0.0,903.0
2.341794,69308.55,162306.39,115746.88,1645073146,DANA/ADA_0.05,0.005433000000000021,-80.52000000000407,188.44000000000233,903.0
0.0,6821380111353.0,154775.05,356.71,1645073146,CHRLZ/ADA_0.3,0.0,0.0,0.0,903.0
0.69329,180593.9,125204.12,354.08,1645073146,SUNDAE/ADA_0.05,0.0,0.0,0.0,903.0
0.847085,139170.8,117889.5,2801.4,1645073146,WMT/ADA_0.05,0.0,0.0,0.0,903.0
0.004976,22559588.0,112269.25,9979.66,1645073146,RAVE/ADA_1.0,0.0,0.0,0.0,903.0
3e-05,3466306463.14,106477.15,4564.31,1645073146,ASHIB/ADA_1.0,0.0,0.0,0.0,903.0
0.0,98308422454590.0,94912.99,3183.26,1645073146,BISON/ADA_0.3,0.0,0.0,0.0,903.0
0.312376,290032.79,90599.45,104879.64,1645073146,MIN/ADA_0.3,0.0,0.0,0.0,903.0
0.03267,2733040.0,89290.23,6625.46,1645073146,FIRE/ADA_0.3,0.0,0.0,0.0,903.0
0.0,1014840905175.0,67194.67,31323.55,1645073146,HOSKY/ADA_0.3,0.0,0.0,0.0,903.0
0.006216,9018451.0,56060.94,5629.36,1645073146,FLICK/ADA_0.3,0.0,0.0,0.0,903.0
0.090012,529907.0,47698.25,5558.26,1645073146,cNETA/ADA_0.3,0.0,0.0,0.0,903.0
0.011518,3480343.0,40086.79,9287.29,1645073146,CNFT/ADA_0.3,0.0,0.0,0.0,903.0
0.002772,12650996.41,35080.96,7590.89,1645073146,DRIP/ADA_1.0,0.0,0.0,0.0,903.0
0.112338,293966.39,33023.75,6512.0,1645073146,REVU/ADA_0.3,0.0,0.0,0.0,903.0
0.005337,5657663.0,30199.17,313.23,1645073146,BDOGE/ADA_1.0,0.0,0.0,0.0,903.0
39.513087,742.0,29318.71,0.0,1645073146,unsi…en/ADA_1.0,0.0,0.0,0.0,903.0
0.017394,1663272.0,28932.43,3245.57,1645073146,QUID/ADA_0.3,0.0,0.0,0.0,903.0
0.00085,33503680.34,28508.89,0.0,1645073146,MONET/ADA_0.3,0.0,0.0,0.0,903.0
0.131209,217184.32,28496.68,0.0,1645073146,MELD/ADA_1.0,0.0,0.0,0.0,903.0
0.000729,28266486.0,20617.5,0.0,1645073146,RAG/ADA_1.0,0.0,0.0,0.0,903.0
0.0,295857937700.0,19820.37,3946.85,1645073146,HOSKY/ADA_0.05,0.0,0.0,0.0,903.0
26.519904,740.0,19624.72,3707.95,1645073146,XDIA…ND/ADA_1.0,0.0,0.0,0.0,903.0
0.108286,179538.0,19441.52,1435.32,1645073146,MINt/ADA_0.05,0.0,0.0,0.0,903.0
0.331494,57288.45,18990.82,1468.14,1645073146,MIN/ADA_0.05,0.0,0.0,0.0,903.0
0.154061,115252.0,17755.88,726.89,1645073146,SKULL/ADA_1.0,0.0,0.0,0.0,903.0
0.455291,38860.0,17692.63,1261.2,1645073146,CDX/ADA_1.0,0.0,0.0,0.0,903.0
0.014179,1226419.0,17389.44,4789.98,1645073146,GOKEY/ADA_0.3,0.0,0.0,0.0,903.0
0.032805,475012.0,15582.92,0.0,1645073146,cMETA/ADA_0.3,0.0,0.0,0.0,903.0
0.397672,37491.71,14909.41,3240.92,1645073146,CARGO/ADA_0.3,0.0,0.0,0.0,903.0
0.000473,31034374.0,14703.2,1085.35,1645073146,KIDZ/ADA_0.3,0.0,0.0,0.0,903.0
2.413538,6053.7,14610.84,0.0,1645073146,DANA/ADA_0.3,0.0,0.0,0.0,903.0
0.0,15758017766.0,12892.35,2827.57,1645073146,MEOW/ADA_0.3,0.0,0.0,0.0,903.0
0.812385,13838.28,11242.01,0.0,1645073146,WMT/ADA_1.0,0.0,0.0,0.0,903.0
0.109,97894.0,10670.52,0.0,1645073146,Card…rm/ADA_0.3,0.0,0.0,0.0,903.0
0.049278,195917.83,9654.54,342.43,1645073146,cbTHC/ADA_0.3,0.0,0.0,0.0,903.0
0.001185,8012093.0,9502.26,137.37,1645073146,FLANO/ADA_1.0,0.0,0.0,0.0,903.0
105.472872,85.94,9064.54,206.04,1645073146,LQ/ADA_1.0,0.0,0.0,0.0,903.0
0.744663,25690458.2,19130742.8,304191.41,1645074048,SUNDAE/ADA_0.3,9.399999999992747e-05,4173.669999998063,5525.879999998957,901.0
107.860996,155249.73,16745391.12,786322.87,1645074048,LQ/ADA_0.3,0.09405800000000397,-20.529999999998836,12389.769999999553,901.0
0.875778,14719643.65,12891150.06,1401520.09,1645074048,WMT/ADA_0.3,0.0010849999999998916,-7815.929999999702,9135.640000000596,901.0
0.127986,12036978.97,1540576.23,486287.16,1645074048,MELD/ADA_0.3,0.00020199999999997997,-6364.729999998584,1620.8000000000466,901.0
0.086166,12221023.0,1053043.51,552566.53,1645074048,PAVIA/ADA_0.3,5.100000000000937e-05,-3577.0,310.80000000004657,901.0
0.156871,6339339.0,994458.89,62397.51,1645074048,XRAY/ADA_0.3,8.000000000008e-06,-190343.0,-29808.150000000023,901.0
0.368095,2432017.0,895213.3,43224.17,1645074048,ADAX/ADA_0.3,0.0,0.0,0.0,901.0
2.129855,403958.5,860373.23,612174.3,1645074048,AADA/ADA_0.3,0.00890100000000027,-844.460000000021,1804.5400000000373,901.0
1.710153,321189.26,549282.96,67087.21,1645074048,VYFI/ADA_0.3,0.0,0.0,0.0,901.0
6.550109,51642.0,338260.77,99115.77,1645074048,MILK/ADA_0.3,0.09627400000000019,-383.0,2500.0,901.0
0.106936,1826827.35,195354.78,40494.01,1645074048,MINt/ADA_0.3,0.0,0.0,0.0,901.0
0.033319,5788778.84,192876.85,15278.43,1645074048,CLAP/ADA_0.3,0.0,0.0,0.0,901.0
2.318526,69655.55,161498.24,116555.04,1645074048,DANA/ADA_0.05,-0.02326800000000029,347.0,-808.1500000000233,901.0
0.0,6821380111353.0,154775.05,356.71,1645074048,CHRLZ/ADA_0.3,0.0,0.0,0.0,901.0
0.69329,181028.37,125505.34,354.08,1645074048,SUNDAE/ADA_0.05,0.0,434.47000000000116,301.22000000000116,901.0
0.847085,139170.8,117889.5,2801.4,1645074048,WMT/ADA_0.05,0.0,0.0,0.0,901.0
0.004976,22559588.0,112269.25,9979.66,1645074048,RAVE/ADA_1.0,0.0,0.0,0.0,901.0
3e-05,3466306463.14,106477.15,4564.31,1645074048,ASHIB/ADA_1.0,0.0,0.0,0.0,901.0
0.0,98308422454590.0,94912.99,3183.26,1645074048,BISON/ADA_0.3,0.0,0.0,0.0,901.0
0.313272,289618.46,90729.45,105010.03,1645074048,MIN/ADA_0.3,0.0008960000000000079,-414.3299999999581,130.0,901.0
0.03267,2733040.0,89290.23,6357.66,1645074048,FIRE/ADA_0.3,0.0,0.0,0.0,901.0
0.0,1014840905175.0,67194.67,30190.4,1645074048,HOSKY/ADA_0.3,0.0,0.0,0.0,901.0
0.006216,9018451.0,56060.94,5529.06,1645074048,FLICK/ADA_0.3,0.0,0.0,0.0,901.0
0.090012,529957.0,47702.75,5197.14,1645074048,cNETA/ADA_0.3,0.0,50.0,4.5,901.0
0.011518,3480343.0,40086.79,9203.93,1645074048,CNFT/ADA_0.3,0.0,0.0,0.0,901.0
0.002772,12650996.41,35080.96,7555.87,1645074048,DRIP/ADA_1.0,0.0,0.0,0.0,901.0
0.112338,293966.39,33023.75,6512.0,1645074048,REVU/ADA_0.3,0.0,0.0,0.0,901.0
0.005337,5657663.0,30199.17,313.23,1645074048,BDOGE/ADA_1.0,0.0,0.0,0.0,901.0
39.513087,742.0,29318.71,0.0,1645074048,unsi…en/ADA_1.0,0.0,0.0,0.0,901.0
0.017394,1663272.0,28932.43,2973.36,1645074048,QUID/ADA_0.3,0.0,0.0,0.0,901.0
0.00085,33503680.34,28508.89,0.0,1645074048,MONET/ADA_0.3,0.0,0.0,0.0,901.0
0.131209,217184.32,28496.68,0.0,1645074048,MELD/ADA_1.0,0.0,0.0,0.0,901.0
0.000729,28266486.0,20617.5,0.0,1645074048,RAG/ADA_1.0,0.0,0.0,0.0,901.0
0.0,295857937700.0,19820.37,3946.85,1645074048,HOSKY/ADA_0.05,0.0,0.0,0.0,901.0
26.519904,740.0,19624.72,3511.97,1645074048,XDIA…ND/ADA_1.0,0.0,0.0,0.0,901.0
0.108286,179538.0,19441.52,1435.32,1645074048,MINt/ADA_0.05,0.0,0.0,0.0,901.0
0.331494,57288.45,18990.82,1468.14,1645074048,MIN/ADA_0.05,0.0,0.0,0.0,901.0
0.154061,115252.0,17755.88,708.89,1645074048,SKULL/ADA_1.0,0.0,0.0,0.0,901.0
0.455291,38860.0,17692.63,1261.2,1645074048,CDX/ADA_1.0,0.0,0.0,0.0,901.0
0.032805,475012.0,15582.92,0.0,1645074048,cMETA/ADA_0.3,0.0,0.0,0.0,901.0
0.397672,37491.71,14909.41,3240.92,1645074048,CARGO/ADA_0.3,0.0,0.0,0.0,901.0
0.000473,31034374.0,14703.2,1085.35,1645074048,KIDZ/ADA_0.3,0.0,0.0,0.0,901.0
2.413538,6053.7,14610.84,0.0,1645074048,DANA/ADA_0.3,0.0,0.0,0.0,901.0
0.0,15758017766.0,12892.35,2224.29,1645074048,MEOW/ADA_0.3,0.0,0.0,0.0,901.0
0.812385,13838.28,11242.01,0.0,1645074048,WMT/ADA_1.0,0.0,0.0,0.0,901.0
0.109,97894.0,10670.52,0.0,1645074048,Card…rm/ADA_0.3,0.0,0.0,0.0,901.0
0.049278,195917.83,9654.54,342.43,1645074048,cbTHC/ADA_0.3,0.0,0.0,0.0,901.0
0.001185,8012093.0,9502.26,78.22,1645074048,FLANO/ADA_1.0,0.0,0.0,0.0,901.0
105.472872,85.94,9064.54,206.04,1645074048,LQ/ADA_1.0,0.0,0.0,0.0,901.0
0.002618,3236551.45,8473.41,0.0,1645074048,DRIP/ADA_0.3,0.0,-88126.4299999997,-230.71999999999935,56707.0
0.745131,25682746.2,19137030.36,310264.37,1645074946,SUNDAE/ADA_0.3,0.00046800000000002395,-7712.0,6287.559999998659,898.0
107.880971,155237.27,16747148.57,789174.67,1645074946,LQ/ADA_0.3,0.019975000000002296,-12.460000000020955,1757.4500000011176,898.0
0.876472,14716670.26,12898758.71,1406650.43,1645074946,WMT/ADA_0.3,0.0006940000000000834,-2973.390000000596,7608.6500000003725,898.0
0.128272,12030569.27,1543192.32,488013.15,1645074946,MELD/ADA_0.3,0.00028600000000000847,-6409.700000001118,2616.090000000084,898.0
0.086017,12232615.0,1052220.15,553776.17,1645074946,PAVIA/ADA_0.3,-0.00014900000000001024,11592.0,-823.3600000001024,898.0
0.157019,6336340.0,994931.14,62871.17,1645074946,XRAY/ADA_0.3,0.00014799999999998148,-2999.0,472.25,898.0
0.368095,2432017.0,895213.3,43224.17,1645074946,ADAX/ADA_0.3,0.0,0.0,0.0,898.0
2.129855,404483.5,861491.4,612174.3,1645074946,AADA/ADA_0.3,0.0,525.0,1118.170000000042,898.0
1.710153,321189.26,549282.96,67087.21,1645074946,VYFI/ADA_0.3,0.0,0.0,0.0,898.0
6.550109,51642.0,338260.77,99115.77,1645074946,MILK/ADA_0.3,0.0,0.0,0.0,898.0
0.106936,1826827.35,195354.78,39112.37,1645074946,MINt/ADA_0.3,0.0,0.0,0.0,898.0
0.033319,5788778.84,192876.85,15278.43,1645074946,CLAP/ADA_0.3,0.0,0.0,0.0,898.0
2.318526,69655.55,161498.24,111663.36,1645074946,DANA/ADA_0.05,0.0,0.0,0.0,898.0
0.0,6821380111353.0,154775.05,356.71,1645074946,CHRLZ/ADA_0.3,0.0,0.0,0.0,898.0
0.69329,181028.37,125505.34,354.08,1645074946,SUNDAE/ADA_0.05,0.0,0.0,0.0,898.0
0.847085,139371.63,118059.62,2801.4,1645074946,WMT/ADA_0.05,0.0,200.8300000000163,170.11999999999534,898.0
0.004976,22559588.0,112269.25,9979.66,1645074946,RAVE/ADA_1.0,0.0,0.0,0.0,898.0
3e-05,3466306463.14,106477.15,4017.63,1645074946,ASHIB/ADA_1.0,0.0,0.0,0.0,898.0
0.0,98308422454590.0,94912.99,3183.26,1645074946,BISON/ADA_0.3,0.0,0.0,0.0,898.0
0.313272,288031.96,90232.44,98884.7,1645074946,MIN/ADA_0.3,0.0,-1586.5,-497.00999999999476,898.0
0.03278,2728471.0,89440.23,6508.11,1645074946,FIRE/ADA_0.3,0.00010999999999999899,-4569.0,150.0,898.0
0.0,1015092018983.0,67211.3,30190.4,1645074946,HOSKY/ADA_0.3,0.0,251113808.0,16.630000000004657,898.0
0.006216,9018451.0,56060.94,5529.06,1645074946,FLICK/ADA_0.3,0.0,0.0,0.0,898.0
0.090012,529957.0,47702.75,5197.14,1645074946,cNETA/ADA_0.3,0.0,0.0,0.0,898.0
0.011518,3480343.0,40086.79,9203.93,1645074946,CNFT/ADA_0.3,0.0,0.0,0.0,898.0
0.002772,12650996.41,35080.96,7555.87,1645074946,DRIP/ADA_1.0,0.0,0.0,0.0,898.0
0.112338,293966.39,33023.75,6512.0,1645074946,REVU/ADA_0.3,0.0,0.0,0.0,898.0
0.005337,5657663.0,30199.17,313.23,1645074946,BDOGE/ADA_1.0,0.0,0.0,0.0,898.0
39.513087,742.0,29318.71,0.0,1645074946,unsi…en/ADA_1.0,0.0,0.0,0.0,898.0
0.017394,1663272.0,28932.43,2973.36,1645074946,QUID/ADA_0.3,0.0,0.0,0.0,898.0
0.00085,33503680.34,28508.89,0.0,1645074946,MONET/ADA_0.3,0.0,0.0,0.0,898.0
0.131209,217184.32,28496.68,0.0,1645074946,MELD/ADA_1.0,0.0,0.0,0.0,898.0
0.000729,28266486.0,20617.5,0.0,1645074946,RAG/ADA_1.0,0.0,0.0,0.0,898.0
0.0,295857937700.0,19820.37,3946.85,1645074946,HOSKY/ADA_0.05,0.0,0.0,0.0,898.0
26.519904,740.0,19624.72,3511.97,1645074946,XDIA…ND/ADA_1.0,0.0,0.0,0.0,898.0
0.108286,179538.0,19441.52,1435.32,1645074946,MINt/ADA_0.05,0.0,0.0,0.0,898.0
0.331494,57533.41,19072.02,1468.14,1645074946,MIN/ADA_0.05,0.0,244.9600000000064,81.20000000000073,898.0
0.154061,115252.0,17755.88,708.89,1645074946,SKULL/ADA_1.0,0.0,0.0,0.0,898.0
0.456311,38817.0,17712.63,1281.4,1645074946,CDX/ADA_1.0,0.0010200000000000209,-43.0,20.0,898.0
0.014179,1226419.0,17389.44,4789.98,1645074946,GOKEY/ADA_0.3,0.0,0.0,0.0,1800.0
0.032805,475012.0,15582.92,0.0,1645074946,cMETA/ADA_0.3,0.0,0.0,0.0,898.0
0.408666,36984.71,15114.41,3446.53,1645074946,CARGO/ADA_0.3,0.010993999999999948,-507.0,205.0,898.0
0.000473,31034374.0,14703.2,1085.35,1645074946,KIDZ/ADA_0.3,0.0,0.0,0.0,898.0
2.413538,6053.7,14610.84,0.0,1645074946,DANA/ADA_0.3,0.0,0.0,0.0,898.0
0.0,15758017766.0,12892.35,2224.29,1645074946,MEOW/ADA_0.3,0.0,0.0,0.0,898.0
0.812385,13838.28,11242.01,0.0,1645074946,WMT/ADA_1.0,0.0,0.0,0.0,898.0
0.109,97894.0,10670.52,0.0,1645074946,Card…rm/ADA_0.3,0.0,0.0,0.0,898.0
0.049278,195917.83,9654.54,342.43,1645074946,cbTHC/ADA_0.3,0.0,0.0,0.0,898.0
0.001185,8012093.0,9502.26,78.22,1645074946,FLANO/ADA_1.0,0.0,0.0,0.0,898.0
105.472872,85.94,9064.54,206.04,1645074946,LQ/ADA_1.0,0.0,0.0,0.0,898.0
0.746342,25662312.18,19152867.43,325872.18,1645075841,SUNDAE/ADA_0.3,0.001210999999999962,-20434.019999999553,15837.070000000298,895.0
107.893677,155251.23,16750626.84,791460.02,1645075841,LQ/ADA_0.3,0.012705999999994333,13.960000000020955,3478.269999999553,895.0
0.87726,14709862.53,12904381.59,1412472.85,1645075841,WMT/ADA_0.3,0.0007880000000000109,-6807.730000000447,5622.879999998957,895.0
0.128674,12011813.11,1545610.52,490866.82,1645075841,MELD/ADA_0.3,0.00040200000000001346,-18756.16000000015,2418.1999999999534,895.0
0.086073,12228676.0,1052560.15,554117.19,1645075841,PAVIA/ADA_0.3,5.6000000000000494e-05,-3939.0,340.0,895.0
0.157019,6336340.0,994931.14,62871.17,1645075841,XRAY/ADA_0.3,0.0,0.0,0.0,895.0
0.368095,2432167.0,895268.51,43224.17,1645075841,ADAX/ADA_0.3,0.0,150.0,55.20999999996275,895.0
2.133549,404709.0,863466.89,615415.86,1645075841,AADA/ADA_0.3,0.003693999999999864,225.5,1975.4899999999907,895.0
1.710153,321189.26,549282.96,67087.21,1645075841,VYFI/ADA_0.3,0.0,0.0,0.0,895.0
6.57935,51528.0,339020.77,99878.05,1645075841,MILK/ADA_0.3,0.02924099999999985,-114.0,760.0,895.0
0.033319,5788778.84,192876.85,15278.43,1645075841,CLAP/ADA_0.3,0.0,0.0,0.0,895.0
0.106936,1701244.8,181925.4,39112.37,1645075841,MINt/ADA_0.3,0.0,-125582.55000000005,-13429.380000000005,895.0
2.306962,69829.95,161095.1,112469.64,1645075841,DANA/ADA_0.05,-0.011563999999999908,174.39999999999418,-403.13999999998487,895.0
0.0,6821380111353.0,154775.05,356.71,1645075841,CHRLZ/ADA_0.3,0.0,0.0,0.0,895.0
0.69329,181028.37,125505.34,354.08,1645075841,SUNDAE/ADA_0.05,0.0,0.0,0.0,895.0
0.847085,139170.8,117889.5,2801.4,1645075841,WMT/ADA_0.05,0.0,-200.8300000000163,-170.11999999999534,895.0
0.004976,22559588.0,112269.25,9979.66,1645075841,RAVE/ADA_1.0,0.0,0.0,0.0,895.0
3e-05,3466306463.14,106477.15,4017.63,1645075841,ASHIB/ADA_1.0,0.0,0.0,0.0,895.0
0.0,98308422454590.0,94912.99,3183.26,1645075841,BISON/ADA_0.3,0.0,0.0,0.0,895.0
0.03278,2728471.0,89440.23,6508.11,1645075841,FIRE/ADA_0.3,0.0,0.0,0.0,895.0
0.309984,269063.79,83405.55,99838.21,1645075841,MIN/ADA_0.3,-0.003288000000000013,-18968.170000000042,-6826.889999999999,895.0
0.0,1005091722561.0,67882.04,30863.16,1645075841,HOSKY/ADA_0.3,0.0,-10000296422.0,670.7399999999907,895.0
0.006216,9018053.0,56063.42,5531.55,1645075841,FLICK/ADA_0.3,0.0,-398.0,2.4799999999959255,895.0
0.089843,530457.0,47657.92,5241.97,1645075841,cNETA/ADA_0.3,-0.0001689999999999886,500.0,-44.830000000001746,895.0
0.011518,3480343.0,40086.79,9203.93,1645075841,CNFT/ADA_0.3,0.0,0.0,0.0,895.0
0.002787,12620395.2,35178.22,7665.15,1645075841,DRIP/ADA_1.0,1.4999999999999823e-05,-30601.210000000894,97.26000000000204,895.0
0.112338,293966.39,33023.75,6512.0,1645075841,REVU/ADA_0.3,0.0,0.0,0.0,895.0
0.005337,5657663.0,30199.17,313.23,1645075841,BDOGE/ADA_1.0,0.0,0.0,0.0,895.0
39.513087,742.0,29318.71,0.0,1645075841,unsi…en/ADA_1.0,0.0,0.0,0.0,895.0
0.017394,1663278.0,28932.54,2973.36,1645075841,QUID/ADA_0.3,0.0,6.0,0.11000000000058208,895.0
0.00085,33503680.34,28508.89,0.0,1645075841,MONET/ADA_0.3,0.0,0.0,0.0,895.0
0.131209,217184.32,28496.68,0.0,1645075841,MELD/ADA_1.0,0.0,0.0,0.0,895.0
0.000729,28266486.0,20617.5,0.0,1645075841,RAG/ADA_1.0,0.0,0.0,0.0,895.0
0.0,295857937700.0,19820.37,3946.85,1645075841,HOSKY/ADA_0.05,0.0,0.0,0.0,895.0
26.519904,740.0,19624.72,3511.97,1645075841,XDIA…ND/ADA_1.0,0.0,0.0,0.0,895.0
0.108286,179538.0,19441.52,1435.32,1645075841,MINt/ADA_0.05,0.0,0.0,0.0,895.0
0.331494,57533.41,19072.02,1468.14,1645075841,MIN/ADA_0.05,0.0,0.0,0.0,895.0
0.154061,115252.0,17755.88,708.89,1645075841,SKULL/ADA_1.0,0.0,0.0,0.0,895.0
0.456311,38817.0,17712.63,1281.4,1645075841,CDX/ADA_1.0,0.0,0.0,0.0,895.0
0.014179,1226419.0,17389.44,4789.98,1645075841,GOKEY/ADA_0.3,0.0,0.0,0.0,895.0
0.032805,475012.0,15582.92,0.0,1645075841,cMETA/ADA_0.3,0.0,0.0,0.0,895.0
0.408666,36984.71,15114.41,3446.53,1645075841,CARGO/ADA_0.3,0.0,0.0,0.0,895.0
0.000473,31034374.0,14703.2,1085.35,1645075841,KIDZ/ADA_0.3,0.0,0.0,0.0,895.0
2.413538,6053.7,14610.84,0.0,1645075841,DANA/ADA_0.3,0.0,0.0,0.0,895.0
0.0,15758017766.0,12892.35,2224.29,1645075841,MEOW/ADA_0.3,0.0,0.0,0.0,895.0
0.812385,13838.28,11242.01,0.0,1645075841,WMT/ADA_1.0,0.0,0.0,0.0,895.0
0.109,97894.0,10670.52,0.0,1645075841,Card…rm/ADA_0.3,0.0,0.0,0.0,895.0
0.049278,195917.83,9654.54,342.43,1645075841,cbTHC/ADA_0.3,0.0,0.0,0.0,895.0
0.001185,8012093.0,9502.26,78.22,1645075841,FLANO/ADA_1.0,0.0,0.0,0.0,895.0
105.472872,85.94,9064.54,206.04,1645075841,LQ/ADA_1.0,0.0,0.0,0.0,895.0
0.746806,25657401.31,19161107.67,331852.55,1645076733,SUNDAE/ADA_0.3,0.00046400000000001995,-4910.870000001043,8240.240000002086,891.0
107.889872,155281.72,16753325.55,792673.79,1645076733,LQ/ADA_0.3,-0.0038049999999998363,30.489999999990687,2698.710000000894,891.0
0.877637,14708884.68,12909068.68,1415257.75,1645076733,WMT/ADA_0.3,0.0003769999999999607,-977.8499999996275,4687.089999999851,891.0
0.128732,12008468.0,1545878.93,491217.87,1645076733,MELD/ADA_0.3,5.8000000000002494e-05,-3345.109999999404,268.4099999999162,891.0
0.08603,12234457.0,1052542.1,554374.57,1645076733,PAVIA/ADA_0.3,-4.300000000000137e-05,5781.0,-18.049999999813735,891.0
0.148014,6526525.0,966022.98,91779.33,1645076733,XRAY/ADA_0.3,-0.009004999999999985,190185.0,-28908.160000000033,891.0
0.368095,2432167.0,895268.51,43224.17,1645076733,ADAX/ADA_0.3,0.0,0.0,0.0,891.0
2.162256,402017.56,869265.09,621231.45,1645076733,AADA/ADA_0.3,0.02870700000000026,-2691.4400000000023,5798.199999999953,891.0
1.710277,321177.6,549302.96,67107.27,1645076733,VYFI/ADA_0.3,0.000124000000000013,-11.660000000032596,20.0,891.0
6.826413,50591.0,345355.07,117579.76,1645076733,MILK/ADA_0.3,0.2470629999999998,-937.0,6334.299999999988,891.0
0.747421,25707652.79,19214444.34,303977.0,1645077640,SUNDAE/ADA_0.3,0.0006150000000000322,50251.48000000045,53336.66999999806,906.0
108.533849,154822.47,16803479.55,835889.32,1645077640,LQ/ADA_0.3,0.6439770000000067,-459.25,50154.0,906.0
0.878046,14707172.05,12913573.96,1357229.89,1645077640,WMT/ADA_0.3,0.0004089999999999927,-1712.629999998957,4505.280000001192,906.0
0.129268,11983812.65,1549130.04,486023.08,1645077640,MELD/ADA_0.3,0.0005359999999999809,-24655.349999999627,3251.1100000001024,906.0
0.08603,12309664.0,1059012.23,532291.35,1645077640,PAVIA/ADA_0.3,0.0,75207.0,6470.129999999888,906.0
0.148333,6519527.0,967063.31,92795.06,1645077640,XRAY/ADA_0.3,0.00031899999999998596,-6998.0,1040.3300000000745,906.0
0.368341,2431355.0,895568.51,43525.07,1645077640,ADAX/ADA_0.3,0.00024599999999996847,-812.0,300.0,906.0
2.172489,401077.5,871336.61,632360.63,1645077640,AADA/ADA_0.3,0.010232999999999937,-940.0599999999977,2071.5200000000186,906.0
1.710277,321177.6,549302.96,66430.47,1645077640,VYFI/ADA_0.3,0.0,0.0,0.0,906.0
6.547055,51661.0,338227.43,117701.87,1645077640,MILK/ADA_0.3,-0.27935799999999933,1070.0,-7127.640000000014,906.0
0.033319,5788778.84,192876.85,15278.43,1645077640,CLAP/ADA_0.3,0.0,0.0,0.0,1798.0
0.097799,1779195.11,174004.93,56212.91,1645077640,MINt/ADA_0.3,-0.009137000000000006,77950.31000000006,-7920.470000000001,1798.0
2.304068,69873.86,160994.2,96901.05,1645077640,DANA/ADA_0.05,-0.002893999999999952,43.91000000000349,-100.89999999999418,1798.0
0.0,6821380111353.0,154775.05,356.71,1645077640,CHRLZ/ADA_0.3,0.0,0.0,0.0,1798.0
0.69329,180864.16,125391.49,354.08,1645077640,SUNDAE/ADA_0.05,0.0,-164.20999999999185,-113.84999999999127,1798.0
0.847085,139170.8,117889.5,2801.4,1645077640,WMT/ADA_0.05,0.0,0.0,0.0,1798.0
0.004976,22555260.0,112247.71,9924.78,1645077640,RAVE/ADA_1.0,0.0,-4328.0,-21.539999999993597,1798.0
3e-05,3466299547.05,106476.94,4008.04,1645077640,ASHIB/ADA_1.0,0.0,-6916.089999675751,-0.20999999999185093,1798.0
0.0,98308422454590.0,94912.99,3183.26,1645077640,BISON/ADA_0.3,0.0,0.0,0.0,1798.0
0.03278,2728471.0,89440.23,3939.32,1645077640,FIRE/ADA_0.3,0.0,0.0,0.0,1798.0
0.302787,272301.45,82449.35,110253.05,1645077640,MIN/ADA_0.3,-0.007197000000000009,3237.6600000000326,-956.1999999999971,1798.0
0.0,1038338008338.0,65715.08,30969.1,1645077640,HOSKY/ADA_0.3,0.0,33246285777.0,-2166.959999999992,1798.0
0.006299,8959104.0,56433.42,5745.89,1645077640,FLICK/ADA_0.3,8.299999999999974e-05,-58949.0,370.0,1798.0
0.089843,530457.0,47657.92,4981.19,1645077640,cNETA/ADA_0.3,0.0,0.0,0.0,1798.0
0.011444,3491543.0,39958.58,8049.24,1645077640,CNFT/ADA_0.3,-7.400000000000115e-05,11200.0,-128.20999999999913,1798.0
0.002783,12628395.2,35156.16,7636.16,1645077640,DRIP/ADA_1.0,-4.000000000000097e-06,8000.0,-22.05999999999767,1798.0
0.112338,293966.39,33023.75,6374.29,1645077640,REVU/ADA_0.3,0.0,0.0,0.0,1798.0
0.005337,5657663.0,30199.17,313.23,1645077640,BDOGE/ADA_1.0,0.0,0.0,0.0,1798.0
39.513087,742.0,29318.71,0.0,1645077640,unsi…en/ADA_1.0,0.0,0.0,0.0,1798.0
0.017394,1663278.0,28932.54,3102.9,1645077640,QUID/ADA_0.3,0.0,0.0,0.0,1798.0
0.00085,33503680.34,28508.89,0.0,1645077640,MONET/ADA_0.3,0.0,0.0,0.0,1798.0
0.131209,217184.32,28496.68,0.0,1645077640,MELD/ADA_1.0,0.0,0.0,0.0,1798.0
0.000729,28266486.0,20617.5,0.0,1645077640,RAG/ADA_1.0,0.0,0.0,0.0,1798.0
0.0,295857937700.0,19820.37,2099.27,1645077640,HOSKY/ADA_0.05,0.0,0.0,0.0,1798.0
26.519904,740.0,19624.72,2972.38,1645077640,XDIA…ND/ADA_1.0,0.0,0.0,0.0,1798.0
0.331494,57533.41,19072.02,1468.14,1645077640,MIN/ADA_0.05,0.0,0.0,0.0,1798.0
0.096065,190618.47,18311.93,2564.9,1645077640,MINt/ADA_0.05,-0.012220999999999996,11080.470000000001,-1129.5900000000001,1798.0
0.154061,115252.0,17755.88,703.84,1645077640,SKULL/ADA_1.0,0.0,0.0,0.0,1798.0
0.456311,38817.0,17712.63,1281.4,1645077640,CDX/ADA_1.0,0.0,0.0,0.0,1798.0
0.014179,1226419.0,17389.44,4789.98,1645077640,GOKEY/ADA_0.3,0.0,0.0,0.0,1798.0
0.032805,475012.0,15582.92,0.0,1645077640,cMETA/ADA_0.3,0.0,0.0,0.0,1798.0
0.410234,36914.09,15143.41,3475.62,1645077640,CARGO/ADA_0.3,0.0015680000000000138,-70.62000000000262,29.0,1798.0
0.000473,31034374.0,14703.2,1085.35,1645077640,KIDZ/ADA_0.3,0.0,0.0,0.0,1798.0
2.413538,6053.7,14610.84,0.0,1645077640,DANA/ADA_0.3,0.0,0.0,0.0,1798.0
0.0,15758017766.0,12892.35,2166.31,1645077640,MEOW/ADA_0.3,0.0,0.0,0.0,1798.0
0.812385,13838.28,11242.01,0.0,1645077640,WMT/ADA_1.0,0.0,0.0,0.0,1798.0
0.109,97894.0,10670.52,0.0,1645077640,Card…rm/ADA_0.3,0.0,0.0,0.0,1798.0
0.049278,195918.03,9654.55,324.05,1645077640,cbTHC/ADA_0.3,0.0,0.20000000001164153,0.00999999999839929,1798.0
0.001185,8012093.0,9502.26,78.22,1645077640,FLANO/ADA_1.0,0.0,0.0,0.0,1798.0
105.472872,85.94,9064.54,206.04,1645077640,LQ/ADA_1.0,0.0,0.0,0.0,1798.0
0.74989,25694437.18,19268017.24,372455.82,1645078541,SUNDAE/ADA_0.3,0.0024689999999999435,-13215.609999999404,53572.89999999851,901.0
108.557407,155272.14,16855941.01,837724.81,1645078541,LQ/ADA_0.3,0.023557999999994195,449.6700000000128,52461.460000000894,901.0
0.879407,14700144.7,12927421.81,1367447.29,1645078541,WMT/ADA_0.3,0.0013610000000000566,-7027.35000000149,13847.849999999627,901.0
0.130634,11927055.98,1558086.78,497871.95,1645078541,MELD/ADA_0.3,0.001366000000000006,-56756.669999999925,8956.73999999999,901.0
0.086028,12311162.0,1059111.23,532706.25,1645078541,PAVIA/ADA_0.3,-2.000000000002e-06,1498.0,99.0,901.0
0.148333,6519527.0,967063.31,92795.06,1645078541,XRAY/ADA_0.3,0.0,0.0,0.0,901.0
0.368341,2431355.0,895568.51,43525.07,1645078541,ADAX/ADA_0.3,0.0,0.0,0.0,901.0
2.157057,402512.16,868241.94,636032.44,1645078541,AADA/ADA_0.3,-0.015432000000000112,1434.6599999999744,-3094.670000000042,901.0
1.714889,320670.91,549915.16,67173.69,1645078541,VYFI/ADA_0.3,0.0046120000000000605,-506.6900000000023,612.2000000000698,901.0
6.547055,51661.0,338227.43,117701.87,1645078541,MILK/ADA_0.3,0.0,0.0,0.0,901.0
0.033319,5788778.84,192876.85,15278.43,1645078541,CLAP/ADA_0.3,0.0,0.0,0.0,901.0
0.09802,1777195.09,174201.93,56605.69,1645078541,MINt/ADA_0.3,0.00022099999999999898,-2000.0200000000186,197.0,901.0
2.210158,71343.29,157679.97,100358.31,1645078541,DANA/ADA_0.05,-0.09391000000000016,1469.429999999993,-3314.2300000000105,901.0
0.0,6821380111353.0,154775.05,356.71,1645078541,CHRLZ/ADA_0.3,0.0,0.0,0.0,901.0
0.69329,180910.06,125423.31,354.08,1645078541,SUNDAE/ADA_0.05,0.0,45.89999999999418,31.819999999992433,901.0
0.847085,139480.46,118151.81,2801.4,1645078541,WMT/ADA_0.05,0.0,309.6600000000035,262.3099999999977,901.0
0.004981,22574126.0,112453.16,9981.34,1645078541,RAVE/ADA_1.0,4.999999999999796e-06,18866.0,205.4499999999971,901.0
3e-05,3466299547.05,106476.94,4008.04,1645078541,ASHIB/ADA_1.0,0.0,0.0,0.0,901.0
0.0,98308422454590.0,94912.99,3183.26,1645078541,BISON/ADA_0.3,0.0,0.0,0.0,901.0
0.03278,2728471.0,89440.23,3939.32,1645078541,FIRE/ADA_0.3,0.0,0.0,0.0,901.0
0.304352,271601.45,82662.49,110539.59,1645078541,MIN/ADA_0.3,0.0015650000000000386,-700.0,213.13999999999942,901.0
0.0,1039338008338.0,65652.04,31032.14,1645078541,HOSKY/ADA_0.3,0.0,1000000000.0,-63.04000000000815,901.0
0.006299,8959104.0,56433.42,5745.89,1645078541,FLICK/ADA_0.3,0.0,0.0,0.0,901.0
0.089843,530457.0,47657.92,4981.19,1645078541,cNETA/ADA_0.3,0.0,0.0,0.0,901.0
0.011444,3491543.0,39958.58,8049.24,1645078541,CNFT/ADA_0.3,0.0,0.0,0.0,901.0
0.002779,12629395.2,35105.78,7662.6,1645078541,DRIP/ADA_1.0,-4.000000000000097e-06,1000.0,-50.38000000000466,901.0
0.112338,293966.39,33023.75,6374.29,1645078541,REVU/ADA_0.3,0.0,0.0,0.0,901.0
0.005337,5657663.0,30199.17,313.23,1645078541,BDOGE/ADA_1.0,0.0,0.0,0.0,901.0
39.513087,742.0,29318.71,0.0,1645078541,unsi…en/ADA_1.0,0.0,0.0,0.0,901.0
0.017239,1670781.0,28803.0,3102.9,1645078541,QUID/ADA_0.3,-0.0001549999999999989,7503.0,-129.54000000000087,901.0
0.00085,33503680.34,28508.89,0.0,1645078541,MONET/ADA_0.3,0.0,0.0,0.0,901.0
0.131209,217184.32,28496.68,0.0,1645078541,MELD/ADA_1.0,0.0,0.0,0.0,901.0
0.000729,28266486.0,20617.5,0.0,1645078541,RAG/ADA_1.0,0.0,0.0,0.0,901.0
0.0,295858557126.0,19820.42,2099.27,1645078541,HOSKY/ADA_0.05,0.0,619426.0,0.049999999999272404,901.0
26.519904,740.0,19624.72,2972.38,1645078541,XDIA…ND/ADA_1.0,0.0,0.0,0.0,901.0
0.331494,57533.41,19072.02,1468.14,1645078541,MIN/ADA_0.05,0.0,0.0,0.0,901.0
0.096065,190618.47,18311.93,2564.9,1645078541,MINt/ADA_0.05,0.0,0.0,0.0,901.0
0.154061,115252.0,17755.88,703.84,1645078541,SKULL/ADA_1.0,0.0,0.0,0.0,901.0
0.456311,38817.0,17712.63,1281.4,1645078541,CDX/ADA_1.0,0.0,0.0,0.0,901.0
0.014179,1226419.0,17389.44,4789.98,1645078541,GOKEY/ADA_0.3,0.0,0.0,0.0,901.0
0.032805,475012.0,15582.92,0.0,1645078541,cMETA/ADA_0.3,0.0,0.0,0.0,901.0
0.410234,36914.09,15143.41,3475.62,1645078541,CARGO/ADA_0.3,0.0,0.0,0.0,901.0
0.000473,31034374.0,14703.2,1085.35,1645078541,KIDZ/ADA_0.3,0.0,0.0,0.0,901.0
2.413538,6053.7,14610.84,0.0,1645078541,DANA/ADA_0.3,0.0,0.0,0.0,901.0
0.0,15758017766.0,12892.35,2166.31,1645078541,MEOW/ADA_0.3,0.0,0.0,0.0,901.0
0.812385,13838.28,11242.01,0.0,1645078541,WMT/ADA_1.0,0.0,0.0,0.0,901.0
0.109,97894.0,10670.52,0.0,1645078541,Card…rm/ADA_0.3,0.0,0.0,0.0,901.0
0.049278,195918.03,9654.55,324.05,1645078541,cbTHC/ADA_0.3,0.0,0.0,0.0,901.0
0.001185,8012093.0,9502.26,78.22,1645078541,FLANO/ADA_1.0,0.0,0.0,0.0,901.0
105.472872,85.94,9064.54,206.04,1645078541,LQ/ADA_1.0,0.0,0.0,0.0,901.0
0.748222,25739763.04,19259066.48,415037.87,1645079440,SUNDAE/ADA_0.3,-0.0016679999999998918,45325.859999999404,-8950.759999997914,898.0
108.562522,155279.9,16857578.01,838123.77,1645079440,LQ/ADA_0.3,0.005115000000003533,7.759999999980209,1637.0,898.0
0.879828,14886019.89,13097141.26,1373927.32,1645079440,WMT/ADA_0.3,0.0004210000000000047,185875.19000000134,169719.44999999925,898.0
0.130641,11962662.89,1562818.4,498049.85,1645079440,MELD/ADA_0.3,7.000000000007001e-06,35606.91000000015,4731.619999999879,898.0
0.08597,12315136.0,1058737.78,533349.14,1645079440,PAVIA/ADA_0.3,-5.7999999999988616e-05,3974.0,-373.44999999995343,898.0
0.148378,6518528.0,967212.11,92944.31,1645079440,XRAY/ADA_0.3,4.500000000001725e-05,-999.0,148.79999999993015,898.0
0.368341,2431355.0,895568.51,43525.07,1645079440,ADAX/ADA_0.3,0.0,0.0,0.0,898.0
2.157057,403585.32,870556.8,636032.44,1645079440,AADA/ADA_0.3,0.0,1073.1600000000326,2314.8600000001024,898.0
1.710496,321083.05,549211.51,67913.39,1645079440,VYFI/ADA_0.3,-0.004393000000000091,412.14000000001397,-703.6500000000233,898.0
6.547055,51661.0,338227.43,117701.87,1645079440,MILK/ADA_0.3,0.0,0.0,0.0,898.0
0.033331,5787731.73,192911.85,15313.54,1645079440,CLAP/ADA_0.3,1.1999999999998123e-05,-1047.109999999404,35.0,898.0
0.10028,1757082.67,176201.93,58611.69,1645079440,MINt/ADA_0.3,0.002259999999999998,-20112.42000000016,2000.0,898.0
2.241474,70843.29,158793.41,101472.31,1645079440,DANA/ADA_0.05,0.031316000000000344,-500.0,1113.4400000000023,898.0
0.0,6821380111353.0,154775.05,356.71,1645079440,CHRLZ/ADA_0.3,0.0,0.0,0.0,898.0
0.69329,180910.06,125423.31,354.08,1645079440,SUNDAE/ADA_0.05,0.0,0.0,0.0,898.0
0.867273,137847.89,119551.81,4202.1,1645079440,WMT/ADA_0.05,0.020187999999999984,-1632.5699999999779,1400.0,898.0
0.004968,22607728.0,112325.3,10329.55,1645079440,RAVE/ADA_1.0,-1.299999999999999e-05,33602.0,-127.86000000000058,898.0
3e-05,3466949547.05,106457.18,4027.8,1645079440,ASHIB/ADA_1.0,0.0,650000.0,-19.760000000009313,898.0
0.0,98308422454590.0,94912.99,3183.26,1645079440,BISON/ADA_0.3,0.0,0.0,0.0,898.0
0.033516,2698392.0,90440.23,4942.32,1645079440,FIRE/ADA_0.3,0.0007360000000000005,-30079.0,1000.0,898.0
0.303815,271841.45,82589.73,110539.59,1645079440,MIN/ADA_0.3,-0.0005370000000000097,240.0,-72.76000000000931,898.0
0.0,1039262703518.0,65656.81,31036.93,1645079440,HOSKY/ADA_0.3,0.0,-75304820.0,4.7700000000040745,898.0
0.006299,8959104.0,56433.42,5745.89,1645079440,FLICK/ADA_0.3,0.0,0.0,0.0,898.0
0.089843,530457.0,47657.92,4981.19,1645079440,cNETA/ADA_0.3,0.0,0.0,0.0,898.0
0.011906,3423214.0,40758.58,8851.64,1645079440,CNFT/ADA_0.3,0.0004620000000000006,-68329.0,800.0,898.0
0.002715,12779395.2,34697.79,8070.58,1645079440,DRIP/ADA_1.0,-6.399999999999982e-05,150000.0,-407.98999999999796,898.0
0.112338,293966.39,33023.75,6374.29,1645079440,REVU/ADA_0.3,0.0,0.0,0.0,898.0
0.005337,5657663.0,30199.17,313.23,1645079440,BDOGE/ADA_1.0,0.0,0.0,0.0,898.0
39.513087,742.0,29318.71,0.0,1645079440,unsi…en/ADA_1.0,0.0,0.0,0.0,898.0
0.017239,1670781.0,28803.0,3102.9,1645079440,QUID/ADA_0.3,0.0,0.0,0.0,898.0
0.00085,33503680.34,28508.89,0.0,1645079440,MONET/ADA_0.3,0.0,0.0,0.0,898.0
0.131209,217184.32,28496.68,0.0,1645079440,MELD/ADA_1.0,0.0,0.0,0.0,898.0
0.000729,28266486.0,20617.5,0.0,1645079440,RAG/ADA_1.0,0.0,0.0,0.0,898.0
0.0,295858557126.0,19820.42,2099.27,1645079440,HOSKY/ADA_0.05,0.0,0.0,0.0,898.0
26.519904,740.0,19624.72,2972.38,1645079440,XDIA…ND/ADA_1.0,0.0,0.0,0.0,898.0
0.331494,57533.41,19072.02,1468.14,1645079440,MIN/ADA_0.05,0.0,0.0,0.0,898.0
0.096065,190618.47,18311.93,2564.9,1645079440,MINt/ADA_0.05,0.0,0.0,0.0,898.0
0.154061,115252.0,17755.88,703.84,1645079440,SKULL/ADA_1.0,0.0,0.0,0.0,898.0
0.456311,38817.0,17712.63,1281.4,1645079440,CDX/ADA_1.0,0.0,0.0,0.0,898.0
0.014179,1226419.0,17389.44,4789.98,1645079440,GOKEY/ADA_0.3,0.0,0.0,0.0,898.0
0.032805,475012.0,15582.92,0.0,1645079440,cMETA/ADA_0.3,0.0,0.0,0.0,898.0
0.410234,36914.09,15143.41,3475.62,1645079440,CARGO/ADA_0.3,0.0,0.0,0.0,898.0
0.000473,31034374.0,14703.2,1085.35,1645079440,KIDZ/ADA_0.3,0.0,0.0,0.0,898.0
2.413538,6053.7,14610.84,0.0,1645079440,DANA/ADA_0.3,0.0,0.0,0.0,898.0
0.0,15758017766.0,12892.35,2166.31,1645079440,MEOW/ADA_0.3,0.0,0.0,0.0,898.0
0.812385,13838.28,11242.01,0.0,1645079440,WMT/ADA_1.0,0.0,0.0,0.0,898.0
0.109,97894.0,10670.52,0.0,1645079440,Card…rm/ADA_0.3,0.0,0.0,0.0,898.0
0.049278,195918.03,9654.55,324.05,1645079440,cbTHC/ADA_0.3,0.0,0.0,0.0,898.0
0.001185,8012093.0,9502.26,78.22,1645079440,FLANO/ADA_1.0,0.0,0.0,0.0,898.0
105.472872,85.94,9064.54,206.04,1645079440,LQ/ADA_1.0,0.0,0.0,0.0,898.0
0.748267,25756684.28,19272894.24,425001.07,1645080339,SUNDAE/ADA_0.3,4.499999999996174e-05,16921.240000002086,13827.759999997914,899.0
108.562522,155281.3,16857730.0,838123.77,1645080339,LQ/ADA_0.3,0.0,1.3999999999941792,151.98999999836087,899.0
0.881442,14872859.09,13109575.12,1385993.44,1645080339,WMT/ADA_0.3,0.0016139999999998933,-13160.800000000745,12433.859999999404,899.0
0.130229,11977802.56,1559862.29,501297.59,1645080339,MELD/ADA_0.3,-0.0004119999999999957,15139.669999999925,-2956.1099999998696,899.0
0.08664,12267486.0,1062862.78,537200.66,1645080339,PAVIA/ADA_0.3,0.00066999999999999,-47650.0,4125.0,899.0
0.148378,6513021.0,966394.88,92944.31,1645080339,XRAY/ADA_0.3,0.0,-5507.0,-817.2299999999814,899.0
0.368505,2428626.0,894961.88,43725.67,1645080339,ADAX/ADA_0.3,0.000164000000000053,-2729.0,-606.6300000000047,899.0
2.156118,403742.86,870517.53,636221.65,1645080339,AADA/ADA_0.3,-0.0009389999999998011,157.53999999997905,-39.27000000001863,899.0
1.716721,320967.89,551012.63,68916.39,1645080339,VYFI/ADA_0.3,0.006224999999999925,-115.15999999997439,1801.1199999999953,899.0
6.546959,51662.0,338229.04,118356.58,1645080339,MILK/ADA_0.3,-9.600000000009601e-05,1.0,1.6099999999860302,899.0
0.033331,5787731.73,192911.85,15313.54,1645080339,CLAP/ADA_0.3,0.0,0.0,0.0,899.0
0.10028,1757082.67,176201.93,58611.69,1645080339,MINt/ADA_0.3,0.0,0.0,0.0,899.0
2.241474,70843.29,158793.41,101472.31,1645080339,DANA/ADA_0.05,0.0,0.0,0.0,899.0
0.0,6821380111353.0,154775.05,356.71,1645080339,CHRLZ/ADA_0.3,0.0,0.0,0.0,899.0
0.69329,180910.06,125423.31,354.08,1645080339,SUNDAE/ADA_0.05,0.0,0.0,0.0,899.0
0.867273,137847.89,119551.81,4202.1,1645080339,WMT/ADA_0.05,0.0,0.0,0.0,899.0
0.004968,22607728.0,112325.3,10329.55,1645080339,RAVE/ADA_1.0,0.0,0.0,0.0,899.0
3e-05,3466949547.05,106457.18,4027.8,1645080339,ASHIB/ADA_1.0,0.0,0.0,0.0,899.0
0.0,98308422454590.0,94912.99,3183.26,1645080339,BISON/ADA_0.3,0.0,0.0,0.0,899.0
0.033516,2698392.0,90440.23,4942.32,1645080339,FIRE/ADA_0.3,0.0,0.0,0.0,899.0
0.304938,271341.44,82742.38,110692.69,1645080339,MIN/ADA_0.3,0.0011229999999999851,-500.0100000000093,152.65000000000873,899.0
0.0,1039262703518.0,65656.81,31036.93,1645080339,HOSKY/ADA_0.3,0.0,0.0,0.0,899.0
0.006299,8959104.0,56433.42,5745.89,1645080339,FLICK/ADA_0.3,0.0,0.0,0.0,899.0
0.089843,530457.0,47657.92,4981.19,1645080339,cNETA/ADA_0.3,0.0,0.0,0.0,899.0
0.011906,3423214.0,40758.58,8851.64,1645080339,CNFT/ADA_0.3,0.0,0.0,0.0,899.0
0.00271,12790395.2,34668.25,8100.13,1645080339,DRIP/ADA_1.0,-4.999999999999796e-06,11000.0,-29.540000000000873,899.0
0.112338,293966.39,33023.75,6374.29,1645080339,REVU/ADA_0.3,0.0,0.0,0.0,899.0
0.005337,5657663.0,30199.17,313.23,1645080339,BDOGE/ADA_1.0,0.0,0.0,0.0,899.0
39.513087,742.0,29318.71,0.0,1645080339,unsi…en/ADA_1.0,0.0,0.0,0.0,899.0
0.017239,1670781.0,28803.0,3102.9,1645080339,QUID/ADA_0.3,0.0,0.0,0.0,899.0
0.00085,33503680.34,28508.89,0.0,1645080339,MONET/ADA_0.3,0.0,0.0,0.0,899.0
0.131209,217184.32,28496.68,0.0,1645080339,MELD/ADA_1.0,0.0,0.0,0.0,899.0
0.000729,28266486.0,20617.5,0.0,1645080339,RAG/ADA_1.0,0.0,0.0,0.0,899.0
0.0,295858557126.0,19820.42,2099.27,1645080339,HOSKY/ADA_0.05,0.0,0.0,0.0,899.0
26.519904,740.0,19624.72,2972.38,1645080339,XDIA…ND/ADA_1.0,0.0,0.0,0.0,899.0
0.331494,57533.41,19072.02,1468.14,1645080339,MIN/ADA_0.05,0.0,0.0,0.0,899.0
0.096065,190618.47,18311.93,2564.9,1645080339,MINt/ADA_0.05,0.0,0.0,0.0,899.0
0.154061,115252.0,17755.88,703.84,1645080339,SKULL/ADA_1.0,0.0,0.0,0.0,899.0
0.456311,38817.0,17712.63,1281.4,1645080339,CDX/ADA_1.0,0.0,0.0,0.0,899.0
0.014179,1226419.0,17389.44,4789.98,1645080339,GOKEY/ADA_0.3,0.0,0.0,0.0,899.0
0.032805,475012.0,15582.92,0.0,1645080339,cMETA/ADA_0.3,0.0,0.0,0.0,899.0
0.414029,36744.75,15213.41,3545.83,1645080339,CARGO/ADA_0.3,0.003794999999999993,-169.3399999999965,70.0,899.0
0.000473,31034374.0,14703.2,1085.35,1645080339,KIDZ/ADA_0.3,0.0,0.0,0.0,899.0
2.413538,6053.7,14610.84,0.0,1645080339,DANA/ADA_0.3,0.0,0.0,0.0,899.0
0.0,15758017766.0,12892.35,2166.31,1645080339,MEOW/ADA_0.3,0.0,0.0,0.0,899.0
0.812385,13838.28,11242.01,0.0,1645080339,WMT/ADA_1.0,0.0,0.0,0.0,899.0
0.109,97894.0,10670.52,0.0,1645080339,Card…rm/ADA_0.3,0.0,0.0,0.0,899.0
0.049278,195918.03,9654.55,324.05,1645080339,cbTHC/ADA_0.3,0.0,0.0,0.0,899.0
0.001185,8012093.0,9502.26,78.22,1645080339,FLANO/ADA_1.0,0.0,0.0,0.0,899.0
105.472872,85.94,9064.54,206.04,1645080339,LQ/ADA_1.0,0.0,0.0,0.0,899.0
0.750479,25731804.37,19311195.08,452234.15,1645081240,SUNDAE/ADA_0.3,0.0022119999999999918,-24879.91000000015,38300.83999999985,900.0
108.562522,155290.51,16858730.37,838123.77,1645081240,LQ/ADA_0.3,0.0,9.210000000020955,1000.3700000010431,900.0
0.882047,14875307.37,13120725.99,1396952.93,1645081240,WMT/ADA_0.3,0.0006050000000000777,2448.2799999993294,11150.870000001043,900.0
0.129888,11993626.98,1557829.25,509663.32,1645081240,MELD/ADA_0.3,-0.00034100000000000796,15824.419999999925,-2033.0400000000373,900.0
0.086626,12268508.0,1062775.03,537621.0,1645081240,PAVIA/ADA_0.3,-1.4000000000000123e-05,1022.0,-87.75,900.0
0.148378,6513021.0,966394.88,92944.31,1645081240,XRAY/ADA_0.3,0.0,0.0,0.0,900.0
0.368546,2428491.0,895011.88,43775.82,1645081240,ADAX/ADA_0.3,4.099999999995774e-05,-135.0,50.0,900.0
2.159734,403405.54,871249.04,637425.6,1645081240,AADA/ADA_0.3,0.0036159999999996195,-337.320000000007,731.5100000000093,900.0
1.721017,320567.66,551702.63,69608.46,1645081240,VYFI/ADA_0.3,0.0042960000000000775,-400.2300000000396,690.0,900.0
6.422234,52462.0,336923.24,121589.05,1645081240,MILK/ADA_0.3,-0.12472499999999975,800.0,-1305.7999999999884,900.0
0.033331,5787731.73,192911.85,15279.41,1645081240,CLAP/ADA_0.3,0.0,0.0,0.0,900.0
0.101433,1747082.5,177213.53,58823.93,1645081240,MINt/ADA_0.3,0.0011530000000000012,-10000.169999999925,1011.6000000000058,900.0
2.249949,70709.77,159093.41,86463.92,1645081240,DANA/ADA_0.05,0.008474999999999788,-133.51999999998952,300.0,900.0
0.0,6821380111353.0,154775.05,356.71,1645081240,CHRLZ/ADA_0.3,0.0,0.0,0.0,900.0
0.69329,180910.06,125423.31,354.08,1645081240,SUNDAE/ADA_0.05,0.0,0.0,0.0,900.0
0.867273,137847.89,119551.81,4202.1,1645081240,WMT/ADA_0.05,0.0,0.0,0.0,900.0
0.004968,22607728.0,112325.3,7106.11,1645081240,RAVE/ADA_1.0,0.0,0.0,0.0,900.0
3e-05,3466949547.05,106457.18,4002.55,1645081240,ASHIB/ADA_1.0,0.0,0.0,0.0,900.0
0.0,98308422454590.0,94912.99,3151.17,1645081240,BISON/ADA_0.3,0.0,0.0,0.0,900.0
0.033516,2698392.0,90440.23,4872.11,1645081240,FIRE/ADA_0.3,0.0,0.0,0.0,900.0
0.305085,271341.44,82782.32,107710.84,1645081240,MIN/ADA_0.3,0.00014700000000000824,0.0,39.94000000000233,900.0
0.0,1039262703518.0,65656.81,27188.21,1645081240,HOSKY/ADA_0.3,0.0,0.0,0.0,900.0
0.006299,8959104.0,56433.42,5542.77,1645081240,FLICK/ADA_0.3,0.0,0.0,0.0,900.0
0.09025,529260.0,47766.18,5044.64,1645081240,cNETA/ADA_0.3,0.0004069999999999907,-1197.0,108.26000000000204,900.0
0.011906,3423214.0,40758.58,8532.63,1645081240,CNFT/ADA_0.3,0.0,0.0,0.0,900.0
0.002708,12795395.2,34654.84,8063.24,1645081240,DRIP/ADA_1.0,-2.0000000000002655e-06,5000.0,-13.410000000003492,900.0
0.112338,293966.39,33023.75,6374.29,1645081240,REVU/ADA_0.3,0.0,0.0,0.0,900.0
0.005337,5657663.0,30199.17,264.78,1645081240,BDOGE/ADA_1.0,0.0,0.0,0.0,900.0
39.513087,742.0,29318.71,4940.74,1645081240,unsi…en/ADA_1.0,0.0,0.0,0.0,900.0
0.017239,1670781.0,28803.0,3102.9,1645081240,QUID/ADA_0.3,0.0,0.0,0.0,900.0
0.00085,33503680.34,28508.89,0.0,1645081240,MONET/ADA_0.3,0.0,0.0,0.0,900.0
0.131209,217184.32,28496.68,0.0,1645081240,MELD/ADA_1.0,0.0,0.0,0.0,900.0
0.000729,28266486.0,20617.5,0.0,1645081240,RAG/ADA_1.0,0.0,0.0,0.0,900.0
0.0,295858557126.0,19820.42,1355.23,1645081240,HOSKY/ADA_0.05,0.0,0.0,0.0,900.0
26.519904,740.0,19624.72,1788.66,1645081240,XDIA…ND/ADA_1.0,0.0,0.0,0.0,900.0
0.331494,57533.41,19072.02,1468.14,1645081240,MIN/ADA_0.05,0.0,0.0,0.0,900.0
0.096065,190618.47,18311.93,2564.9,1645081240,MINt/ADA_0.05,0.0,0.0,0.0,900.0
0.154061,115252.0,17755.88,703.84,1645081240,SKULL/ADA_1.0,0.0,0.0,0.0,900.0
0.456311,38817.0,17712.63,1281.4,1645081240,CDX/ADA_1.0,0.0,0.0,0.0,900.0
0.014179,1226419.0,17389.44,4789.98,1645081240,GOKEY/ADA_0.3,0.0,0.0,0.0,900.0
0.032805,475012.0,15582.92,0.0,1645081240,cMETA/ADA_0.3,0.0,0.0,0.0,900.0
0.417842,36576.96,15283.41,3601.0,1645081240,CARGO/ADA_0.3,0.003813000000000011,-167.79000000000087,70.0,900.0
0.000473,31034374.0,14703.2,1085.35,1645081240,KIDZ/ADA_0.3,0.0,0.0,0.0,900.0
2.413538,6053.7,14610.84,0.0,1645081240,DANA/ADA_0.3,0.0,0.0,0.0,900.0
0.0,15758017766.0,12892.35,2166.31,1645081240,MEOW/ADA_0.3,0.0,0.0,0.0,900.0
0.812385,13838.28,11242.01,0.0,1645081240,WMT/ADA_1.0,0.0,0.0,0.0,900.0
0.109,97894.0,10670.52,0.0,1645081240,Card…rm/ADA_0.3,0.0,0.0,0.0,900.0
0.049278,195918.03,9654.55,324.05,1645081240,cbTHC/ADA_0.3,0.0,0.0,0.0,900.0
0.001185,8012093.0,9502.26,36.81,1645081240,FLANO/ADA_1.0,0.0,0.0,0.0,900.0
105.472872,85.94,9064.54,206.04,1645081240,LQ/ADA_1.0,0.0,0.0,0.0,900.0
0.752881,25699129.02,19348409.84,411689.75,1645082139,SUNDAE/ADA_0.3,0.0024020000000000152,-32675.35000000149,37214.76000000164,899.0
108.555542,155299.49,16858621.44,807158.91,1645082139,LQ/ADA_0.3,-0.006979999999998654,8.979999999981374,-108.92999999970198,899.0
0.882223,14873828.76,13122034.69,1374141.72,1645082139,WMT/ADA_0.3,0.00017599999999995397,-1478.609999999404,1308.699999999255,899.0
0.129899,11993793.48,1557989.67,450476.02,1645082139,MELD/ADA_0.3,1.0999999999983245e-05,166.5,160.4199999999255,899.0
0.085338,12361110.0,1054883.62,458643.79,1645082139,PAVIA/ADA_0.3,-0.0012879999999999975,92602.0,-7891.409999999916,899.0
0.148378,6513021.0,966394.88,92677.17,1645082139,XRAY/ADA_0.3,0.0,0.0,0.0,899.0
0.368546,2428491.0,895011.88,34406.35,1645082139,ADAX/ADA_0.3,0.0,0.0,0.0,899.0
2.153558,403840.05,869693.24,625559.41,1645082139,AADA/ADA_0.3,-0.006175999999999959,434.5100000000093,-1555.8000000000466,899.0
1.733482,319414.78,553699.92,71528.77,1645082139,VYFI/ADA_0.3,0.012464999999999948,-1152.8799999999464,1997.2900000000373,899.0
6.446664,52363.0,337566.69,121059.7,1645082139,MILK/ADA_0.3,0.02442999999999973,-99.0,643.4500000000116,899.0
0.033331,5787731.73,192911.85,15279.41,1645082139,CLAP/ADA_0.3,0.0,0.0,0.0,899.0
0.101724,1744589.48,177467.53,59078.69,1645082139,MINt/ADA_0.3,0.0002909999999999996,-2493.0200000000186,254.0,899.0
2.264819,70477.31,159618.41,86989.18,1645082139,DANA/ADA_0.05,0.01487000000000016,-232.4600000000064,525.0,899.0
0.0,6821336170991.0,154776.05,357.71,1645082139,CHRLZ/ADA_0.3,0.0,-43940362.0,1.0,899.0
0.69329,181057.64,125525.63,354.08,1645082139,SUNDAE/ADA_0.05,0.0,147.5800000000163,102.32000000000698,899.0
0.867273,138074.35,119748.21,4202.1,1645082139,WMT/ADA_0.05,0.0,226.45999999999185,196.40000000000873,899.0
0.004968,22607728.0,112325.3,7106.11,1645082139,RAVE/ADA_1.0,0.0,0.0,0.0,899.0
3e-05,3466949547.05,106457.18,4002.55,1645082139,ASHIB/ADA_1.0,0.0,0.0,0.0,899.0
0.0,98308422454590.0,94912.99,3151.17,1645082139,BISON/ADA_0.3,0.0,0.0,0.0,899.0
0.033516,2698392.0,90440.23,4872.11,1645082139,FIRE/ADA_0.3,0.0,0.0,0.0,899.0
0.305085,271341.44,82782.32,107710.84,1645082139,MIN/ADA_0.3,0.0,0.0,0.0,899.0
0.0,1039262703518.0,65656.81,27188.21,1645082139,HOSKY/ADA_0.3,0.0,0.0,0.0,899.0
0.006299,8959104.0,56433.42,5542.77,1645082139,FLICK/ADA_0.3,0.0,0.0,0.0,899.0
0.09025,529260.0,47766.18,5044.64,1645082139,cNETA/ADA_0.3,0.0,0.0,0.0,899.0
0.011913,3422214.0,40770.54,8544.62,1645082139,CNFT/ADA_0.3,7.000000000000062e-06,-1000.0,11.959999999999127,899.0
0.002707,12798395.2,34646.8,8071.29,1645082139,DRIP/ADA_1.0,-9.99999999999699e-07,3000.0,-8.039999999993597,899.0
0.107895,299966.39,32365.14,7032.9,1645082139,REVU/ADA_0.3,-0.004442999999999989,6000.0,-658.6100000000006,899.0
42.112254,719.0,30278.71,4940.74,1645082139,unsi…en/ADA_1.0,2.5991670000000013,-23.0,960.0,899.0
0.005337,5657663.0,30199.17,264.78,1645082139,BDOGE/ADA_1.0,0.0,0.0,0.0,899.0
0.017239,1670781.0,28803.0,3102.9,1645082139,QUID/ADA_0.3,0.0,0.0,0.0,899.0
0.00085,33503680.34,28508.89,0.0,1645082139,MONET/ADA_0.3,0.0,0.0,0.0,899.0
0.131209,217184.32,28496.68,0.0,1645082139,MELD/ADA_1.0,0.0,0.0,0.0,899.0
0.000729,28266486.0,20617.5,0.0,1645082139,RAG/ADA_1.0,0.0,0.0,0.0,899.0
0.0,295858557126.0,19820.42,1355.23,1645082139,HOSKY/ADA_0.05,0.0,0.0,0.0,899.0
26.519904,740.0,19624.72,1788.66,1645082139,XDIA…ND/ADA_1.0,0.0,0.0,0.0,899.0
0.331494,57533.41,19072.02,1468.14,1645082139,MIN/ADA_0.05,0.0,0.0,0.0,899.0
0.096065,190618.47,18311.93,2564.9,1645082139,MINt/ADA_0.05,0.0,0.0,0.0,899.0
0.154061,115252.0,17755.88,703.84,1645082139,SKULL/ADA_1.0,0.0,0.0,0.0,899.0
0.456311,38817.0,17712.63,1281.4,1645082139,CDX/ADA_1.0,0.0,0.0,0.0,899.0
0.014179,1226419.0,17389.44,4789.98,1645082139,GOKEY/ADA_0.3,0.0,0.0,0.0,899.0
0.032805,475012.0,15582.92,0.0,1645082139,cMETA/ADA_0.3,0.0,0.0,0.0,899.0
0.000513,29821150.0,15303.2,1687.15,1645082139,KIDZ/ADA_0.3,3.9999999999999996e-05,-1213224.0,600.0,899.0
0.417842,36576.96,15283.41,3601.0,1645082139,CARGO/ADA_0.3,0.0,0.0,0.0,899.0
2.413538,6053.7,14610.84,0.0,1645082139,DANA/ADA_0.3,0.0,0.0,0.0,899.0
0.0,15758017766.0,12892.35,2166.31,1645082139,MEOW/ADA_0.3,0.0,0.0,0.0,899.0
0.812385,13838.28,11242.01,0.0,1645082139,WMT/ADA_1.0,0.0,0.0,0.0,899.0
0.109,97894.0,10670.52,0.0,1645082139,Card…rm/ADA_0.3,0.0,0.0,0.0,899.0
0.049278,195918.83,9654.51,324.09,1645082139,cbTHC/ADA_0.3,0.0,0.7999999999883585,-0.039999999999054126,899.0
0.001185,8012093.0,9502.26,36.81,1645082139,FLANO/ADA_1.0,0.0,0.0,0.0,899.0
105.472872,85.94,9064.54,206.04,1645082139,LQ/ADA_1.0,0.0,0.0,0.0,899.0
0.75449,25683542.63,19377983.19,432526.23,1645083041,SUNDAE/ADA_0.3,0.0016089999999999716,-15586.390000000596,29573.35000000149,902.0
108.567043,155314.74,16862062.54,813071.02,1645083041,LQ/ADA_0.3,0.011500999999995543,15.25,3441.099999997765,902.0
0.883095,14866819.23,13128828.09,1380661.22,1645083041,WMT/ADA_0.3,0.0008719999999999839,-7009.529999999329,6793.4000000003725,902.0
0.129672,12004302.03,1556630.2,451678.71,1645083041,MELD/ADA_0.3,-0.00022699999999997722,10508.549999998882,-1359.469999999972,902.0
0.085974,12313334.0,1058638.72,462584.94,1645083041,PAVIA/ADA_0.3,0.0006359999999999977,-47776.0,3755.0999999998603,902.0
0.148378,6513021.0,966394.88,92677.17,1645083041,XRAY/ADA_0.3,0.0,0.0,0.0,902.0
0.371017,2420403.0,898011.88,37415.35,1645083041,ADAX/ADA_0.3,0.002471000000000001,-8088.0,3000.0,902.0
2.149551,404218.97,868889.43,629373.21,1645083041,AADA/ADA_0.3,-0.00400699999999965,378.9199999999837,-803.8099999999395,902.0
1.733482,319414.78,553699.92,71528.77,1645083041,VYFI/ADA_0.3,0.0,0.0,0.0,902.0
6.451611,52343.0,337696.69,121190.09,1645083041,MILK/ADA_0.3,0.004946999999999591,-20.0,130.0,902.0
0.033331,5787731.73,192911.85,15279.41,1645083041,CLAP/ADA_0.3,0.0,0.0,0.0,902.0
0.101724,1744589.48,177467.53,59078.69,1645083041,MINt/ADA_0.3,0.0,0.0,0.0,902.0
2.259464,70560.83,159429.68,87403.87,1645083041,DANA/ADA_0.05,-0.005355000000000221,83.52000000000407,-188.73000000001048,902.0
0.0,6821336170991.0,154776.05,357.71,1645083041,CHRLZ/ADA_0.3,0.0,0.0,0.0,902.0
0.69329,180631.08,125229.9,354.08,1645083041,SUNDAE/ADA_0.05,0.0,-426.5600000000268,-295.7300000000105,902.0
0.867273,137847.89,119551.81,4202.1,1645083041,WMT/ADA_0.05,0.0,-226.45999999999185,-196.40000000000873,902.0
0.004968,22607728.0,112325.3,7106.11,1645083041,RAVE/ADA_1.0,0.0,0.0,0.0,902.0
3e-05,3466949547.05,106457.18,4002.55,1645083041,ASHIB/ADA_1.0,0.0,0.0,0.0,902.0
0.0,98308379161905.0,94912.95,3151.17,1645083041,BISON/ADA_0.3,0.0,-43292685.0,-0.04000000000814907,902.0
0.033516,2698392.0,90440.23,4872.11,1645083041,FIRE/ADA_0.3,0.0,0.0,0.0,902.0
0.30735,270341.43,83089.46,108018.9,1645083041,MIN/ADA_0.3,0.002265000000000017,-1000.0100000000093,307.1399999999994,902.0
0.0,1039738433391.0,65626.86,27218.16,1645083041,HOSKY/ADA_0.3,0.0,475729873.0,-29.94999999999709,902.0
0.006299,8959104.0,56433.42,5542.77,1645083041,FLICK/ADA_0.3,0.0,0.0,0.0,902.0
0.09025,529260.0,47766.18,5044.64,1645083041,cNETA/ADA_0.3,0.0,0.0,0.0,902.0
0.011913,3422214.0,40770.54,8544.62,1645083041,CNFT/ADA_0.3,0.0,0.0,0.0,902.0
0.002705,12802395.2,34636.08,8082.0,1645083041,DRIP/ADA_1.0,-2.0000000000002655e-06,4000.0,-10.720000000001164,902.0
0.118113,286717.98,33865.14,8537.4,1645083041,REVU/ADA_0.3,0.010217999999999991,-13248.410000000033,1500.0,902.0
42.112254,719.0,30278.71,4940.74,1645083041,unsi…en/ADA_1.0,0.0,0.0,0.0,902.0
0.005337,5657663.0,30199.17,264.78,1645083041,BDOGE/ADA_1.0,0.0,0.0,0.0,902.0
0.017239,1670781.0,28803.0,3102.9,1645083041,QUID/ADA_0.3,0.0,0.0,0.0,902.0
0.00085,33503680.34,28508.89,0.0,1645083041,MONET/ADA_0.3,0.0,0.0,0.0,902.0
0.131209,217184.32,28496.68,0.0,1645083041,MELD/ADA_1.0,0.0,0.0,0.0,902.0
0.000729,28266486.0,20617.5,0.0,1645083041,RAG/ADA_1.0,0.0,0.0,0.0,902.0
0.0,295858557126.0,19820.42,1355.23,1645083041,HOSKY/ADA_0.05,0.0,0.0,0.0,902.0
26.519904,740.0,19624.72,1788.66,1645083041,XDIA…ND/ADA_1.0,0.0,0.0,0.0,902.0
0.331494,57533.41,19072.02,1468.14,1645083041,MIN/ADA_0.05,0.0,0.0,0.0,902.0
0.096065,190618.47,18311.93,2564.9,1645083041,MINt/ADA_0.05,0.0,0.0,0.0,902.0
0.154061,115252.0,17755.88,703.84,1645083041,SKULL/ADA_1.0,0.0,0.0,0.0,902.0
0.456311,38817.0,17712.63,1281.4,1645083041,CDX/ADA_1.0,0.0,0.0,0.0,902.0
0.014179,1226419.0,17389.44,4789.98,1645083041,GOKEY/ADA_0.3,0.0,0.0,0.0,902.0
0.00054,29063752.0,15703.2,2088.35,1645083041,KIDZ/ADA_0.3,2.7000000000000006e-05,-757398.0,400.0,902.0
0.032805,475012.0,15582.92,0.0,1645083041,cMETA/ADA_0.3,0.0,0.0,0.0,902.0
0.417842,36576.96,15283.41,3601.0,1645083041,CARGO/ADA_0.3,0.0,0.0,0.0,902.0
2.413538,6053.7,14610.84,0.0,1645083041,DANA/ADA_0.3,0.0,0.0,0.0,902.0
0.0,15758017766.0,12892.35,2166.31,1645083041,MEOW/ADA_0.3,0.0,0.0,0.0,902.0
0.812385,13838.28,11242.01,0.0,1645083041,WMT/ADA_1.0,0.0,0.0,0.0,902.0
0.109,97894.0,10670.52,0.0,1645083041,Card…rm/ADA_0.3,0.0,0.0,0.0,902.0
0.049278,195918.83,9654.51,324.09,1645083041,cbTHC/ADA_0.3,0.0,0.0,0.0,902.0
0.001185,8012093.0,9502.26,36.81,1645083041,FLANO/ADA_1.0,0.0,0.0,0.0,902.0
105.472872,85.94,9064.54,206.04,1645083041,LQ/ADA_1.0,0.0,0.0,0.0,902.0
0.756228,25672836.45,19414538.93,478953.36,1645083939,SUNDAE/ADA_0.3,0.0017380000000000173,-10706.179999999702,36555.73999999836,898.0
108.631341,155317.49,16872348.3,813164.3,1645083939,LQ/ADA_0.3,0.06429800000000796,2.75,10285.76000000164,898.0
0.883301,14870809.06,13135411.77,1382197.81,1645083939,WMT/ADA_0.3,0.00020600000000003948,3989.8300000000745,6583.679999999702,898.0
0.129646,12004099.99,1556286.25,452317.39,1645083939,MELD/ADA_0.3,-2.5999999999998247e-05,-202.03999999910593,-343.94999999995343,898.0
0.085819,12324582.0,1057691.3,468921.57,1645083939,PAVIA/ADA_0.3,-0.00015499999999998848,11248.0,-947.4199999999255,898.0
0.148446,6511544.0,966614.88,92897.83,1645083939,XRAY/ADA_0.3,6.799999999998474e-05,-1477.0,220.0,898.0
0.371052,2420403.0,898096.68,37457.98,1645083939,ADAX/ADA_0.3,3.500000000000725e-05,0.0,84.80000000004657,898.0
2.150539,404126.22,869089.43,629573.81,1645083939,AADA/ADA_0.3,0.0009879999999999889,-92.75,200.0,898.0
1.722695,320414.78,551977.01,74963.87,1645083939,VYFI/ADA_0.3,-0.01078699999999988,1000.0,-1722.9100000000326,898.0
6.451611,52343.0,337696.69,121190.09,1645083939,MILK/ADA_0.3,0.0,0.0,0.0,898.0
0.033331,5787731.73,192911.85,15279.41,1645083939,CLAP/ADA_0.3,0.0,0.0,0.0,898.0
0.102068,1741654.14,177767.53,59379.59,1645083939,MINt/ADA_0.3,0.00034400000000001096,-2935.340000000084,300.0,898.0
2.258707,70572.66,159402.98,87430.56,1645083939,DANA/ADA_0.05,-0.0007570000000001187,11.830000000001746,-26.699999999982538,898.0
0.0,6821336170991.0,154776.05,357.71,1645083939,CHRLZ/ADA_0.3,0.0,0.0,0.0,898.0
0.69329,180631.08,125229.9,354.08,1645083939,SUNDAE/ADA_0.05,0.0,0.0,0.0,898.0
0.867273,137847.89,119551.81,4202.1,1645083939,WMT/ADA_0.05,0.0,0.0,0.0,898.0
0.004968,22607728.0,112325.3,7106.11,1645083939,RAVE/ADA_1.0,0.0,0.0,0.0,898.0
3e-05,3466949547.05,106457.18,4002.55,1645083939,ASHIB/ADA_1.0,0.0,0.0,0.0,898.0
0.0,98308379161905.0,94912.95,3151.17,1645083939,BISON/ADA_0.3,0.0,0.0,0.0,898.0
0.033516,2698392.0,90440.23,4872.11,1645083939,FIRE/ADA_0.3,0.0,0.0,0.0,898.0
0.30735,270341.43,83089.46,108018.9,1645083939,MIN/ADA_0.3,0.0,0.0,0.0,898.0
0.0,1039738433391.0,65626.86,27218.16,1645083939,HOSKY/ADA_0.3,0.0,0.0,0.0,898.0
0.006299,8959104.0,56433.42,5601.89,1645083939,FLICK/ADA_0.3,0.0,0.0,0.0,898.0
0.09025,529260.0,47766.18,5044.64,1645083939,cNETA/ADA_0.3,0.0,0.0,0.0,898.0
0.011913,3422214.0,40770.54,8544.62,1645083939,CNFT/ADA_0.3,0.0,0.0,0.0,898.0
0.002705,12803395.2,34638.78,8082.0,1645083939,DRIP/ADA_1.0,0.0,1000.0,2.6999999999970896,898.0
0.106677,301717.98,32186.38,10216.16,1645083939,REVU/ADA_0.3,-0.011436000000000002,15000.0,-1678.7599999999984,898.0
42.112254,719.0,30278.71,4940.74,1645083939,unsi…en/ADA_1.0,0.0,0.0,0.0,898.0
0.005337,5657663.0,30199.17,264.78,1645083939,BDOGE/ADA_1.0,0.0,0.0,0.0,898.0
0.017239,1670781.0,28803.0,3102.9,1645083939,QUID/ADA_0.3,0.0,0.0,0.0,898.0
0.00085,33503680.34,28508.89,0.0,1645083939,MONET/ADA_0.3,0.0,0.0,0.0,898.0
0.131209,217184.32,28496.68,0.0,1645083939,MELD/ADA_1.0,0.0,0.0,0.0,898.0
0.000729,28266486.0,20617.5,0.0,1645083939,RAG/ADA_1.0,0.0,0.0,0.0,898.0
0.0,295858557126.0,19820.42,1355.23,1645083939,HOSKY/ADA_0.05,0.0,0.0,0.0,898.0
26.519904,740.0,19624.72,1788.66,1645083939,XDIA…ND/ADA_1.0,0.0,0.0,0.0,898.0
0.331494,57533.41,19072.02,1468.14,1645083939,MIN/ADA_0.05,0.0,0.0,0.0,898.0
0.096065,190618.47,18311.93,2564.9,1645083939,MINt/ADA_0.05,0.0,0.0,0.0,898.0
0.154061,115252.0,17755.88,703.84,1645083939,SKULL/ADA_1.0,0.0,0.0,0.0,898.0
0.456311,38817.0,17712.63,1281.4,1645083939,CDX/ADA_1.0,0.0,0.0,0.0,898.0
0.014179,1226419.0,17389.44,4789.98,1645083939,GOKEY/ADA_0.3,0.0,0.0,0.0,898.0
0.00054,29063752.0,15703.2,2088.35,1645083939,KIDZ/ADA_0.3,0.0,0.0,0.0,898.0
0.032805,475012.0,15582.92,0.0,1645083939,cMETA/ADA_0.3,0.0,0.0,0.0,898.0
0.417842,36576.96,15283.41,3601.0,1645083939,CARGO/ADA_0.3,0.0,0.0,0.0,898.0
2.413538,6053.7,14610.84,0.0,1645083939,DANA/ADA_0.3,0.0,0.0,0.0,898.0
0.0,15758017766.0,12892.35,2166.31,1645083939,MEOW/ADA_0.3,0.0,0.0,0.0,898.0
0.812385,13838.28,11242.01,0.0,1645083939,WMT/ADA_1.0,0.0,0.0,0.0,898.0
0.109,97894.0,10670.52,0.0,1645083939,Card…rm/ADA_0.3,0.0,0.0,0.0,898.0
0.049278,195918.83,9654.51,324.09,1645083939,cbTHC/ADA_0.3,0.0,0.0,0.0,898.0
0.001185,8012093.0,9502.26,36.81,1645083939,FLANO/ADA_1.0,0.0,0.0,0.0,898.0
105.472872,85.94,9064.54,206.04,1645083939,LQ/ADA_1.0,0.0,0.0,0.0,898.0
0.756061,25757873.59,19474530.93,456996.74,1645084840,SUNDAE/ADA_0.3,-0.00016700000000002824,85037.1400000006,59992.0,900.0
108.638411,155317.32,16873427.09,802827.48,1645084840,LQ/ADA_0.3,0.0070699999999987995,-0.16999999998370185,1078.789999999106,900.0
0.882513,14877936.87,13129982.2,1120723.22,1645084840,WMT/ADA_0.3,-0.0007880000000000109,7127.809999998659,-5429.570000000298,900.0
0.129468,12010724.81,1555014.75,379083.85,1645084840,MELD/ADA_0.3,-0.00017800000000001148,6624.820000000298,-1271.5,900.0
0.086839,12252633.0,1064006.52,437363.19,1645084840,PAVIA/ADA_0.3,0.0010199999999999931,-71949.0,6315.219999999972,900.0
0.148453,6511597.0,966666.24,92725.61,1645084840,XRAY/ADA_0.3,7.000000000007001e-06,53.0,51.35999999998603,900.0
0.371052,2420403.0,898096.68,34976.12,1645084840,ADAX/ADA_0.3,0.0,0.0,0.0,900.0
2.150747,404106.75,869131.43,627313.86,1645084840,AADA/ADA_0.3,0.00020799999999976393,-19.46999999997206,42.0,900.0
1.712319,321385.66,550314.81,62462.46,1645084840,VYFI/ADA_0.3,-0.010376000000000163,970.8799999999464,-1662.1999999999534,900.0
6.440459,52389.0,337409.23,103954.52,1645084840,MILK/ADA_0.3,-0.01115200000000005,46.0,-287.46000000002095,900.0
0.033331,5787731.73,192911.85,15269.38,1645084840,CLAP/ADA_0.3,0.0,0.0,0.0,900.0
0.102068,1741654.14,177767.53,58224.27,1645084840,MINt/ADA_0.3,0.0,0.0,0.0,900.0
2.246445,70765.06,158969.82,87249.86,1645084840,DANA/ADA_0.05,-0.012261999999999773,192.39999999999418,-433.1600000000035,900.0
0.0,6821336170991.0,154776.05,357.71,1645084840,CHRLZ/ADA_0.3,0.0,0.0,0.0,900.0
0.69329,180631.08,125229.9,354.08,1645084840,SUNDAE/ADA_0.05,0.0,0.0,0.0,900.0
0.867273,137960.79,119649.73,2801.4,1645084840,WMT/ADA_0.05,0.0,112.89999999999418,97.91999999999825,900.0
0.004977,22587728.0,112425.76,5633.33,1645084840,RAVE/ADA_1.0,8.99999999999946e-06,-20000.0,100.45999999999185,900.0
3e-05,3466949547.05,106457.18,3991.44,1645084840,ASHIB/ADA_1.0,0.0,0.0,0.0,900.0
0.0,98308379161905.0,94912.95,3151.17,1645084840,BISON/ADA_0.3,0.0,0.0,0.0,900.0
0.033516,2698392.0,90440.23,4872.11,1645084840,FIRE/ADA_0.3,0.0,0.0,0.0,900.0
0.297259,274901.31,81717.06,105646.02,1645084840,MIN/ADA_0.3,-0.010091000000000017,4559.880000000005,-1372.4000000000087,900.0
0.0,1039738433391.0,65626.86,25390.21,1645084840,HOSKY/ADA_0.3,0.0,0.0,0.0,900.0
0.006312,8949784.0,56492.37,4369.12,1645084840,FLICK/ADA_0.3,1.299999999999999e-05,-9320.0,58.950000000004366,900.0
0.090387,528860.0,47802.48,4976.25,1645084840,cNETA/ADA_0.3,0.00013699999999999823,-400.0,36.30000000000291,900.0
0.011913,3422214.0,40770.54,7842.13,1645084840,CNFT/ADA_0.3,0.0,0.0,0.0,900.0
0.002697,12823395.2,34585.3,7718.35,1645084840,DRIP/ADA_1.0,-7.99999999999976e-06,20000.0,-53.479999999995925,900.0
0.108004,299860.3,32386.38,10416.76,1645084840,REVU/ADA_0.3,0.0013270000000000087,-1857.679999999993,200.0,900.0
42.240544,718.0,30328.71,4555.91,1645084840,unsi…en/ADA_1.0,0.1282899999999998,-1.0,50.0,900.0
0.005337,5657663.0,30199.17,264.78,1645084840,BDOGE/ADA_1.0,0.0,0.0,0.0,900.0
0.017239,1670781.0,28803.0,2178.64,1645084840,QUID/ADA_0.3,0.0,0.0,0.0,900.0
0.00085,33503680.34,28508.89,0.0,1645084840,MONET/ADA_0.3,0.0,0.0,0.0,900.0
0.131209,217184.32,28496.68,0.0,1645084840,MELD/ADA_1.0,0.0,0.0,0.0,900.0
0.000729,28266486.0,20617.5,0.0,1645084840,RAG/ADA_1.0,0.0,0.0,0.0,900.0
0.0,295858557126.0,19820.42,1355.23,1645084840,HOSKY/ADA_0.05,0.0,0.0,0.0,900.0
26.519904,740.0,19624.72,1788.66,1645084840,XDIA…ND/ADA_1.0,0.0,0.0,0.0,900.0
0.331494,57533.41,19072.02,1468.14,1645084840,MIN/ADA_0.05,0.0,0.0,0.0,900.0
0.096065,190618.47,18311.93,2564.9,1645084840,MINt/ADA_0.05,0.0,0.0,0.0,900.0
0.154061,115252.0,17755.88,703.84,1645084840,SKULL/ADA_1.0,0.0,0.0,0.0,900.0
0.456311,38817.0,17712.63,1259.52,1645084840,CDX/ADA_1.0,0.0,0.0,0.0,900.0
0.014179,1226419.0,17389.44,4789.98,1645084840,GOKEY/ADA_0.3,0.0,0.0,0.0,900.0
0.00054,29063752.0,15703.2,2315.56,1645084840,KIDZ/ADA_0.3,0.0,0.0,0.0,900.0
0.032805,475012.0,15582.92,0.0,1645084840,cMETA/ADA_0.3,0.0,0.0,0.0,900.0
0.415104,36697.57,15233.33,3651.08,1645084840,CARGO/ADA_0.3,-0.002738000000000018,120.61000000000058,-50.07999999999993,900.0
2.413538,6053.7,14610.84,0.0,1645084840,DANA/ADA_0.3,0.0,0.0,0.0,900.0
0.0,15758017766.0,12892.35,1917.56,1645084840,MEOW/ADA_0.3,0.0,0.0,0.0,900.0
0.812385,13838.28,11242.01,0.0,1645084840,WMT/ADA_1.0,0.0,0.0,0.0,900.0
0.109,97894.0,10670.52,0.0,1645084840,Card…rm/ADA_0.3,0.0,0.0,0.0,900.0
0.049278,195918.83,9654.51,324.09,1645084840,cbTHC/ADA_0.3,0.0,0.0,0.0,900.0
0.001185,8012093.0,9502.26,36.81,1645084840,FLANO/ADA_1.0,0.0,0.0,0.0,900.0
105.472872,85.94,9064.54,206.04,1645084840,LQ/ADA_1.0,0.0,0.0,0.0,900.0
0.757248,25739811.44,19491422.08,496004.29,1645085739,SUNDAE/ADA_0.3,0.0011870000000000491,-18062.14999999851,16891.14999999851,899.0
108.617466,155332.32,16871803.24,804651.62,1645085739,LQ/ADA_0.3,-0.02094500000001176,15.0,-1623.8500000014901,899.0
0.882152,14881056.19,13127357.29,1124005.16,1645085739,WMT/ADA_0.3,-0.0003609999999999447,3119.320000000298,-2624.910000000149,899.0
0.129468,12011047.78,1555056.57,379083.85,1645085739,MELD/ADA_0.3,0.0,322.9699999988079,41.82000000006519,899.0
0.086903,12248089.0,1064402.53,437760.39,1645085739,PAVIA/ADA_0.3,6.399999999999462e-05,-4544.0,396.0100000000093,899.0
0.148544,6509586.0,966965.91,93026.18,1645085739,XRAY/ADA_0.3,9.100000000000774e-05,-2011.0,299.6700000000419,899.0
0.371205,2419904.0,898282.62,35162.62,1645085739,ADAX/ADA_0.3,0.00015300000000001424,-499.0,185.93999999994412,899.0
2.150747,404126.22,869173.31,627313.86,1645085739,AADA/ADA_0.3,0.0,19.46999999997206,41.88000000000466,899.0
1.712319,321385.66,550314.81,62462.46,1645085739,VYFI/ADA_0.3,0.0,0.0,0.0,899.0
6.371782,52671.0,335608.13,105755.62,1645085739,MILK/ADA_0.3,-0.0686770000000001,282.0,-1801.0999999999767,899.0
0.033331,5787731.73,192911.85,15269.38,1645085739,CLAP/ADA_0.3,0.0,0.0,0.0,899.0
0.102068,1741654.14,177767.53,58224.27,1645085739,MINt/ADA_0.3,0.0,0.0,0.0,899.0
2.246445,70765.06,158969.82,87249.86,1645085739,DANA/ADA_0.05,0.0,0.0,0.0,899.0
0.0,6821336170991.0,154776.05,357.71,1645085739,CHRLZ/ADA_0.3,0.0,0.0,0.0,899.0
0.69329,180728.6,125297.51,354.08,1645085739,SUNDAE/ADA_0.05,0.0,97.52000000001863,67.61000000000058,899.0
0.867273,138008.79,119691.36,2801.4,1645085739,WMT/ADA_0.05,0.0,48.0,41.63000000000466,899.0
0.004977,22587728.0,112425.76,5633.33,1645085739,RAVE/ADA_1.0,0.0,0.0,0.0,899.0
3e-05,3490130406.07,105757.13,4691.49,1645085739,ASHIB/ADA_1.0,0.0,23180859.01999998,-700.0499999999884,899.0
0.0,98308379161905.0,94912.95,3151.17,1645085739,BISON/ADA_0.3,0.0,0.0,0.0,899.0
0.033516,2698392.0,90440.23,4872.11,1645085739,FIRE/ADA_0.3,0.0,0.0,0.0,899.0
0.310001,269201.03,83452.62,107386.79,1645085739,MIN/ADA_0.3,0.012742000000000031,-5700.27999999997,1735.5599999999977,899.0
0.0,1039738433391.0,65626.86,25390.21,1645085739,HOSKY/ADA_0.3,0.0,0.0,0.0,899.0
0.006319,8944260.0,56527.37,4369.12,1645085739,FLICK/ADA_0.3,7.000000000000062e-06,-5524.0,35.0,899.0
0.090463,528640.0,47822.48,4996.31,1645085739,cNETA/ADA_0.3,7.600000000000662e-05,-220.0,20.0,899.0
0.011913,3422214.0,40770.54,7842.13,1645085739,CNFT/ADA_0.3,0.0,0.0,0.0,899.0
0.002697,12823395.2,34585.3,7718.35,1645085739,DRIP/ADA_1.0,0.0,0.0,0.0,899.0
0.109117,298339.54,32554.04,11274.23,1645085739,REVU/ADA_0.3,0.0011130000000000029,-1520.7600000000093,167.65999999999985,899.0
42.240544,718.0,30328.71,4555.91,1645085739,unsi…en/ADA_1.0,0.0,0.0,0.0,899.0
0.005337,5657663.0,30199.17,264.78,1645085739,BDOGE/ADA_1.0,0.0,0.0,0.0,899.0
0.017239,1670781.0,28803.0,2178.64,1645085739,QUID/ADA_0.3,0.0,0.0,0.0,899.0
0.00085,33503680.34,28508.89,0.0,1645085739,MONET/ADA_0.3,0.0,0.0,0.0,899.0
0.131209,217184.32,28496.68,0.0,1645085739,MELD/ADA_1.0,0.0,0.0,0.0,899.0
0.000729,28266486.0,20617.5,0.0,1645085739,RAG/ADA_1.0,0.0,0.0,0.0,899.0
0.0,295858557126.0,19820.42,1355.23,1645085739,HOSKY/ADA_0.05,0.0,0.0,0.0,899.0
26.519904,740.0,19624.72,1788.66,1645085739,XDIA…ND/ADA_1.0,0.0,0.0,0.0,899.0
0.331494,57533.41,19072.02,1468.14,1645085739,MIN/ADA_0.05,0.0,0.0,0.0,899.0
0.096065,190618.47,18311.93,2564.9,1645085739,MINt/ADA_0.05,0.0,0.0,0.0,899.0
0.154061,115252.0,17755.88,703.84,1645085739,SKULL/ADA_1.0,0.0,0.0,0.0,899.0
0.456311,38817.0,17712.63,1259.52,1645085739,CDX/ADA_1.0,0.0,0.0,0.0,899.0
0.014179,1226419.0,17389.44,4789.98,1645085739,GOKEY/ADA_0.3,0.0,0.0,0.0,899.0
0.000557,28609644.0,15953.2,2315.56,1645085739,KIDZ/ADA_0.3,1.699999999999998e-05,-454108.0,250.0,899.0
0.032805,475012.0,15582.92,0.0,1645085739,cMETA/ADA_0.3,0.0,0.0,0.0,899.0
0.415104,36697.57,15233.33,3651.08,1645085739,CARGO/ADA_0.3,0.0,0.0,0.0,899.0
2.413538,6053.7,14610.84,0.0,1645085739,DANA/ADA_0.3,0.0,0.0,0.0,899.0
0.0,15758017766.0,12892.35,1917.56,1645085739,MEOW/ADA_0.3,0.0,0.0,0.0,899.0
0.812385,13838.28,11242.01,0.0,1645085739,WMT/ADA_1.0,0.0,0.0,0.0,899.0
0.109,97894.0,10670.52,0.0,1645085739,Card…rm/ADA_0.3,0.0,0.0,0.0,899.0
0.049278,195918.83,9654.51,324.09,1645085739,cbTHC/ADA_0.3,0.0,0.0,0.0,899.0
0.001185,8012093.0,9502.26,36.81,1645085739,FLANO/ADA_1.0,0.0,0.0,0.0,899.0
105.472872,85.94,9064.54,206.04,1645085739,LQ/ADA_1.0,0.0,0.0,0.0,899.0
0.756957,25751427.18,19492728.43,516748.81,1645086639,SUNDAE/ADA_0.3,-0.0002910000000000412,11615.73999999836,1306.3500000014901,899.0
108.636752,155316.02,16873028.69,806156.12,1645086639,LQ/ADA_0.3,0.01928600000000813,-16.300000000017462,1225.4500000029802,899.0
0.881936,14883175.78,13126021.62,1126832.01,1645086639,WMT/ADA_0.3,-0.00021599999999999397,2119.589999999851,-1335.6699999999255,899.0
0.129822,11994680.08,1557184.95,381218.62,1645086639,MELD/ADA_0.3,0.0003539999999999932,-16367.699999999255,2128.3799999998882,899.0
0.086879,12249817.0,1064256.72,439178.67,1645086639,PAVIA/ADA_0.3,-2.3999999999996247e-05,1728.0,-145.81000000005588,899.0
0.148544,6509586.0,966965.91,93026.18,1645086639,XRAY/ADA_0.3,0.0,0.0,0.0,899.0
0.371205,2419949.0,898299.32,35162.62,1645086639,ADAX/ADA_0.3,0.0,45.0,16.699999999953434,899.0
2.151982,404271.55,869985.37,627787.68,1645086639,AADA/ADA_0.3,0.001234999999999875,145.3300000000163,812.0599999999395,899.0
1.712319,321385.66,550314.81,62462.46,1645086639,VYFI/ADA_0.3,0.0,0.0,0.0,899.0
6.395924,52572.0,336246.52,106395.92,1645086639,MILK/ADA_0.3,0.02414200000000033,-99.0,638.390000000014,899.0
0.033331,5787731.73,192911.85,15269.38,1645086639,CLAP/ADA_0.3,0.0,0.0,0.0,899.0
0.103114,1732810.41,178677.53,59137.0,1645086639,MINt/ADA_0.3,0.0010459999999999914,-8843.729999999981,910.0,899.0
2.246445,70765.06,158969.82,87249.86,1645086639,DANA/ADA_0.05,0.0,0.0,0.0,899.0
0.0,6821336170991.0,154776.05,357.71,1645086639,CHRLZ/ADA_0.3,0.0,0.0,0.0,899.0
0.69329,180729.51,125298.14,354.08,1645086639,SUNDAE/ADA_0.05,0.0,0.9100000000034925,0.6300000000046566,899.0
0.867273,137544.04,119288.29,2801.4,1645086639,WMT/ADA_0.05,0.0,-464.75,-403.070000000007,899.0
0.004977,22587728.0,112425.76,5633.33,1645086639,RAVE/ADA_1.0,0.0,0.0,0.0,899.0
3e-05,3490130406.07,105757.13,4691.49,1645086639,ASHIB/ADA_1.0,0.0,0.0,0.0,899.0
0.0,98308384099464.0,94912.95,3151.17,1645086639,BISON/ADA_0.3,0.0,4937559.0,0.0,899.0
0.033516,2698392.0,90440.23,4872.11,1645086639,FIRE/ADA_0.3,0.0,0.0,0.0,899.0
0.309113,269595.74,83335.6,109106.21,1645086639,MIN/ADA_0.3,-0.0008879999999999999,394.70999999996275,-117.01999999998952,899.0
0.0,1039532540827.0,65613.87,25390.21,1645086639,HOSKY/ADA_0.3,0.0,-205892564.0,-12.990000000005239,899.0
0.006319,8944260.0,56527.37,4369.12,1645086639,FLICK/ADA_0.3,0.0,0.0,0.0,899.0
0.090463,528640.0,47822.48,4996.31,1645086639,cNETA/ADA_0.3,0.0,0.0,0.0,899.0
0.011913,3422214.0,40770.54,7842.13,1645086639,CNFT/ADA_0.3,0.0,0.0,0.0,899.0
0.002695,12827395.2,34574.62,7729.03,1645086639,DRIP/ADA_1.0,-2.0000000000002655e-06,4000.0,-10.680000000000291,899.0
0.109117,298339.54,32554.04,11274.23,1645086639,REVU/ADA_0.3,0.0,0.0,0.0,899.0
42.240544,718.0,30328.71,4555.91,1645086639,unsi…en/ADA_1.0,0.0,0.0,0.0,899.0
0.005337,5657663.0,30199.17,264.78,1645086639,BDOGE/ADA_1.0,0.0,0.0,0.0,899.0
0.017239,1670781.0,28803.0,2178.64,1645086639,QUID/ADA_0.3,0.0,0.0,0.0,899.0
0.00085,33503680.34,28508.89,0.0,1645086639,MONET/ADA_0.3,0.0,0.0,0.0,899.0
0.131209,217184.32,28496.68,0.0,1645086639,MELD/ADA_1.0,0.0,0.0,0.0,899.0
0.000729,28266486.0,20617.5,0.0,1645086639,RAG/ADA_1.0,0.0,0.0,0.0,899.0
0.0,295416214166.0,19790.78,1355.23,1645086639,HOSKY/ADA_0.05,0.0,-442342960.0,-29.639999999999418,899.0
26.519904,740.0,19624.72,1788.66,1645086639,XDIA…ND/ADA_1.0,0.0,0.0,0.0,899.0
0.096065,190618.47,18311.93,2564.9,1645086639,MINt/ADA_0.05,0.0,0.0,0.0,899.0
0.305036,59977.33,18295.25,2244.9,1645086639,MIN/ADA_0.05,-0.026458000000000037,2443.9199999999983,-776.7700000000004,899.0
0.154061,115252.0,17755.88,703.84,1645086639,SKULL/ADA_1.0,0.0,0.0,0.0,899.0
0.456311,38817.0,17712.63,1259.52,1645086639,CDX/ADA_1.0,0.0,0.0,0.0,899.0
0.014179,1226419.0,17389.44,4789.98,1645086639,GOKEY/ADA_0.3,0.0,0.0,0.0,899.0
0.000585,27911900.0,16353.2,2716.76,1645086639,KIDZ/ADA_0.3,2.800000000000003e-05,-697744.0,400.0,899.0
0.032805,475012.0,15582.92,0.0,1645086639,cMETA/ADA_0.3,0.0,0.0,0.0,899.0
0.415104,36697.57,15233.33,3651.08,1645086639,CARGO/ADA_0.3,0.0,0.0,0.0,899.0
2.413538,6053.7,14610.84,0.0,1645086639,DANA/ADA_0.3,0.0,0.0,0.0,899.0
0.0,15758017766.0,12892.35,1917.56,1645086639,MEOW/ADA_0.3,0.0,0.0,0.0,899.0
0.812385,13838.28,11242.01,0.0,1645086639,WMT/ADA_1.0,0.0,0.0,0.0,899.0
0.109,97894.0,10670.52,0.0,1645086639,Card…rm/ADA_0.3,0.0,0.0,0.0,899.0
0.049278,195918.83,9654.51,324.09,1645086639,cbTHC/ADA_0.3,0.0,0.0,0.0,899.0
0.001185,8012093.0,9502.26,36.81,1645086639,FLANO/ADA_1.0,0.0,0.0,0.0,899.0
105.472872,85.94,9064.54,206.04,1645086639,LQ/ADA_1.0,0.0,0.0,0.0,899.0
0.757372,25747150.54,19500187.08,521990.36,1645087539,SUNDAE/ADA_0.3,0.0004150000000000542,-4276.640000000596,7458.64999999851,899.0
108.629768,155322.02,16872595.73,806697.66,1645087539,LQ/ADA_0.3,-0.006984000000002766,6.0,-432.96000000089407,899.0
0.882738,14877699.87,13133124.16,1133972.63,1645087539,WMT/ADA_0.3,0.0008019999999999694,-5475.910000000149,7102.540000000969,899.0
0.129821,11994751.1,1557176.54,381751.8,1645087539,MELD/ADA_0.3,-1.000000000001e-06,71.01999999955297,-8.409999999916181,899.0
0.086935,12246255.0,1064628.89,439521.1,1645087539,PAVIA/ADA_0.3,5.6000000000000494e-05,-3562.0,372.1699999999255,899.0
0.148544,6509586.0,966965.91,93026.18,1645087539,XRAY/ADA_0.3,0.0,0.0,0.0,899.0
0.370982,2420799.0,898073.04,35433.07,1645087539,ADAX/ADA_0.3,-0.00022300000000002873,850.0,-226.27999999991152,899.0
2.193785,400407.4,878407.89,636682.29,1645087539,AADA/ADA_0.3,0.04180300000000026,-3864.149999999965,8422.520000000019,899.0
1.712319,321385.66,550314.81,62462.46,1645087539,VYFI/ADA_0.3,0.0,0.0,0.0,899.0
6.395924,52572.0,336246.52,106395.92,1645087539,MILK/ADA_0.3,0.0,0.0,0.0,899.0
0.033331,5787731.73,192911.85,15269.38,1645087539,CLAP/ADA_0.3,0.0,0.0,0.0,899.0
0.102651,1736715.59,178276.96,59537.57,1645087539,MINt/ADA_0.3,-0.0004629999999999912,3905.1800000001676,-400.570000000007,899.0
2.250402,70702.82,159109.82,87389.93,1645087539,DANA/ADA_0.05,0.003956999999999766,-62.23999999999069,140.0,899.0
0.0,6821336170991.0,154776.05,357.71,1645087539,CHRLZ/ADA_0.3,0.0,0.0,0.0,899.0
0.69329,180579.5,125194.14,354.08,1645087539,SUNDAE/ADA_0.05,0.0,-150.0100000000093,-104.0,899.0
0.867273,138672.64,120267.09,2801.4,1645087539,WMT/ADA_0.05,0.0,1128.6000000000058,978.8000000000029,899.0
0.004977,22587728.0,112425.76,5633.33,1645087539,RAVE/ADA_1.0,0.0,0.0,0.0,899.0
3e-05,3494179474.77,105635.8,4812.82,1645087539,ASHIB/ADA_1.0,0.0,4049068.6999998093,-121.33000000000175,899.0
0.0,98308384099464.0,94912.95,3151.17,1645087539,BISON/ADA_0.3,0.0,0.0,0.0,899.0
0.033516,2698392.0,90440.23,4872.11,1645087539,FIRE/ADA_0.3,0.0,0.0,0.0,899.0
0.283269,281693.66,79795.21,122585.79,1645087539,MIN/ADA_0.3,-0.025844000000000034,12097.919999999984,-3540.3899999999994,899.0
0.0,1039532540827.0,65613.87,25390.21,1645087539,HOSKY/ADA_0.3,0.0,0.0,0.0,899.0
0.006319,8944260.0,56527.37,4369.12,1645087539,FLICK/ADA_0.3,0.0,0.0,0.0,899.0
0.090463,528640.0,47822.48,4996.31,1645087539,cNETA/ADA_0.3,0.0,0.0,0.0,899.0
0.011913,3422214.0,40770.54,7842.13,1645087539,CNFT/ADA_0.3,0.0,0.0,0.0,899.0
0.002734,12735387.33,34827.37,8027.18,1645087539,DRIP/ADA_1.0,3.899999999999997e-05,-92007.86999999918,252.75,899.0
0.109117,298339.54,32554.04,11274.23,1645087539,REVU/ADA_0.3,0.0,0.0,0.0,899.0
42.240544,718.0,30328.71,4555.91,1645087539,unsi…en/ADA_1.0,0.0,0.0,0.0,899.0
0.005337,5657663.0,30199.17,264.78,1645087539,BDOGE/ADA_1.0,0.0,0.0,0.0,899.0
0.017239,1670781.0,28803.0,2178.64,1645087539,QUID/ADA_0.3,0.0,0.0,0.0,899.0
0.131209,217972.61,28600.11,0.0,1645087539,MELD/ADA_1.0,0.0,788.289999999979,103.43000000000029,899.0
0.00085,33503680.34,28508.89,0.0,1645087539,MONET/ADA_0.3,0.0,0.0,0.0,899.0
0.000729,28266486.0,20617.5,0.0,1645087539,RAG/ADA_1.0,0.0,0.0,0.0,899.0
0.0,295416214166.0,19790.78,1355.23,1645087539,HOSKY/ADA_0.05,0.0,0.0,0.0,899.0
26.519904,740.0,19624.72,1788.66,1645087539,XDIA…ND/ADA_1.0,0.0,0.0,0.0,899.0
0.096065,190618.47,18311.93,2564.9,1645087539,MINt/ADA_0.05,0.0,0.0,0.0,899.0
0.305036,59977.33,18295.25,2244.9,1645087539,MIN/ADA_0.05,0.0,0.0,0.0,899.0
0.154061,115252.0,17755.88,703.84,1645087539,SKULL/ADA_1.0,0.0,0.0,0.0,899.0
0.456311,38817.0,17712.63,1259.52,1645087539,CDX/ADA_1.0,0.0,0.0,0.0,899.0
0.014179,1226419.0,17389.44,4789.98,1645087539,GOKEY/ADA_0.3,0.0,0.0,0.0,899.0
0.000603,27492864.0,16603.2,2967.51,1645087539,KIDZ/ADA_0.3,1.8000000000000004e-05,-419036.0,250.0,899.0
0.032805,475012.0,15582.92,0.0,1645087539,cMETA/ADA_0.3,0.0,0.0,0.0,899.0
0.425783,36235.12,15428.33,3846.66,1645087539,CARGO/ADA_0.3,0.01067900000000005,-462.4499999999971,195.0,899.0
2.413538,6053.7,14610.84,0.0,1645087539,DANA/ADA_0.3,0.0,0.0,0.0,899.0
0.0,15758017766.0,12892.35,1917.56,1645087539,MEOW/ADA_0.3,0.0,0.0,0.0,899.0
0.812385,13838.28,11242.01,0.0,1645087539,WMT/ADA_1.0,0.0,0.0,0.0,899.0
0.109,97894.0,10670.52,0.0,1645087539,Card…rm/ADA_0.3,0.0,0.0,0.0,899.0
0.049278,195918.83,9654.51,324.09,1645087539,cbTHC/ADA_0.3,0.0,0.0,0.0,899.0
108.504185,87.85,9532.54,215.22,1645087539,LQ/ADA_0.05,-5.999999999062311e-06,-63.71000000000001,-6913.43,34171.0
0.001185,8012093.0,9502.26,36.81,1645087539,FLANO/ADA_1.0,0.0,0.0,0.0,899.0
0.759733,25719723.52,19540138.07,510863.52,1645088441,SUNDAE/ADA_0.3,0.0023609999999999465,-27427.019999999553,39950.990000002086,901.0
108.627618,155329.39,16873062.07,763646.51,1645088441,LQ/ADA_0.3,-0.0021500000000003183,7.370000000024447,466.339999999851,901.0
0.882997,14876368.2,13135797.63,949640.27,1645088441,WMT/ADA_0.3,0.0002590000000000092,-1331.6699999999255,2673.4700000006706,901.0
0.129617,12009253.79,1556613.2,377771.39,1645088441,MELD/ADA_0.3,-0.00020399999999998197,14502.689999999478,-563.3400000000838,901.0
0.086935,12245254.0,1064541.79,397731.12,1645088441,PAVIA/ADA_0.3,0.0,-1001.0,-87.0999999998603,901.0
0.148789,6504231.0,967764.43,82918.24,1645088441,XRAY/ADA_0.3,0.0002449999999999952,-5355.0,798.5200000000186,901.0
0.370982,2420799.0,898073.04,35433.07,1645088441,ADAX/ADA_0.3,0.0,0.0,0.0,901.0
2.208772,399053.74,881419.1,553842.69,1645088441,AADA/ADA_0.3,0.014987000000000084,-1353.6600000000326,3011.2099999999627,901.0
1.712319,321385.66,550314.81,52937.38,1645088441,VYFI/ADA_0.3,0.0,0.0,0.0,901.0
6.556793,51925.0,340461.51,108114.42,1645088441,MILK/ADA_0.3,0.16086899999999993,-647.0,4214.989999999991,901.0
0.033331,5787731.73,192911.85,10597.36,1645088441,CLAP/ADA_0.3,0.0,0.0,0.0,901.0
0.103235,1731810.18,178783.46,52933.03,1645088441,MINt/ADA_0.3,0.0005839999999999873,-4905.410000000149,506.5,901.0
2.250402,70745.82,159206.59,86150.48,1645088441,DANA/ADA_0.05,0.0,43.0,96.76999999998952,901.0
0.0,6821336170991.0,154776.05,357.71,1645088441,CHRLZ/ADA_0.3,0.0,0.0,0.0,901.0
0.69329,180716.43,125289.07,354.08,1645088441,SUNDAE/ADA_0.05,0.0,136.92999999999302,94.93000000000757,901.0
0.867273,138607.56,120210.66,2801.4,1645088441,WMT/ADA_0.05,0.0,-65.0800000000163,-56.429999999993015,901.0
0.004977,22587728.0,112425.76,4659.74,1645088441,RAVE/ADA_1.0,0.0,0.0,0.0,901.0
3e-05,3494179474.77,105635.8,4812.82,1645088441,ASHIB/ADA_1.0,0.0,0.0,0.0,901.0
0.0,98312384099464.0,94909.1,3155.02,1645088441,BISON/ADA_0.3,0.0,4000000000.0,-3.849999999991269,901.0
0.033516,2698392.0,90440.23,4872.11,1645088441,FIRE/ADA_0.3,0.0,0.0,0.0,901.0
0.292967,281339.36,82423.28,105943.99,1645088441,MIN/ADA_0.3,0.009697999999999984,-354.29999999998836,2628.0699999999924,901.0
0.0,1064928324339.0,64054.56,23874.9,1645088441,HOSKY/ADA_0.3,0.0,25395783512.0,-1559.3099999999977,901.0
0.006319,8944260.0,56527.37,4303.92,1645088441,FLICK/ADA_0.3,0.0,0.0,0.0,901.0
0.090463,528640.0,47822.48,4902.01,1645088441,cNETA/ADA_0.3,0.0,0.0,0.0,901.0
0.011913,3422214.0,40770.54,7581.95,1645088441,CNFT/ADA_0.3,0.0,0.0,0.0,901.0
0.002821,12537937.65,35381.45,8492.88,1645088441,DRIP/ADA_1.0,8.700000000000027e-05,-197449.6799999997,554.0799999999945,901.0
0.115853,289548.84,33545.36,12268.52,1645088441,REVU/ADA_0.3,0.006735999999999992,-8790.699999999953,991.3199999999997,901.0
42.240544,718.0,30328.71,4354.0,1645088441,unsi…en/ADA_1.0,0.0,0.0,0.0,901.0
0.005337,5657663.0,30199.17,264.78,1645088441,BDOGE/ADA_1.0,0.0,0.0,0.0,901.0
0.017239,1670781.0,28803.0,2178.64,1645088441,QUID/ADA_0.3,0.0,0.0,0.0,901.0
0.131209,217972.61,28600.11,0.0,1645088441,MELD/ADA_1.0,0.0,0.0,0.0,901.0
0.00085,33503680.34,28508.89,0.0,1645088441,MONET/ADA_0.3,0.0,0.0,0.0,901.0
0.153066,157723.0,24142.13,664.2,1645088441,SKULL/ADA_1.0,-0.0009949999999999959,42471.0,6386.25,901.0
0.000729,28266486.0,20617.5,0.0,1645088441,RAG/ADA_1.0,0.0,0.0,0.0,901.0
0.0,295416214166.0,19790.78,628.31,1645088441,HOSKY/ADA_0.05,0.0,0.0,0.0,901.0
26.519904,740.0,19624.72,1788.66,1645088441,XDIA…ND/ADA_1.0,0.0,0.0,0.0,901.0
0.096065,190618.47,18311.93,2564.9,1645088441,MINt/ADA_0.05,0.0,0.0,0.0,901.0
0.305036,59977.33,18295.25,2244.9,1645088441,MIN/ADA_0.05,0.0,0.0,0.0,901.0
0.456311,38817.0,17712.63,1259.52,1645088441,CDX/ADA_1.0,0.0,0.0,0.0,901.0
0.014179,1226419.0,17389.44,4789.98,1645088441,GOKEY/ADA_0.3,0.0,0.0,0.0,901.0
0.000603,27492864.0,16603.2,2947.45,1645088441,KIDZ/ADA_0.3,0.0,0.0,0.0,901.0
0.032805,475012.0,15582.92,0.0,1645088441,cMETA/ADA_0.3,0.0,0.0,0.0,901.0
0.425783,36235.12,15428.33,3846.66,1645088441,CARGO/ADA_0.3,0.0,0.0,0.0,901.0
2.413538,6053.7,14610.84,0.0,1645088441,DANA/ADA_0.3,0.0,0.0,0.0,901.0
0.0,15758017766.0,12892.35,1917.56,1645088441,MEOW/ADA_0.3,0.0,0.0,0.0,901.0
0.812385,13838.28,11242.01,0.0,1645088441,WMT/ADA_1.0,0.0,0.0,0.0,901.0
0.109,97894.0,10670.52,0.0,1645088441,Card…rm/ADA_0.3,0.0,0.0,0.0,901.0
0.049278,195918.83,9654.51,324.09,1645088441,cbTHC/ADA_0.3,0.0,0.0,0.0,901.0
108.504185,87.85,9532.54,215.22,1645088441,LQ/ADA_0.05,0.0,0.0,0.0,901.0
0.001185,8012093.0,9502.26,36.81,1645088441,FLANO/ADA_1.0,0.0,0.0,0.0,901.0
0.760235,25752993.01,19578350.85,522007.23,1645089339,SUNDAE/ADA_0.3,0.0005020000000000024,33269.490000002086,38212.78000000119,897.0
108.627523,155330.1,16873124.61,763693.81,1645089339,LQ/ADA_0.3,-9.500000000173259e-05,0.7099999999918509,62.53999999910593,897.0
0.883604,14876880.22,13145271.08,956522.19,1645089339,WMT/ADA_0.3,0.0006069999999999132,512.0200000014156,9473.449999999255,897.0
0.126606,12155764.35,1538994.55,397439.1,1645089339,MELD/ADA_0.3,-0.0030110000000000137,146510.56000000052,-17618.649999999907,897.0
0.086704,12261578.0,1063128.99,398054.4,1645089339,PAVIA/ADA_0.3,-0.0002309999999999951,16324.0,-1412.8000000000466,897.0
0.148882,6502222.0,968064.43,83219.14,1645089339,XRAY/ADA_0.3,9.299999999998199e-05,-2009.0,300.0,897.0
0.367901,2430927.0,894342.8,39177.86,1645089339,ADAX/ADA_0.3,-0.0030810000000000004,10128.0,-3730.2399999999907,897.0
2.236599,396568.22,886964.14,559082.46,1645089339,AADA/ADA_0.3,0.027826999999999824,-2485.5200000000186,5545.040000000037,897.0
1.706981,321888.46,549457.78,53794.41,1645089339,VYFI/ADA_0.3,-0.005337999999999843,502.80000000004657,-857.0300000000279,897.0
6.557173,51974.0,340802.52,108153.8,1645089339,MILK/ADA_0.3,0.0003799999999998249,49.0,341.0100000000093,897.0
0.033331,5787731.73,192911.85,10597.36,1645089339,CLAP/ADA_0.3,0.0,0.0,0.0,897.0
0.103235,1731810.18,178783.46,52933.03,1645089339,MINt/ADA_0.3,0.0,0.0,0.0,897.0
2.235617,70979.45,158682.93,86908.19,1645089339,DANA/ADA_0.05,-0.014784999999999826,233.6299999999901,-523.6600000000035,897.0
0.0,6821336170991.0,154776.05,357.71,1645089339,CHRLZ/ADA_0.3,0.0,0.0,0.0,897.0
0.69329,182159.43,126289.49,354.08,1645089339,SUNDAE/ADA_0.05,0.0,1443.0,1000.4199999999983,897.0
0.867273,138707.56,120297.38,2801.4,1645089339,WMT/ADA_0.05,0.0,100.0,86.72000000000116,897.0
0.004977,22587728.0,112425.76,4659.74,1645089339,RAVE/ADA_1.0,0.0,0.0,0.0,897.0
3e-05,3494179474.77,105635.8,4812.82,1645089339,ASHIB/ADA_1.0,0.0,0.0,0.0,897.0
0.0,98312384099464.0,94909.1,3155.02,1645089339,BISON/ADA_0.3,0.0,0.0,0.0,897.0
0.033516,2698392.0,90440.23,4872.11,1645089339,FIRE/ADA_0.3,0.0,0.0,0.0,897.0
0.295085,280329.15,82721.2,106242.8,1645089339,MIN/ADA_0.3,0.0021180000000000088,-1010.2099999999627,297.91999999999825,897.0
0.0,1080964280357.0,63113.83,27091.46,1645089339,HOSKY/ADA_0.3,0.0,16035956018.0,-940.7299999999959,897.0
0.006334,8933861.0,56593.37,4370.12,1645089339,FLICK/ADA_0.3,1.5000000000000256e-05,-10399.0,66.0,897.0
0.090463,528640.0,47822.48,4902.01,1645089339,cNETA/ADA_0.3,0.0,0.0,0.0,897.0
0.011913,3422214.0,40770.54,7581.95,1645089339,CNFT/ADA_0.3,0.0,0.0,0.0,897.0
0.00283,12519428.19,35434.63,8580.4,1645089339,DRIP/ADA_1.0,8.999999999999894e-06,-18509.460000000894,53.18000000000029,897.0
0.106305,302292.84,32135.26,13678.62,1645089339,REVU/ADA_0.3,-0.009548000000000001,12744.0,-1410.1000000000022,897.0
42.240544,718.0,30328.71,4354.0,1645089339,unsi…en/ADA_1.0,0.0,0.0,0.0,897.0
0.005337,5657663.0,30199.17,264.78,1645089339,BDOGE/ADA_1.0,0.0,0.0,0.0,897.0
0.017239,1670781.0,28803.0,2178.64,1645089339,QUID/ADA_0.3,0.0,0.0,0.0,897.0
0.131209,217972.61,28600.11,0.0,1645089339,MELD/ADA_1.0,0.0,0.0,0.0,897.0
0.00085,33503680.34,28508.89,0.0,1645089339,MONET/ADA_0.3,0.0,0.0,0.0,897.0
0.000729,28266486.0,20617.5,0.0,1645089339,RAG/ADA_1.0,0.0,0.0,0.0,897.0
26.519904,740.0,19624.72,1788.66,1645089339,XDIA…ND/ADA_1.0,0.0,0.0,0.0,897.0
0.0,307104796758.0,19037.9,1381.2,1645089339,HOSKY/ADA_0.05,0.0,11688582592.0,-752.8799999999974,897.0
0.096065,190618.47,18311.93,2564.9,1645089339,MINt/ADA_0.05,0.0,0.0,0.0,897.0
0.305036,59977.33,18295.25,2244.9,1645089339,MIN/ADA_0.05,0.0,0.0,0.0,897.0
0.154061,115252.0,17755.88,664.2,1645089339,SKULL/ADA_1.0,0.0009949999999999959,-42471.0,-6386.25,897.0
0.456311,38817.0,17712.63,1259.52,1645089339,CDX/ADA_1.0,0.0,0.0,0.0,897.0
0.014179,1226419.0,17389.44,4789.98,1645089339,GOKEY/ADA_0.3,0.0,0.0,0.0,897.0
0.000603,27492864.0,16603.2,2947.45,1645089339,KIDZ/ADA_0.3,0.0,0.0,0.0,897.0
0.032805,475012.0,15582.92,0.0,1645089339,cMETA/ADA_0.3,0.0,0.0,0.0,897.0
0.425783,36235.12,15428.33,3846.66,1645089339,CARGO/ADA_0.3,0.0,0.0,0.0,897.0
2.413538,6053.7,14610.84,0.0,1645089339,DANA/ADA_0.3,0.0,0.0,0.0,897.0
0.0,15758017766.0,12892.35,1917.56,1645089339,MEOW/ADA_0.3,0.0,0.0,0.0,897.0
0.812385,13838.28,11242.01,0.0,1645089339,WMT/ADA_1.0,0.0,0.0,0.0,897.0
0.109,97894.0,10670.52,0.0,1645089339,Card…rm/ADA_0.3,0.0,0.0,0.0,897.0
0.049278,195918.83,9654.51,324.09,1645089339,cbTHC/ADA_0.3,0.0,0.0,0.0,897.0
108.504185,87.85,9532.54,215.22,1645089339,LQ/ADA_0.05,0.0,0.0,0.0,897.0
0.001185,8012093.0,9502.26,36.81,1645089339,FLANO/ADA_1.0,0.0,0.0,0.0,897.0
0.759469,25771375.25,19572569.61,538632.26,1645090240,SUNDAE/ADA_0.3,-0.0007660000000000444,18382.23999999836,-5781.240000002086,901.0
108.627523,155330.1,16873124.61,763693.81,1645090240,LQ/ADA_0.3,0.0,0.0,0.0,901.0
0.873528,14962601.1,13070261.0,1056567.77,1645090240,WMT/ADA_0.3,-0.010075999999999974,85720.87999999896,-75010.08000000007,901.0
0.124387,12263851.02,1525471.91,411252.17,1645090240,MELD/ADA_0.3,-0.0022189999999999988,108086.66999999993,-13522.64000000013,901.0
0.086967,12237006.0,1064220.16,399674.21,1645090240,PAVIA/ADA_0.3,0.00026299999999999935,-24572.0,1091.1699999999255,901.0
0.149035,6498876.0,968564.43,83720.64,1645090240,XRAY/ADA_0.3,0.00015300000000001424,-3346.0,500.0,901.0
0.362898,2447654.0,888249.17,45271.49,1645090240,ADAX/ADA_0.3,-0.00500299999999998,16727.0,-6093.630000000005,901.0
2.234568,396750.63,886566.54,562484.55,1645090240,AADA/ADA_0.3,-0.002031000000000116,182.4100000000326,-397.5999999999767,901.0
1.706981,321888.46,549457.78,53794.41,1645090240,VYFI/ADA_0.3,0.0,0.0,0.0,901.0
6.534936,52063.0,340228.42,108872.4,1645090240,MILK/ADA_0.3,-0.022236999999999618,89.0,-574.1000000000349,901.0
0.033258,5794018.75,192703.15,10806.06,1645090240,CLAP/ADA_0.3,-7.299999999999668e-05,6287.019999999553,-208.70000000001164,901.0
0.103475,1729803.74,178991.46,53141.65,1645090240,MINt/ADA_0.3,0.0002400000000000041,-2006.4399999999441,208.0,901.0
2.235617,70979.45,158682.93,86908.19,1645090240,DANA/ADA_0.05,0.0,0.0,0.0,901.0
0.0,6821336170991.0,154776.05,357.71,1645090240,CHRLZ/ADA_0.3,0.0,0.0,0.0,901.0
0.69329,182025.15,126196.4,354.08,1645090240,SUNDAE/ADA_0.05,0.0,-134.27999999999884,-93.09000000001106,901.0
0.867273,138707.56,120297.38,2801.4,1645090240,WMT/ADA_0.05,0.0,0.0,0.0,901.0
0.004991,22555949.0,112585.76,4821.34,1645090240,RAVE/ADA_1.0,1.4000000000000123e-05,-31779.0,160.0,901.0
3e-05,3494179474.77,105635.8,4812.82,1645090240,ASHIB/ADA_1.0,0.0,0.0,0.0,901.0
0.0,98312384099464.0,94909.1,3155.02,1645090240,BISON/ADA_0.3,0.0,0.0,0.0,901.0
0.033516,2698392.0,90440.23,4872.11,1645090240,FIRE/ADA_0.3,0.0,0.0,0.0,901.0
0.305505,275514.27,84171.2,107697.15,1645090240,MIN/ADA_0.3,0.01042000000000004,-4814.880000000005,1450.0,901.0
0.0,1080964280357.0,63113.83,27091.46,1645090240,HOSKY/ADA_0.3,0.0,0.0,0.0,901.0
0.006334,8933861.0,56593.37,4370.12,1645090240,FLICK/ADA_0.3,0.0,0.0,0.0,901.0
0.090841,527541.0,47922.48,5002.31,1645090240,cNETA/ADA_0.3,0.00037800000000000333,-1099.0,100.0,901.0
0.011913,3422214.0,40770.54,7581.95,1645090240,CNFT/ADA_0.3,0.0,0.0,0.0,901.0
0.002781,12629877.8,35127.83,8887.21,1645090240,DRIP/ADA_1.0,-4.9e-05,110449.61000000127,-306.79999999999563,901.0
0.106305,302292.84,32135.26,13678.62,1645090240,REVU/ADA_0.3,0.0,0.0,0.0,901.0
42.240544,718.0,30328.71,4354.0,1645090240,unsi…en/ADA_1.0,0.0,0.0,0.0,901.0
0.005337,5657663.0,30199.17,264.78,1645090240,BDOGE/ADA_1.0,0.0,0.0,0.0,901.0
0.017239,1670781.0,28803.0,2178.64,1645090240,QUID/ADA_0.3,0.0,0.0,0.0,901.0
0.131209,217972.61,28600.11,0.0,1645090240,MELD/ADA_1.0,0.0,0.0,0.0,901.0
0.00085,33503680.34,28508.89,0.0,1645090240,MONET/ADA_0.3,0.0,0.0,0.0,901.0
0.000729,28266486.0,20617.5,0.0,1645090240,RAG/ADA_1.0,0.0,0.0,0.0,901.0
26.519904,740.0,19624.72,1788.66,1645090240,XDIA…ND/ADA_1.0,0.0,0.0,0.0,901.0
0.0,307104796758.0,19037.9,1381.2,1645090240,HOSKY/ADA_0.05,0.0,0.0,0.0,901.0
0.096065,190618.47,18311.93,2564.9,1645090240,MINt/ADA_0.05,0.0,0.0,0.0,901.0
0.305036,59977.33,18295.25,2244.9,1645090240,MIN/ADA_0.05,0.0,0.0,0.0,901.0
0.154061,115252.0,17755.88,664.2,1645090240,SKULL/ADA_1.0,0.0,0.0,0.0,901.0
0.456311,38817.0,17712.63,1259.52,1645090240,CDX/ADA_1.0,0.0,0.0,0.0,901.0
0.014179,1226419.0,17389.44,4789.98,1645090240,GOKEY/ADA_0.3,0.0,0.0,0.0,901.0
0.000603,27492864.0,16603.2,2947.45,1645090240,KIDZ/ADA_0.3,0.0,0.0,0.0,901.0
0.032805,475012.0,15582.92,0.0,1645090240,cMETA/ADA_0.3,0.0,0.0,0.0,901.0
0.425783,36235.12,15428.33,3846.66,1645090240,CARGO/ADA_0.3,0.0,0.0,0.0,901.0
2.413538,6053.7,14610.84,0.0,1645090240,DANA/ADA_0.3,0.0,0.0,0.0,901.0
0.0,15758017766.0,12892.35,1917.56,1645090240,MEOW/ADA_0.3,0.0,0.0,0.0,901.0
0.812385,13838.28,11242.01,0.0,1645090240,WMT/ADA_1.0,0.0,0.0,0.0,901.0
0.109,97894.0,10670.52,0.0,1645090240,Card…rm/ADA_0.3,0.0,0.0,0.0,901.0
0.049278,195918.83,9654.51,324.09,1645090240,cbTHC/ADA_0.3,0.0,0.0,0.0,901.0
108.504185,87.85,9532.54,215.22,1645090240,LQ/ADA_0.05,0.0,0.0,0.0,901.0
0.001185,8012093.0,9502.26,36.81,1645090240,FLANO/ADA_1.0,0.0,0.0,0.0,901.0
0.760083,25774765.12,19590971.56,592797.17,1645091140,SUNDAE/ADA_0.3,0.0006140000000000034,3389.870000001043,18401.949999999255,900.0
108.631726,155327.1,16873451.48,764021.66,1645091140,LQ/ADA_0.3,0.004203000000003954,-3.0,326.8700000010431,900.0
0.875958,14948218.71,13094014.75,1074817.97,1645091140,WMT/ADA_0.3,0.0024300000000000432,-14382.389999998733,23753.75,900.0
0.124513,12257658.57,1526246.38,412525.68,1645091140,MELD/ADA_0.3,0.0001260000000000011,-6192.449999999255,774.4699999999721,900.0
0.086973,12236578.0,1064257.53,399711.69,1645091140,PAVIA/ADA_0.3,5.999999999992123e-06,-428.0,37.37000000011176,900.0
0.149637,6486053.0,970557.64,85683.51,1645091140,XRAY/ADA_0.3,0.0006019999999999914,-12823.0,1993.2099999999627,900.0
0.360544,2455643.0,885368.05,48152.61,1645091140,ADAX/ADA_0.3,-0.0023540000000000227,7989.0,-2881.1199999999953,900.0
2.179375,401750.63,875565.44,573485.66,1645091140,AADA/ADA_0.3,-0.05519300000000005,5000.0,-11001.100000000093,900.0
1.706981,321888.46,549457.78,53794.41,1645091140,VYFI/ADA_0.3,0.0,0.0,0.0,900.0
6.534936,52063.0,340228.42,108872.4,1645091140,MILK/ADA_0.3,0.0,0.0,0.0,900.0
0.033258,5794018.75,192703.15,10806.06,1645091140,CLAP/ADA_0.3,0.0,0.0,0.0,900.0
0.106438,1705613.51,181543.44,57600.17,1645091140,MINt/ADA_0.3,0.0029630000000000073,-24190.22999999998,2551.9800000000105,900.0
2.235617,70979.45,158682.93,86908.19,1645091140,DANA/ADA_0.05,0.0,0.0,0.0,900.0
0.0,6821336170991.0,154776.05,357.71,1645091140,CHRLZ/ADA_0.3,0.0,0.0,0.0,900.0
0.69329,182297.36,126385.12,354.08,1645091140,SUNDAE/ADA_0.05,0.0,272.20999999999185,188.72000000000116,900.0
0.867273,138707.56,120297.38,2801.4,1645091140,WMT/ADA_0.05,0.0,0.0,0.0,900.0
0.004991,22555949.0,112585.76,4821.34,1645091140,RAVE/ADA_1.0,0.0,0.0,0.0,900.0
3e-05,3494179474.77,105635.8,4812.82,1645091140,ASHIB/ADA_1.0,0.0,0.0,0.0,900.0
0.0,98312384099464.0,94909.1,3155.02,1645091140,BISON/ADA_0.3,0.0,0.0,0.0,900.0
0.033516,2698392.0,90440.23,4872.11,1645091140,FIRE/ADA_0.3,0.0,0.0,0.0,900.0
0.300391,277853.42,83464.7,108403.65,1645091140,MIN/ADA_0.3,-0.005114000000000007,2339.149999999965,-706.5,900.0
0.0,1079651038752.0,63190.83,27168.69,1645091140,HOSKY/ADA_0.3,0.0,-1313241605.0,77.0,900.0
0.006334,8933861.0,56593.37,4370.12,1645091140,FLICK/ADA_0.3,0.0,0.0,0.0,900.0
0.090841,527541.0,47922.48,5002.31,1645091140,cNETA/ADA_0.3,0.0,0.0,0.0,900.0
0.011913,3422214.0,40770.54,7581.95,1645091140,CNFT/ADA_0.3,0.0,0.0,0.0,900.0
0.002778,12636077.8,35110.76,8904.27,1645091140,DRIP/ADA_1.0,-2.9999999999999645e-06,6200.0,-17.06999999999971,900.0
0.106305,302292.84,32135.26,13678.62,1645091140,REVU/ADA_0.3,0.0,0.0,0.0,900.0
42.240544,718.0,30328.71,4354.0,1645091140,unsi…en/ADA_1.0,0.0,0.0,0.0,900.0
0.005337,5657663.0,30199.17,264.78,1645091140,BDOGE/ADA_1.0,0.0,0.0,0.0,900.0
0.017239,1670781.0,28803.0,2178.64,1645091140,QUID/ADA_0.3,0.0,0.0,0.0,900.0
0.131209,217972.61,28600.11,0.0,1645091140,MELD/ADA_1.0,0.0,0.0,0.0,900.0
0.00085,33503680.34,28508.89,0.0,1645091140,MONET/ADA_0.3,0.0,0.0,0.0,900.0
0.000729,28266486.0,20617.5,0.0,1645091140,RAG/ADA_1.0,0.0,0.0,0.0,900.0
26.519904,740.0,19624.72,1788.66,1645091140,XDIA…ND/ADA_1.0,0.0,0.0,0.0,900.0
0.0,307104796758.0,19037.9,1381.2,1645091140,HOSKY/ADA_0.05,0.0,0.0,0.0,900.0
0.096065,190618.47,18311.93,2564.9,1645091140,MINt/ADA_0.05,0.0,0.0,0.0,900.0
0.305036,59977.33,18295.25,2244.9,1645091140,MIN/ADA_0.05,0.0,0.0,0.0,900.0
0.154925,114932.0,17805.88,714.7,1645091140,SKULL/ADA_1.0,0.0008640000000000037,-320.0,50.0,900.0
0.456311,38817.0,17712.63,1259.52,1645091140,CDX/ADA_1.0,0.0,0.0,0.0,900.0
0.014179,1226419.0,17389.44,4789.98,1645091140,GOKEY/ADA_0.3,0.0,0.0,0.0,900.0
0.000604,27487815.0,16606.26,2950.51,1645091140,KIDZ/ADA_0.3,1.0000000000000243e-06,-5049.0,3.0599999999976717,900.0
0.032805,475012.0,15582.92,0.0,1645091140,cMETA/ADA_0.3,0.0,0.0,0.0,900.0
0.425783,36235.12,15428.33,3846.66,1645091140,CARGO/ADA_0.3,0.0,0.0,0.0,900.0
2.413538,6053.7,14610.84,0.0,1645091140,DANA/ADA_0.3,0.0,0.0,0.0,900.0
0.0,15758017766.0,12892.35,1917.56,1645091140,MEOW/ADA_0.3,0.0,0.0,0.0,900.0
0.812385,13838.28,11242.01,0.0,1645091140,WMT/ADA_1.0,0.0,0.0,0.0,900.0
0.109,97894.0,10670.52,0.0,1645091140,Card…rm/ADA_0.3,0.0,0.0,0.0,900.0
0.04938,195716.72,9664.51,334.12,1645091140,cbTHC/ADA_0.3,0.00010199999999999793,-202.10999999998603,10.0,900.0
108.504185,87.85,9532.54,215.22,1645091140,LQ/ADA_0.05,0.0,0.0,0.0,900.0
0.001185,8012093.0,9502.26,36.81,1645091140,FLANO/ADA_1.0,0.0,0.0,0.0,900.0
0.76068,25843203.01,19658427.33,511347.41,1645092038,SUNDAE/ADA_0.3,0.0005970000000000697,68437.8900000006,67455.76999999955,897.0
109.503349,154709.6,16941220.09,822728.02,1645092038,LQ/ADA_0.3,0.8716229999999996,-617.5,67768.6099999994,897.0
0.876241,14944256.08,13094770.7,1042472.1,1645092038,WMT/ADA_0.3,0.0002830000000000332,-3962.6300000008196,755.9499999992549,897.0
0.124682,12245488.6,1526792.72,409188.98,1645092038,MELD/ADA_0.3,0.00016900000000000248,-12169.97000000067,546.3400000000838,897.0
0.086783,12238050.0,1062065.25,351747.35,1645092038,PAVIA/ADA_0.3,-0.00018999999999999573,1472.0,-2192.280000000028,897.0
0.149637,6486053.0,970557.64,85683.51,1645092038,XRAY/ADA_0.3,0.0,0.0,0.0,897.0
0.36056,2455588.0,885388.05,47368.71,1645092038,ADAX/ADA_0.3,1.6000000000016e-05,-55.0,20.0,897.0
1.947765,425004.88,827809.93,586856.25,1645092038,AADA/ADA_0.3,-0.23160999999999987,23254.25,-47755.50999999989,897.0
0.974628,426150.56,415338.4,185376.57,1645092038,VYFI/ADA_0.3,-0.732353,104262.09999999998,-134119.38,897.0
6.399223,52613.0,336682.34,112367.84,1645092038,MILK/ADA_0.3,-0.13571299999999997,550.0,-3546.079999999958,897.0
0.033258,5794018.75,192703.15,10806.06,1645092038,CLAP/ADA_0.3,0.0,0.0,0.0,897.0
0.105575,1712580.72,180807.41,57721.32,1645092038,MINt/ADA_0.3,-0.0008630000000000027,6967.209999999963,-736.0299999999988,897.0
2.238435,70934.77,158782.93,82817.56,1645092038,DANA/ADA_0.05,0.002817999999999987,-44.679999999993015,100.0,897.0
0.0,6821336170991.0,154776.05,357.71,1645092038,CHRLZ/ADA_0.3,0.0,0.0,0.0,897.0
0.69329,182297.36,126385.12,354.08,1645092038,SUNDAE/ADA_0.05,0.0,0.0,0.0,897.0
0.867273,138707.56,120297.38,2801.4,1645092038,WMT/ADA_0.05,0.0,0.0,0.0,897.0
0.004991,22555949.0,112585.76,4522.2,1645092038,RAVE/ADA_1.0,0.0,0.0,0.0,897.0
3e-05,3494180474.77,105649.77,4188.89,1645092038,ASHIB/ADA_1.0,0.0,1000.0,13.970000000001164,897.0
0.0,98312384099464.0,94909.1,2925.4,1645092038,BISON/ADA_0.3,0.0,0.0,0.0,897.0
0.033516,2698392.0,90440.23,4862.08,1645092038,FIRE/ADA_0.3,0.0,0.0,0.0,897.0
0.300391,277825.08,83456.19,103431.71,1645092038,MIN/ADA_0.3,0.0,-28.339999999967404,-8.509999999994761,897.0
0.0,1076153340424.0,63396.83,26218.46,1645092038,HOSKY/ADA_0.3,0.0,-3497698328.0,206.0,897.0
0.006334,8933861.0,56593.37,4213.89,1645092038,FLICK/ADA_0.3,0.0,0.0,0.0,897.0
0.090878,527432.0,47932.48,5012.34,1645092038,cNETA/ADA_0.3,3.699999999999537e-05,-109.0,10.0,897.0
0.011913,3422214.0,40770.54,5998.42,1645092038,CNFT/ADA_0.3,0.0,0.0,0.0,897.0
0.002778,12636077.8,35110.76,8741.22,1645092038,DRIP/ADA_1.0,0.0,0.0,0.0,897.0
0.106305,302292.84,32135.26,13211.15,1645092038,REVU/ADA_0.3,0.0,0.0,0.0,897.0
42.240544,718.0,30328.71,4354.0,1645092038,unsi…en/ADA_1.0,0.0,0.0,0.0,897.0
0.005337,5657663.0,30199.17,264.78,1645092038,BDOGE/ADA_1.0,0.0,0.0,0.0,897.0
0.017239,1670781.0,28803.0,2062.68,1645092038,QUID/ADA_0.3,0.0,0.0,0.0,897.0
0.131209,217972.61,28600.11,0.0,1645092038,MELD/ADA_1.0,0.0,0.0,0.0,897.0
0.00085,33503680.34,28508.89,0.0,1645092038,MONET/ADA_0.3,0.0,0.0,0.0,897.0
0.000729,28266486.0,20617.5,0.0,1645092038,RAG/ADA_1.0,0.0,0.0,0.0,897.0
26.519904,740.0,19624.72,1788.66,1645092038,XDIA…ND/ADA_1.0,0.0,0.0,0.0,897.0
0.104083,183131.71,19060.93,3314.28,1645092038,MINt/ADA_0.05,0.008017999999999997,-7486.760000000009,749.0,897.0
0.0,307104796758.0,19037.9,1381.2,1645092038,HOSKY/ADA_0.05,0.0,0.0,0.0,897.0
0.305036,59977.33,18295.25,1510.13,1645092038,MIN/ADA_0.05,0.0,0.0,0.0,897.0
0.154925,114932.0,17805.88,512.7,1645092038,SKULL/ADA_1.0,0.0,0.0,0.0,897.0
0.014179,1226419.0,17389.44,4789.98,1645092038,GOKEY/ADA_0.3,0.0,0.0,0.0,897.0
0.000622,27081341.0,16856.26,3174.18,1645092038,KIDZ/ADA_0.3,1.8000000000000004e-05,-406474.0,250.0,897.0
0.403005,41317.0,16650.95,1760.64,1645092038,CDX/ADA_1.0,-0.05330600000000002,2500.0,-1061.6800000000003,897.0
0.032805,475012.0,15582.92,0.0,1645092038,cMETA/ADA_0.3,0.0,0.0,0.0,897.0
0.428147,36135.12,15471.16,3889.62,1645092038,CARGO/ADA_0.3,0.0023639999999999772,-100.0,42.82999999999993,897.0
2.413538,6053.7,14610.84,0.0,1645092038,DANA/ADA_0.3,0.0,0.0,0.0,897.0
0.0,15758017766.0,12892.35,1917.56,1645092038,MEOW/ADA_0.3,0.0,0.0,0.0,897.0
0.812385,13838.28,11242.01,0.0,1645092038,WMT/ADA_1.0,0.0,0.0,0.0,897.0
0.109,97894.0,10670.52,0.0,1645092038,Card…rm/ADA_0.3,0.0,0.0,0.0,897.0
0.04938,195716.72,9664.51,93.4,1645092038,cbTHC/ADA_0.3,0.0,0.0,0.0,897.0
108.504185,87.85,9532.54,215.22,1645092038,LQ/ADA_0.05,0.0,0.0,0.0,897.0
0.001185,8012093.0,9502.26,36.81,1645092038,FLANO/ADA_1.0,0.0,0.0,0.0,897.0
0.75918,25877325.82,19645573.21,537818.3,1645092940,SUNDAE/ADA_0.3,-0.0015000000000000568,34122.80999999866,-12854.119999997318,901.0
109.503349,155323.18,17008408.51,822728.02,1645092940,LQ/ADA_0.3,0.0,613.5799999999872,67188.42000000179,901.0
0.868576,15011967.5,13039037.87,1159854.4,1645092940,WMT/ADA_0.3,-0.007665000000000033,67711.41999999993,-55732.830000000075,901.0
0.124711,12244056.58,1526979.32,411868.46,1645092940,MELD/ADA_0.3,2.9000000000001247e-05,-1432.019999999553,186.60000000009313,901.0
0.085253,12311496.0,1049603.07,362367.34,1645092940,PAVIA/ADA_0.3,-0.0015300000000000036,73446.0,-12462.179999999935,901.0
0.149637,6486053.0,970557.64,85683.51,1645092940,XRAY/ADA_0.3,0.0,0.0,0.0,901.0
0.36056,2455588.0,885388.05,47368.71,1645092940,ADAX/ADA_0.3,0.0,0.0,0.0,901.0
1.926738,427321.64,823336.99,591896.97,1645092940,AADA/ADA_0.3,-0.021026999999999907,2316.7600000000093,-4472.9400000000605,901.0
1.041737,412216.14,429420.95,199501.37,1645092940,VYFI/ADA_0.3,0.06710899999999986,-13934.419999999984,14082.549999999988,901.0
6.313068,52972.0,334415.87,116637.32,1645092940,MILK/ADA_0.3,-0.08615499999999976,359.0,-2266.4700000000303,901.0
0.033258,5794018.75,192703.15,10806.06,1645092940,CLAP/ADA_0.3,0.0,0.0,0.0,901.0
0.104962,1717587.96,180281.88,58246.85,1645092940,MINt/ADA_0.3,-0.0006130000000000024,5007.239999999991,-525.5299999999988,901.0
2.242928,70863.81,158942.43,83789.6,1645092940,DANA/ADA_0.05,0.00449300000000008,-70.9600000000064,159.5,901.0
0.0,6821336170991.0,154776.05,357.71,1645092940,CHRLZ/ADA_0.3,0.0,0.0,0.0,901.0
0.867273,138691.5,120283.45,2801.4,1645092940,WMT/ADA_0.05,0.0,-16.05999999999767,-13.930000000007567,901.0
0.69329,163791.28,113555.02,354.08,1645092940,SUNDAE/ADA_0.05,0.0,-18506.079999999987,-12830.099999999991,901.0
0.004991,22555949.0,112585.76,4522.2,1645092940,RAVE/ADA_1.0,0.0,0.0,0.0,901.0
3e-05,3494180474.77,105649.77,4188.89,1645092940,ASHIB/ADA_1.0,0.0,0.0,0.0,901.0
0.0,98312637428091.0,94909.34,2925.4,1645092940,BISON/ADA_0.3,0.0,253328627.0,0.23999999999068677,901.0
0.033516,2698392.0,90440.23,4862.08,1645092940,FIRE/ADA_0.3,0.0,0.0,0.0,901.0
0.299314,278325.08,83306.71,103581.19,1645092940,MIN/ADA_0.3,-0.0010769999999999946,500.0,-149.47999999999593,901.0
0.0,1093797241259.0,62377.55,27355.46,1645092940,HOSKY/ADA_0.3,0.0,17643900835.0,-1019.2799999999988,901.0
0.006334,8933861.0,56593.37,4213.89,1645092940,FLICK/ADA_0.3,0.0,0.0,0.0,901.0
0.090518,528482.0,47837.53,5107.28,1645092940,cNETA/ADA_0.3,-0.0003599999999999992,1050.0,-94.95000000000437,901.0
0.011913,3422214.0,40770.54,5998.42,1645092940,CNFT/ADA_0.3,0.0,0.0,0.0,901.0
0.002748,12706076.2,34921.73,9180.55,1645092940,DRIP/ADA_1.0,-3.000000000000008e-05,69998.39999999851,-189.02999999999884,901.0
0.107165,301078.51,32265.26,13341.54,1645092940,REVU/ADA_0.3,0.0008599999999999997,-1214.3300000000163,130.0,901.0
42.240544,718.0,30328.71,4354.0,1645092940,unsi…en/ADA_1.0,0.0,0.0,0.0,901.0
0.005337,5657663.0,30199.17,264.78,1645092940,BDOGE/ADA_1.0,0.0,0.0,0.0,901.0
0.017239,1670781.0,28803.0,2062.68,1645092940,QUID/ADA_0.3,0.0,0.0,0.0,901.0
0.131209,217972.61,28600.11,0.0,1645092940,MELD/ADA_1.0,0.0,0.0,0.0,901.0
0.00085,33503680.34,28508.89,0.0,1645092940,MONET/ADA_0.3,0.0,0.0,0.0,901.0
0.000729,28266486.0,20617.5,0.0,1645092940,RAG/ADA_1.0,0.0,0.0,0.0,901.0
26.519904,740.0,19624.72,1788.66,1645092940,XDIA…ND/ADA_1.0,0.0,0.0,0.0,901.0
0.104083,183131.71,19060.93,3314.28,1645092940,MINt/ADA_0.05,0.0,0.0,0.0,901.0
0.0,307104796758.0,19037.9,1381.2,1645092940,HOSKY/ADA_0.05,0.0,0.0,0.0,901.0
0.305036,59977.33,18295.25,1510.13,1645092940,MIN/ADA_0.05,0.0,0.0,0.0,901.0
0.154925,114932.0,17805.88,512.7,1645092940,SKULL/ADA_1.0,0.0,0.0,0.0,901.0
0.014179,1226419.0,17389.44,4789.98,1645092940,GOKEY/ADA_0.3,0.0,0.0,0.0,901.0
0.000622,27081341.0,16856.26,3174.18,1645092940,KIDZ/ADA_0.3,0.0,0.0,0.0,901.0
0.403005,41317.0,16650.95,1760.64,1645092940,CDX/ADA_1.0,0.0,0.0,0.0,901.0
0.032805,475012.0,15582.92,0.0,1645092940,cMETA/ADA_0.3,0.0,0.0,0.0,901.0
0.428147,36135.12,15471.16,3889.62,1645092940,CARGO/ADA_0.3,0.0,0.0,0.0,901.0
2.413538,6053.7,14610.84,0.0,1645092940,DANA/ADA_0.3,0.0,0.0,0.0,901.0
0.0,15758017766.0,12892.35,1917.56,1645092940,MEOW/ADA_0.3,0.0,0.0,0.0,901.0
0.812385,13838.28,11242.01,0.0,1645092940,WMT/ADA_1.0,0.0,0.0,0.0,901.0
0.109,97894.0,10670.52,0.0,1645092940,Card…rm/ADA_0.3,0.0,0.0,0.0,901.0
0.04938,195716.72,9664.51,93.4,1645092940,cbTHC/ADA_0.3,0.0,0.0,0.0,901.0
108.504185,87.85,9532.54,215.22,1645092940,LQ/ADA_0.05,0.0,0.0,0.0,901.0
0.001185,8012093.0,9502.26,36.81,1645092940,FLANO/ADA_1.0,0.0,0.0,0.0,901.0
0.75967,25871142.23,19653531.41,544173.69,1645093839,SUNDAE/ADA_0.3,0.0004899999999999904,-6183.589999999851,7958.199999999255,898.0
109.471705,155350.04,17006434.46,825182.06,1645093839,LQ/ADA_0.3,-0.031644000000000005,26.860000000015134,-1974.050000000745,898.0
0.867084,15025058.3,13027989.19,1174457.3,1645093839,WMT/ADA_0.3,-0.0014920000000000488,13090.800000000745,-11048.679999999702,898.0
0.124458,12256673.08,1525450.96,414094.21,1645093839,MELD/ADA_0.3,-0.0002530000000000032,12616.5,-1528.3600000001024,898.0
0.082068,12548535.0,1029836.15,382621.62,1645093839,PAVIA/ADA_0.3,-0.0031849999999999934,237039.0,-19766.920000000042,898.0
0.149637,6486053.0,970557.64,86445.79,1645093839,XRAY/ADA_0.3,0.0,0.0,0.0,898.0
0.35988,2457909.0,884554.48,48202.27,1645093839,ADAX/ADA_0.3,-0.0006800000000000139,2321.0,-833.5700000000652,898.0
1.920619,428002.81,822030.56,593203.4,1645093839,AADA/ADA_0.3,-0.0061189999999999856,681.1699999999837,-1306.4299999999348,898.0
1.079265,404996.59,437099.03,207202.49,1645093839,VYFI/ADA_0.3,0.037528000000000006,-7219.549999999988,7678.080000000016,898.0
6.353289,52805.0,335485.44,117836.14,1645093839,MILK/ADA_0.3,0.04022099999999984,-167.0,1069.570000000007,898.0
0.033258,5800958.14,192933.95,10806.06,1645093839,CLAP/ADA_0.3,0.0,6939.389999999665,230.80000000001746,898.0
0.104903,1718066.4,180231.83,58296.9,1645093839,MINt/ADA_0.3,-5.9000000000003494e-05,478.4399999999441,-50.05000000001746,898.0
2.240233,70906.5,158847.09,84501.66,1645093839,DANA/ADA_0.05,-0.002695000000000114,42.69000000000233,-95.33999999999651,898.0
0.0,6821336170991.0,154776.05,357.71,1645093839,CHRLZ/ADA_0.3,0.0,0.0,0.0,898.0
0.867273,138691.5,120283.45,2801.4,1645093839,WMT/ADA_0.05,0.0,0.0,0.0,898.0
0.69329,163455.19,113322.01,354.08,1645093839,SUNDAE/ADA_0.05,0.0,-336.0899999999965,-233.0100000000093,898.0
0.004991,22555949.0,112585.76,4522.2,1645093839,RAVE/ADA_1.0,0.0,0.0,0.0,898.0
3e-05,3494180474.77,105649.77,4188.89,1645093839,ASHIB/ADA_1.0,0.0,0.0,0.0,898.0
0.0,98344946551320.0,94878.25,2956.49,1645093839,BISON/ADA_0.3,0.0,32309123229.0,-31.089999999996508,898.0
0.033516,2698392.0,90440.23,4862.08,1645093839,FIRE/ADA_0.3,0.0,0.0,0.0,898.0
0.306532,275033.53,84306.71,104584.19,1645093839,MIN/ADA_0.3,0.007218000000000002,-3291.5499999999884,1000.0,898.0
0.0,1093797641333.0,62377.57,27355.46,1645093839,HOSKY/ADA_0.3,0.0,400074.0,0.01999999999679858,898.0
0.006334,8933861.0,56593.37,4213.89,1645093839,FLICK/ADA_0.3,0.0,0.0,0.0,898.0
0.090518,528482.0,47837.53,5107.28,1645093839,cNETA/ADA_0.3,0.0,0.0,0.0,898.0
0.011899,3424214.0,40746.8,6022.16,1645093839,CNFT/ADA_0.3,-1.4000000000000123e-05,2000.0,-23.739999999997963,898.0
0.002748,12706076.2,34921.73,9180.55,1645093839,DRIP/ADA_1.0,0.0,0.0,0.0,898.0
0.107165,301078.51,32265.26,13341.54,1645093839,REVU/ADA_0.3,0.0,0.0,0.0,898.0
42.240544,718.0,30328.71,4354.0,1645093839,unsi…en/ADA_1.0,0.0,0.0,0.0,898.0
0.005337,5657663.0,30199.17,264.78,1645093839,BDOGE/ADA_1.0,0.0,0.0,0.0,898.0
0.017239,1670781.0,28803.0,2062.68,1645093839,QUID/ADA_0.3,0.0,0.0,0.0,898.0
0.131209,217972.61,28600.11,0.0,1645093839,MELD/ADA_1.0,0.0,0.0,0.0,898.0
0.00085,33503680.34,28508.89,0.0,1645093839,MONET/ADA_0.3,0.0,0.0,0.0,898.0
0.000729,28266486.0,20617.5,0.0,1645093839,RAG/ADA_1.0,0.0,0.0,0.0,898.0
26.519904,740.0,19624.72,1788.66,1645093839,XDIA…ND/ADA_1.0,0.0,0.0,0.0,898.0
0.104083,183131.71,19060.93,3314.28,1645093839,MINt/ADA_0.05,0.0,0.0,0.0,898.0
0.0,307104796758.0,19037.9,1381.2,1645093839,HOSKY/ADA_0.05,0.0,0.0,0.0,898.0
0.305036,59977.33,18295.25,1510.13,1645093839,MIN/ADA_0.05,0.0,0.0,0.0,898.0
0.154925,114932.0,17805.88,512.7,1645093839,SKULL/ADA_1.0,0.0,0.0,0.0,898.0
0.014179,1226419.0,17389.44,4789.98,1645093839,GOKEY/ADA_0.3,0.0,0.0,0.0,898.0
0.000614,27260865.0,16745.58,3284.86,1645093839,KIDZ/ADA_0.3,-8.000000000000086e-06,179524.0,-110.67999999999665,898.0
0.403005,41317.0,16650.95,1760.64,1645093839,CDX/ADA_1.0,0.0,0.0,0.0,898.0
0.032805,475012.0,15582.92,0.0,1645093839,cMETA/ADA_0.3,0.0,0.0,0.0,898.0
0.428147,36135.12,15471.16,3889.62,1645093839,CARGO/ADA_0.3,0.0,0.0,0.0,898.0
2.413538,6053.7,14610.84,0.0,1645093839,DANA/ADA_0.3,0.0,0.0,0.0,898.0
0.0,15758017766.0,12892.35,1917.56,1645093839,MEOW/ADA_0.3,0.0,0.0,0.0,898.0
0.812385,13838.28,11242.01,0.0,1645093839,WMT/ADA_1.0,0.0,0.0,0.0,898.0
0.109,97894.0,10670.52,0.0,1645093839,Card…rm/ADA_0.3,0.0,0.0,0.0,898.0
0.04938,195716.72,9664.51,93.4,1645093839,cbTHC/ADA_0.3,0.0,0.0,0.0,898.0
108.504185,87.85,9532.54,215.22,1645093839,LQ/ADA_0.05,0.0,0.0,0.0,898.0
0.001185,8012093.0,9502.26,36.81,1645093839,FLANO/ADA_1.0,0.0,0.0,0.0,898.0
0.759949,25868962.49,19659109.1,547806.93,1645094740,SUNDAE/ADA_0.3,0.0002790000000000292,-2179.740000002086,5577.690000001341,901.0
109.473704,155349.53,17006689.32,825557.0,1645094740,LQ/ADA_0.3,0.0019989999999978636,-0.5100000000093132,254.85999999940395,901.0
0.868066,15017093.01,13035831.91,1187905.53,1645094740,WMT/ADA_0.3,0.0009820000000000384,-7965.290000000969,7842.720000000671,901.0
0.124538,12252749.1,1525940.96,414585.68,1645094740,MELD/ADA_0.3,7.999999999999674e-05,-3923.980000000447,490.0,901.0
0.082193,12539024.0,1030620.1,383504.77,1645094740,PAVIA/ADA_0.3,0.0001250000000000001,-9511.0,783.9499999999534,901.0
0.149872,6480984.0,971319.29,86447.44,1645094740,XRAY/ADA_0.3,0.00023500000000001298,-5069.0,761.6500000000233,901.0
0.359692,2457909.0,884091.36,48433.28,1645094740,ADAX/ADA_0.3,-0.00018799999999996597,0.0,-463.11999999999534,901.0
1.976138,421962.28,833856.05,612564.62,1645094740,AADA/ADA_0.3,0.055518999999999874,-6040.52999999997,11825.48999999999,901.0
1.188078,386032.33,458636.83,228804.9,1645094740,VYFI/ADA_0.3,0.10881300000000005,-18964.26000000001,21537.79999999999,901.0
6.347286,52830.0,335327.16,117994.42,1645094740,MILK/ADA_0.3,-0.0060029999999997585,25.0,-158.28000000002794,901.0
0.033227,5803688.04,192843.47,10896.53,1645094740,CLAP/ADA_0.3,-3.100000000000325e-05,2729.9000000003725,-90.48000000001048,901.0
0.104991,1717353.9,180306.83,58372.13,1645094740,MINt/ADA_0.3,8.800000000000474e-05,-712.5,75.0,901.0
2.228842,71087.5,158442.84,84905.9,1645094740,DANA/ADA_0.05,-0.011390999999999707,181.0,-404.25,901.0
0.0,6825328027635.0,154685.8,447.96,1645094740,CHRLZ/ADA_0.3,0.0,3991856644.0,-90.25,901.0
0.867273,138088.71,119760.67,2801.4,1645094740,WMT/ADA_0.05,0.0,-602.7900000000081,-522.7799999999988,901.0
0.69329,164823.56,114270.69,354.08,1645094740,SUNDAE/ADA_0.05,0.0,1368.3699999999953,948.6800000000076,901.0
0.005054,22415941.0,113296.07,5239.61,1645094740,RAVE/ADA_1.0,6.300000000000056e-05,-140008.0,710.3100000000122,901.0
3e-05,3494180474.77,105649.77,4188.89,1645094740,ASHIB/ADA_1.0,0.0,0.0,0.0,901.0
0.0,98344946551320.0,94878.25,2956.49,1645094740,BISON/ADA_0.3,0.0,0.0,0.0,901.0
0.033516,2698392.0,90440.23,4862.08,1645094740,FIRE/ADA_0.3,0.0,0.0,0.0,901.0
0.307622,274546.52,84456.71,104734.64,1645094740,MIN/ADA_0.3,0.0010899999999999799,-487.0100000000093,150.0,901.0
0.0,1093797641333.0,62377.57,27355.46,1645094740,HOSKY/ADA_0.3,0.0,0.0,0.0,901.0
0.006334,8933861.0,56593.37,4213.89,1645094740,FLICK/ADA_0.3,0.0,0.0,0.0,901.0
0.092267,523456.0,48298.23,5569.37,1645094740,cNETA/ADA_0.3,0.0017490000000000006,-5026.0,460.70000000000437,901.0
0.011899,3424214.0,40746.8,6022.16,1645094740,CNFT/ADA_0.3,0.0,0.0,0.0,901.0
0.00274,12724076.2,34872.82,9229.46,1645094740,DRIP/ADA_1.0,-8.000000000000194e-06,18000.0,-48.91000000000349,901.0
0.107165,301078.51,32265.26,13341.54,1645094740,REVU/ADA_0.3,0.0,0.0,0.0,901.0
42.240544,718.0,30328.71,4354.0,1645094740,unsi…en/ADA_1.0,0.0,0.0,0.0,901.0
0.005337,5657663.0,30199.17,264.78,1645094740,BDOGE/ADA_1.0,0.0,0.0,0.0,901.0
0.017239,1670781.0,28803.0,2062.68,1645094740,QUID/ADA_0.3,0.0,0.0,0.0,901.0
0.131209,217972.61,28600.11,0.0,1645094740,MELD/ADA_1.0,0.0,0.0,0.0,901.0
0.00085,33503680.34,28508.89,0.0,1645094740,MONET/ADA_0.3,0.0,0.0,0.0,901.0
0.000729,28266486.0,20617.5,0.0,1645094740,RAG/ADA_1.0,0.0,0.0,0.0,901.0
26.519904,740.0,19624.72,1788.66,1645094740,XDIA…ND/ADA_1.0,0.0,0.0,0.0,901.0
0.104083,183131.71,19060.93,3314.28,1645094740,MINt/ADA_0.05,0.0,0.0,0.0,901.0
0.0,307104796758.0,19037.9,1381.2,1645094740,HOSKY/ADA_0.05,0.0,0.0,0.0,901.0
0.305036,59977.33,18295.25,1510.13,1645094740,MIN/ADA_0.05,0.0,0.0,0.0,901.0
0.154925,114932.0,17805.88,512.7,1645094740,SKULL/ADA_1.0,0.0,0.0,0.0,901.0
0.014179,1226419.0,17389.44,4789.98,1645094740,GOKEY/ADA_0.3,0.0,0.0,0.0,901.0
0.000614,27260865.0,16745.58,3284.86,1645094740,KIDZ/ADA_0.3,0.0,0.0,0.0,901.0
0.403005,41317.0,16650.95,1760.64,1645094740,CDX/ADA_1.0,0.0,0.0,0.0,901.0
0.032805,475012.0,15582.92,0.0,1645094740,cMETA/ADA_0.3,0.0,0.0,0.0,901.0
0.428147,36135.12,15471.16,3889.62,1645094740,CARGO/ADA_0.3,0.0,0.0,0.0,901.0
2.413538,6053.7,14610.84,0.0,1645094740,DANA/ADA_0.3,0.0,0.0,0.0,901.0
0.0,15758017766.0,12892.35,1917.56,1645094740,MEOW/ADA_0.3,0.0,0.0,0.0,901.0
0.812385,13838.28,11242.01,0.0,1645094740,WMT/ADA_1.0,0.0,0.0,0.0,901.0
0.109,97894.0,10670.52,0.0,1645094740,Card…rm/ADA_0.3,0.0,0.0,0.0,901.0
0.04938,195716.72,9664.51,93.4,1645094740,cbTHC/ADA_0.3,0.0,0.0,0.0,901.0
108.504185,87.85,9532.54,215.22,1645094740,LQ/ADA_0.05,0.0,0.0,0.0,901.0
0.001185,8012093.0,9502.26,36.81,1645094740,FLANO/ADA_1.0,0.0,0.0,0.0,901.0
0.760812,25855677.03,19671310.75,559177.31,1645095640,SUNDAE/ADA_0.3,0.0008630000000000582,-13285.459999997169,12201.64999999851,900.0
109.444037,155377.44,17005135.17,828058.16,1645095640,LQ/ADA_0.3,-0.02966700000000344,27.910000000003492,-1554.1499999985099,900.0
0.868645,15022608.28,13049322.4,1196970.17,1645095640,WMT/ADA_0.3,0.0005789999999999962,5515.269999999553,13490.490000000224,900.0
0.124587,12250628.18,1526275.88,414886.58,1645095640,MELD/ADA_0.3,4.900000000000737e-05,-2120.9199999999255,334.9199999999255,900.0
0.082874,12487414.0,1034888.43,389168.2,1645095640,PAVIA/ADA_0.3,0.000681000000000001,-51610.0,4268.3300000000745,900.0
0.149872,6480984.0,971319.29,86447.44,1645095640,XRAY/ADA_0.3,0.0,0.0,0.0,900.0
0.359692,2457909.0,884091.36,48469.14,1645095640,ADAX/ADA_0.3,0.0,0.0,0.0,900.0
1.973494,422271.28,833350.23,613121.82,1645095640,AADA/ADA_0.3,-0.0026439999999998687,309.0,-505.8200000000652,900.0
1.202135,383772.17,461346.03,231913.39,1645095640,VYFI/ADA_0.3,0.014056999999999986,-2260.1600000000326,2709.2000000000116,900.0
6.347286,52830.0,335327.16,117994.42,1645095640,MILK/ADA_0.3,0.0,0.0,0.0,900.0
0.033227,5806531.19,192937.94,9496.61,1645095640,CLAP/ADA_0.3,0.0,2843.1500000003725,94.47000000000116,900.0
0.104984,1717405.88,180301.39,56406.1,1645095640,MINt/ADA_0.3,-7.000000000007001e-06,51.97999999998137,-5.4399999999732245,900.0
2.217476,71269.5,158038.43,78908.88,1645095640,DANA/ADA_0.05,-0.01136600000000021,182.0,-404.4100000000035,900.0
0.0,6825328027635.0,154685.8,447.96,1645095640,CHRLZ/ADA_0.3,0.0,0.0,0.0,900.0
0.867273,138088.71,119760.67,2801.4,1645095640,WMT/ADA_0.05,0.0,0.0,0.0,900.0
0.69329,164923.48,114339.96,354.08,1645095640,SUNDAE/ADA_0.05,0.0,99.9200000000128,69.27000000000407,900.0
0.005054,22415941.0,113296.07,4656.6,1645095640,RAVE/ADA_1.0,0.0,0.0,0.0,900.0
3e-05,3494180474.77,105649.77,2091.53,1645095640,ASHIB/ADA_1.0,0.0,0.0,0.0,900.0
0.0,98344946551320.0,94878.25,2956.48,1645095640,BISON/ADA_0.3,0.0,0.0,0.0,900.0
0.033226,2710169.0,90048.4,4837.58,1645095640,FIRE/ADA_0.3,-0.0002899999999999986,11777.0,-391.83000000000175,900.0
0.307986,274384.56,84506.71,102743.72,1645095640,MIN/ADA_0.3,0.00036399999999997545,-161.96000000002095,50.0,900.0
0.0,1093798641333.0,62377.51,23931.55,1645095640,HOSKY/ADA_0.3,0.0,1000000.0,-0.059999999997671694,900.0
0.006334,8933861.0,56593.37,4143.68,1645095640,FLICK/ADA_0.3,0.0,0.0,0.0,900.0
0.092267,523456.0,48298.23,5564.89,1645095640,cNETA/ADA_0.3,0.0,0.0,0.0,900.0
0.011899,3424214.0,40746.8,2511.66,1645095640,CNFT/ADA_0.3,0.0,0.0,0.0,900.0
0.002781,12631968.09,35130.17,8885.29,1645095640,DRIP/ADA_1.0,4.100000000000024e-05,-92108.1099999994,257.34999999999854,900.0
0.107165,301078.51,32265.26,13341.54,1645095640,REVU/ADA_0.3,0.0,0.0,0.0,900.0
42.240544,718.0,30328.71,4354.0,1645095640,unsi…en/ADA_1.0,0.0,0.0,0.0,900.0
0.005337,5657663.0,30199.17,264.78,1645095640,BDOGE/ADA_1.0,0.0,0.0,0.0,900.0
0.017239,1670781.0,28803.0,2062.68,1645095640,QUID/ADA_0.3,0.0,0.0,0.0,900.0
0.131209,217972.61,28600.11,0.0,1645095640,MELD/ADA_1.0,0.0,0.0,0.0,900.0
0.00085,33503680.34,28508.89,0.0,1645095640,MONET/ADA_0.3,0.0,0.0,0.0,900.0
0.000729,28266486.0,20617.5,0.0,1645095640,RAG/ADA_1.0,0.0,0.0,0.0,900.0
26.519904,740.0,19624.72,1788.66,1645095640,XDIA…ND/ADA_1.0,0.0,0.0,0.0,900.0
0.104083,183131.71,19060.93,3314.28,1645095640,MINt/ADA_0.05,0.0,0.0,0.0,900.0
0.0,307104796758.0,19037.9,1381.2,1645095640,HOSKY/ADA_0.05,0.0,0.0,0.0,900.0
0.305036,59977.33,18295.25,1510.13,1645095640,MIN/ADA_0.05,0.0,0.0,0.0,900.0
0.154925,114932.0,17805.88,512.7,1645095640,SKULL/ADA_1.0,0.0,0.0,0.0,900.0
0.014179,1226419.0,17389.44,4789.98,1645095640,GOKEY/ADA_0.3,0.0,0.0,0.0,900.0
0.000614,27260865.0,16745.58,3284.86,1645095640,KIDZ/ADA_0.3,0.0,0.0,0.0,900.0
0.403005,41317.0,16650.95,1607.07,1645095640,CDX/ADA_1.0,0.0,0.0,0.0,900.0
0.032805,475012.0,15582.92,0.0,1645095640,cMETA/ADA_0.3,0.0,0.0,0.0,900.0
0.428147,36135.12,15471.16,3889.62,1645095640,CARGO/ADA_0.3,0.0,0.0,0.0,900.0
2.413538,6053.7,14610.84,0.0,1645095640,DANA/ADA_0.3,0.0,0.0,0.0,900.0
0.0,15758017766.0,12892.35,1917.56,1645095640,MEOW/ADA_0.3,0.0,0.0,0.0,900.0
0.812385,13838.28,11242.01,0.0,1645095640,WMT/ADA_1.0,0.0,0.0,0.0,900.0
0.109,97894.0,10670.52,0.0,1645095640,Card…rm/ADA_0.3,0.0,0.0,0.0,900.0
0.04938,195716.72,9664.51,93.4,1645095640,cbTHC/ADA_0.3,0.0,0.0,0.0,900.0
108.504185,87.85,9532.54,215.22,1645095640,LQ/ADA_0.05,0.0,0.0,0.0,900.0
0.001185,8012093.0,9502.26,36.81,1645095640,FLANO/ADA_1.0,0.0,0.0,0.0,900.0
0.758493,25944816.11,19678971.02,606436.52,1645096539,SUNDAE/ADA_0.3,-0.002319000000000071,89139.07999999821,7660.269999999553,898.0
109.564276,155383.35,17024465.24,827085.06,1645096539,LQ/ADA_0.3,0.1202390000000122,5.9100000000034925,19330.069999996573,898.0
0.868788,15021486.8,13050499.53,1160624.55,1645096539,WMT/ADA_0.3,0.00014300000000000423,-1121.4799999985844,1177.129999998957,898.0
0.124609,12249527.93,1526413.45,350482.08,1645096539,MELD/ADA_0.3,2.1999999999994246e-05,-1100.25,137.5700000000652,898.0
0.077291,12931625.0,999510.32,406915.46,1645096539,PAVIA/ADA_0.3,-0.005583000000000005,444211.0,-35378.1100000001,898.0
0.149883,6480743.0,971355.58,86228.45,1645096539,XRAY/ADA_0.3,1.0999999999983245e-05,-241.0,36.28999999992084,898.0
0.359655,2458034.0,884046.54,48478.11,1645096539,ADAX/ADA_0.3,-3.700000000000925e-05,125.0,-44.81999999994878,898.0
1.965291,424329.92,833932.16,568474.49,1645096539,AADA/ADA_0.3,-0.008203000000000182,2058.6399999999558,581.9300000000512,898.0
1.244848,377141.76,469484.51,238710.77,1645096539,VYFI/ADA_0.3,0.042713,-6630.409999999974,8138.479999999981,898.0
6.347887,52830.0,335358.9,113712.88,1645096539,MILK/ADA_0.3,0.0006009999999996296,0.0,31.740000000048894,898.0
0.033182,5810512.59,192806.14,9628.42,1645096539,CLAP/ADA_0.3,-4.499999999999643e-05,3981.399999999441,-131.79999999998836,898.0
0.104984,1717405.88,180301.39,56406.1,1645096539,MINt/ADA_0.3,0.0,0.0,0.0,898.0
2.217476,71269.5,158038.43,78908.88,1645096539,DANA/ADA_0.05,0.0,0.0,0.0,898.0
0.0,6825328027635.0,154685.8,447.96,1645096539,CHRLZ/ADA_0.3,0.0,0.0,0.0,898.0
0.867273,138088.71,119760.67,2801.4,1645096539,WMT/ADA_0.05,0.0,0.0,0.0,898.0
0.69329,166233.94,115248.49,354.08,1645096539,SUNDAE/ADA_0.05,0.0,1310.4599999999919,908.5299999999988,898.0
0.005054,22415941.0,113296.07,4656.6,1645096539,RAVE/ADA_1.0,0.0,0.0,0.0,898.0
3e-05,3492871265.1,105689.77,2131.93,1645096539,ASHIB/ADA_1.0,0.0,-1309209.6700000763,40.0,898.0
0.0,98344946551320.0,94878.25,2956.48,1645096539,BISON/ADA_0.3,0.0,0.0,0.0,898.0
0.033226,2710169.0,90048.4,4837.58,1645096539,FIRE/ADA_0.3,0.0,0.0,0.0,898.0
0.311392,272774.21,84939.86,103278.58,1645096539,MIN/ADA_0.3,0.00340600000000002,-1610.3499999999767,433.1499999999942,898.0
0.0,1099328090760.0,62065.1,24378.67,1645096539,HOSKY/ADA_0.3,0.0,5529449427.0,-312.4100000000035,898.0
0.006334,8933861.0,56593.37,4143.68,1645096539,FLICK/ADA_0.3,0.0,0.0,0.0,898.0
0.092267,523456.0,48298.23,5564.89,1645096539,cNETA/ADA_0.3,0.0,0.0,0.0,898.0
0.011969,3414165.0,40867.1,2632.33,1645096539,CNFT/ADA_0.3,7.000000000000062e-05,-10049.0,120.29999999999563,898.0
0.002825,12532818.7,35410.96,9174.5,1645096539,DRIP/ADA_1.0,4.399999999999977e-05,-99149.3900000006,280.7900000000009,898.0
0.107165,301078.51,32265.26,13341.54,1645096539,REVU/ADA_0.3,0.0,0.0,0.0,898.0
43.47328,708.0,30779.08,4808.88,1645096539,unsi…en/ADA_1.0,1.2327360000000027,-10.0,450.3700000000026,898.0
0.005337,5657663.0,30199.17,264.78,1645096539,BDOGE/ADA_1.0,0.0,0.0,0.0,898.0
0.017239,1670781.0,28803.0,2062.68,1645096539,QUID/ADA_0.3,0.0,0.0,0.0,898.0
0.131209,217972.61,28600.11,0.0,1645096539,MELD/ADA_1.0,0.0,0.0,0.0,898.0
0.00085,33503680.34,28508.89,0.0,1645096539,MONET/ADA_0.3,0.0,0.0,0.0,898.0
0.000729,28266486.0,20617.5,0.0,1645096539,RAG/ADA_1.0,0.0,0.0,0.0,898.0
26.519904,740.0,19624.72,1788.66,1645096539,XDIA…ND/ADA_1.0,0.0,0.0,0.0,898.0
0.104083,183131.71,19060.93,3314.28,1645096539,MINt/ADA_0.05,0.0,0.0,0.0,898.0
0.0,307104796758.0,19037.9,1381.2,1645096539,HOSKY/ADA_0.05,0.0,0.0,0.0,898.0
0.305036,59977.33,18295.25,1510.13,1645096539,MIN/ADA_0.05,0.0,0.0,0.0,898.0
0.154925,114932.0,17805.88,512.7,1645096539,SKULL/ADA_1.0,0.0,0.0,0.0,898.0
0.013248,1268804.0,16810.22,5369.2,1645096539,GOKEY/ADA_0.3,-0.0009310000000000013,42385.0,-579.2199999999975,898.0
0.000614,27260865.0,16745.58,3284.86,1645096539,KIDZ/ADA_0.3,0.0,0.0,0.0,898.0
0.403005,41317.0,16650.95,1607.07,1645096539,CDX/ADA_1.0,0.0,0.0,0.0,898.0
0.032805,475012.0,15582.92,0.0,1645096539,cMETA/ADA_0.3,0.0,0.0,0.0,898.0
0.428147,36135.12,15471.16,3889.62,1645096539,CARGO/ADA_0.3,0.0,0.0,0.0,898.0
2.413538,6053.7,14610.84,0.0,1645096539,DANA/ADA_0.3,0.0,0.0,0.0,898.0
0.0,15758017766.0,12892.35,1917.56,1645096539,MEOW/ADA_0.3,0.0,0.0,0.0,898.0
0.812385,13838.28,11242.01,0.0,1645096539,WMT/ADA_1.0,0.0,0.0,0.0,898.0
0.109,97894.0,10670.52,0.0,1645096539,Card…rm/ADA_0.3,0.0,0.0,0.0,898.0
0.04938,195716.72,9664.51,93.4,1645096539,cbTHC/ADA_0.3,0.0,0.0,0.0,898.0
108.504185,87.85,9532.54,215.22,1645096539,LQ/ADA_0.05,0.0,0.0,0.0,898.0
0.001185,8012093.0,9502.26,36.81,1645096539,FLANO/ADA_1.0,0.0,0.0,0.0,898.0
0.754662,26020130.01,19636418.03,670309.2,1645097439,SUNDAE/ADA_0.3,-0.003830999999999918,75313.90000000224,-42552.98999999836,900.0
109.565689,155383.35,17024684.74,827195.29,1645097439,LQ/ADA_0.3,0.0014129999999994425,0.0,219.5,900.0
0.868954,15023493.39,13054728.35,1161872.73,1645097439,WMT/ADA_0.3,0.00016599999999999948,2006.589999999851,4228.820000000298,900.0
0.124917,12238508.93,1528805.73,352798.72,1645097439,MELD/ADA_0.3,0.0003080000000000027,-11019.0,2392.280000000028,900.0
0.079048,12788693.0,1010933.05,422891.86,1645097439,PAVIA/ADA_0.3,0.0017569999999999947,-142932.0,11422.730000000098,900.0
0.149973,6478806.0,971646.89,86520.63,1645097439,XRAY/ADA_0.3,9.000000000000674e-05,-1937.0,291.3100000000559,900.0
0.359655,2458034.0,884046.54,48478.11,1645097439,ADAX/ADA_0.3,0.0,0.0,0.0,900.0
1.986068,422107.92,838335.24,572890.79,1645097439,AADA/ADA_0.3,0.020777000000000045,-2222.0,4403.079999999958,900.0
1.256839,375341.14,471743.54,240976.59,1645097439,VYFI/ADA_0.3,0.011991000000000085,-1800.6199999999953,2259.0299999999697,900.0
6.347887,52830.0,335358.9,113712.88,1645097439,MILK/ADA_0.3,0.0,0.0,0.0,900.0
0.033182,5810512.59,192806.14,9628.42,1645097439,CLAP/ADA_0.3,0.0,0.0,0.0,900.0
0.105107,1716403.88,180406.96,56511.99,1645097439,MINt/ADA_0.3,0.000123000000000012,-1002.0,105.56999999997788,900.0
2.226348,71127.47,158354.57,80037.44,1645097439,DANA/ADA_0.05,0.008872000000000213,-142.02999999999884,316.14000000001397,900.0
0.0,6825328027635.0,154685.8,447.96,1645097439,CHRLZ/ADA_0.3,0.0,0.0,0.0,900.0
0.867273,138088.71,119760.67,2801.4,1645097439,WMT/ADA_0.05,0.0,0.0,0.0,900.0
0.69329,163416.4,113295.12,354.08,1645097439,SUNDAE/ADA_0.05,0.0,-2817.540000000008,-1953.37000000001,900.0
0.005009,22515941.0,112797.89,5154.77,1645097439,RAVE/ADA_1.0,-4.49999999999999e-05,100000.0,-498.18000000000757,900.0
3e-05,3492871265.1,105689.77,2131.93,1645097439,ASHIB/ADA_1.0,0.0,0.0,0.0,900.0
0.0,98344946551320.0,94878.25,2956.48,1645097439,BISON/ADA_0.3,0.0,0.0,0.0,900.0
0.033226,2710169.0,90048.4,4837.58,1645097439,FIRE/ADA_0.3,0.0,0.0,0.0,900.0
0.311392,272774.21,84939.86,103278.58,1645097439,MIN/ADA_0.3,0.0,0.0,0.0,900.0
0.0,1094933464259.0,62316.91,25278.59,1645097439,HOSKY/ADA_0.3,0.0,-4394626501.0,251.81000000000495,900.0
0.006334,8933861.0,56593.37,4143.68,1645097439,FLICK/ADA_0.3,0.0,0.0,0.0,900.0
0.091882,524556.0,48197.25,5665.86,1645097439,cNETA/ADA_0.3,-0.00038499999999999646,1100.0,-100.9800000000032,900.0
0.011969,3414165.0,40867.1,2632.33,1645097439,CNFT/ADA_0.3,0.0,0.0,0.0,900.0
0.002823,12536818.7,35399.77,9185.69,1645097439,DRIP/ADA_1.0,-1.9999999999998318e-06,4000.0,-11.190000000002328,900.0
0.107165,301078.51,32265.26,13341.54,1645097439,REVU/ADA_0.3,0.0,0.0,0.0,900.0
43.47328,708.0,30779.08,4808.88,1645097439,unsi…en/ADA_1.0,0.0,0.0,0.0,900.0
0.005337,5657663.0,30199.17,264.78,1645097439,BDOGE/ADA_1.0,0.0,0.0,0.0,900.0
0.017239,1670781.0,28803.0,2062.68,1645097439,QUID/ADA_0.3,0.0,0.0,0.0,900.0
0.131209,217972.61,28600.11,0.0,1645097439,MELD/ADA_1.0,0.0,0.0,0.0,900.0
0.00085,33503680.34,28508.89,0.0,1645097439,MONET/ADA_0.3,0.0,0.0,0.0,900.0
0.000729,28266486.0,20617.5,0.0,1645097439,RAG/ADA_1.0,0.0,0.0,0.0,900.0
26.519904,740.0,19624.72,1788.66,1645097439,XDIA…ND/ADA_1.0,0.0,0.0,0.0,900.0
0.104083,183131.71,19060.93,3314.28,1645097439,MINt/ADA_0.05,0.0,0.0,0.0,900.0
0.0,307104796758.0,19037.9,1381.2,1645097439,HOSKY/ADA_0.05,0.0,0.0,0.0,900.0
0.305036,59977.33,18295.25,1510.13,1645097439,MIN/ADA_0.05,0.0,0.0,0.0,900.0
0.154925,114932.0,17805.88,512.7,1645097439,SKULL/ADA_1.0,0.0,0.0,0.0,900.0
0.013248,1268804.0,16810.22,5369.2,1645097439,GOKEY/ADA_0.3,0.0,0.0,0.0,900.0
0.000614,27260865.0,16745.58,3284.86,1645097439,KIDZ/ADA_0.3,0.0,0.0,0.0,900.0
0.403005,41317.0,16650.95,1607.07,1645097439,CDX/ADA_1.0,0.0,0.0,0.0,900.0
0.032805,475012.0,15582.92,0.0,1645097439,cMETA/ADA_0.3,0.0,0.0,0.0,900.0
0.428147,36135.12,15471.16,3889.62,1645097439,CARGO/ADA_0.3,0.0,0.0,0.0,900.0
2.413538,6053.7,14610.84,0.0,1645097439,DANA/ADA_0.3,0.0,0.0,0.0,900.0
0.0,15758017766.0,12892.35,1917.56,1645097439,MEOW/ADA_0.3,0.0,0.0,0.0,900.0
0.812385,13838.28,11242.01,0.0,1645097439,WMT/ADA_1.0,0.0,0.0,0.0,900.0
0.109,97894.0,10670.52,0.0,1645097439,Card…rm/ADA_0.3,0.0,0.0,0.0,900.0
0.04938,195716.72,9664.51,93.4,1645097439,cbTHC/ADA_0.3,0.0,0.0,0.0,900.0
108.504185,87.85,9532.54,215.22,1645097439,LQ/ADA_0.05,0.0,0.0,0.0,900.0
0.001185,8012093.0,9502.26,36.81,1645097439,FLANO/ADA_1.0,0.0,0.0,0.0,900.0
0.759483,25977525.33,19729500.9,733239.31,1645098339,SUNDAE/ADA_0.3,0.004820999999999964,-42604.68000000343,93082.86999999732,900.0
109.567167,155382.31,17024799.74,827310.64,1645098339,LQ/ADA_0.3,0.0014779999999916527,-1.040000000008149,115.0,900.0
0.869272,15021062.57,13057389.45,1164270.38,1645098339,WMT/ADA_0.3,0.00031800000000004047,-2430.820000000298,2661.0999999996275,900.0
0.124696,12249435.05,1527459.67,359421.7,1645098339,MELD/ADA_0.3,-0.00022099999999999898,10926.120000001043,-1346.0600000000559,900.0
0.079995,12712950.0,1016974.55,429030.42,1645098339,PAVIA/ADA_0.3,0.0009470000000000034,-75743.0,6041.5,900.0
0.149973,6478806.0,971646.89,86520.63,1645098339,XRAY/ADA_0.3,0.0,0.0,0.0,900.0
0.359655,2458034.0,884046.54,48478.11,1645098339,ADAX/ADA_0.3,0.0,0.0,0.0,900.0
1.988157,421887.25,838778.39,584239.34,1645098339,AADA/ADA_0.3,0.0020890000000000075,-220.6699999999837,443.1500000000233,900.0
1.276874,372467.82,475594.76,244738.98,1645098339,VYFI/ADA_0.3,0.020035000000000025,-2873.320000000007,3851.2200000000303,900.0
6.347887,52830.0,335358.9,113712.88,1645098339,MILK/ADA_0.3,0.0,0.0,0.0,900.0
0.033037,5816299.93,192155.22,10049.3,1645098339,CLAP/ADA_0.3,-0.00014500000000000624,5787.339999999851,-650.9200000000128,900.0
0.105107,1716403.88,180406.96,56511.99,1645098339,MINt/ADA_0.3,0.0,0.0,0.0,900.0
2.215001,71309.47,157950.61,80441.4,1645098339,DANA/ADA_0.05,-0.011347000000000218,182.0,-403.96000000002095,900.0
0.0,6825328027635.0,154685.8,447.96,1645098339,CHRLZ/ADA_0.3,0.0,0.0,0.0,900.0
0.867273,138088.71,119760.67,2801.4,1645098339,WMT/ADA_0.05,0.0,0.0,0.0,900.0
0.69329,163455.34,113322.12,354.08,1645098339,SUNDAE/ADA_0.05,0.0,38.94000000000233,27.0,900.0
0.005009,22515941.0,112797.89,5154.77,1645098339,RAVE/ADA_1.0,0.0,0.0,0.0,900.0
3e-05,3492871265.1,105689.77,2131.93,1645098339,ASHIB/ADA_1.0,0.0,0.0,0.0,900.0
0.0,100202883925721.0,93124.22,4710.51,1645098339,BISON/ADA_0.3,0.0,1857937374401.0,-1754.0299999999988,900.0
0.033226,2710169.0,90048.4,4837.58,1645098339,FIRE/ADA_0.3,0.0,0.0,0.0,900.0
0.311392,272774.21,84939.86,103278.58,1645098339,MIN/ADA_0.3,0.0,0.0,0.0,900.0
0.0,1091915143831.0,62717.47,25566.19,1645098339,HOSKY/ADA_0.3,0.0,-3018320428.0,400.5599999999977,900.0
0.006334,8933861.0,56593.37,4143.68,1645098339,FLICK/ADA_0.3,0.0,0.0,0.0,900.0
0.091882,524556.0,48197.25,5665.86,1645098339,cNETA/ADA_0.3,0.0,0.0,0.0,900.0
0.011969,3414165.0,40867.1,2632.33,1645098339,CNFT/ADA_0.3,0.0,0.0,0.0,900.0
0.002866,12442810.64,35670.27,9492.59,1645098339,DRIP/ADA_1.0,4.300000000000007e-05,-94008.05999999866,270.5,900.0
0.107165,301078.51,32265.26,13341.54,1645098339,REVU/ADA_0.3,0.0,0.0,0.0,900.0
43.47328,708.0,30779.08,4808.88,1645098339,unsi…en/ADA_1.0,0.0,0.0,0.0,900.0
0.005337,5657663.0,30199.17,264.78,1645098339,BDOGE/ADA_1.0,0.0,0.0,0.0,900.0
0.017239,1670781.0,28803.0,2062.68,1645098339,QUID/ADA_0.3,0.0,0.0,0.0,900.0
0.131209,217972.61,28600.11,0.0,1645098339,MELD/ADA_1.0,0.0,0.0,0.0,900.0
0.00085,33503680.34,28508.89,0.0,1645098339,MONET/ADA_0.3,0.0,0.0,0.0,900.0
0.000729,28266486.0,20617.5,0.0,1645098339,RAG/ADA_1.0,0.0,0.0,0.0,900.0
26.519904,740.0,19624.72,1788.66,1645098339,XDIA…ND/ADA_1.0,0.0,0.0,0.0,900.0
0.104083,183131.71,19060.93,3314.28,1645098339,MINt/ADA_0.05,0.0,0.0,0.0,900.0
0.0,317271277919.0,18428.15,2600.69,1645098339,HOSKY/ADA_0.05,0.0,10166481161.0,-609.75,900.0
0.305036,59977.33,18295.25,1510.13,1645098339,MIN/ADA_0.05,0.0,0.0,0.0,900.0
0.154925,114932.0,17805.88,512.7,1645098339,SKULL/ADA_1.0,0.0,0.0,0.0,900.0
0.013248,1268804.0,16810.22,5369.2,1645098339,GOKEY/ADA_0.3,0.0,0.0,0.0,900.0
0.000612,27300865.0,16721.12,3309.32,1645098339,KIDZ/ADA_0.3,-1.99999999999994e-06,40000.0,-24.460000000002765,900.0
0.403005,41317.0,16650.95,1607.07,1645098339,CDX/ADA_1.0,0.0,0.0,0.0,900.0
0.032805,475012.0,15582.92,0.0,1645098339,cMETA/ADA_0.3,0.0,0.0,0.0,900.0
0.428147,36135.12,15471.16,3889.62,1645098339,CARGO/ADA_0.3,0.0,0.0,0.0,900.0
2.413538,6053.7,14610.84,0.0,1645098339,DANA/ADA_0.3,0.0,0.0,0.0,900.0
0.0,15758017766.0,12892.35,1917.56,1645098339,MEOW/ADA_0.3,0.0,0.0,0.0,900.0
0.812385,13838.28,11242.01,0.0,1645098339,WMT/ADA_1.0,0.0,0.0,0.0,900.0
0.109,97894.0,10670.52,0.0,1645098339,Card…rm/ADA_0.3,0.0,0.0,0.0,900.0
0.04938,195716.72,9664.51,93.4,1645098339,cbTHC/ADA_0.3,0.0,0.0,0.0,900.0
108.504185,87.85,9532.54,215.22,1645098339,LQ/ADA_0.05,0.0,0.0,0.0,900.0
0.001185,8012093.0,9502.26,36.81,1645098339,FLANO/ADA_1.0,0.0,0.0,0.0,900.0
0.759953,25976950.28,19741273.46,739371.64,1645099239,SUNDAE/ADA_0.3,0.00046999999999997044,-575.0499999970198,11772.560000002384,899.0
109.538394,155402.76,17022569.06,823496.88,1645099239,LQ/ADA_0.3,-0.028773000000001048,20.45000000001164,-2230.679999999702,899.0
0.869605,15018820.88,13060444.93,1137779.57,1645099239,WMT/ADA_0.3,0.0003329999999999167,-2241.6899999994785,3055.480000000447,899.0
0.125275,12221960.32,1531109.88,343333.2,1645099239,MELD/ADA_0.3,0.0005789999999999962,-27474.730000000447,3650.2099999999627,899.0
0.079906,12693033.0,1014256.08,392865.71,1645099239,PAVIA/ADA_0.3,-8.899999999999186e-05,-19917.0,-2718.4700000000885,899.0
0.149973,6478806.0,971646.89,84916.5,1645099239,XRAY/ADA_0.3,0.0,0.0,0.0,899.0
0.359655,2458034.0,884046.54,48199.97,1645099239,ADAX/ADA_0.3,0.0,0.0,0.0,899.0
2.0453,415960.9,850764.93,561836.36,1645099239,AADA/ADA_0.3,0.057143000000000166,-5926.349999999977,11986.540000000037,899.0
1.296433,369651.71,479228.91,247355.29,1645099239,VYFI/ADA_0.3,0.019558999999999882,-2816.109999999986,3634.149999999965,899.0
6.348969,52826.0,335390.64,112994.57,1645099239,MILK/ADA_0.3,0.0010820000000002494,-4.0,31.739999999990687,899.0
0.033156,5805847.0,192502.22,9036.68,1645099239,CLAP/ADA_0.3,0.00011900000000000105,-10452.929999999702,347.0,899.0
0.105107,1716403.88,180406.96,56446.73,1645099239,MINt/ADA_0.3,0.0,0.0,0.0,899.0
2.203679,71492.47,157546.5,70773.83,1645099239,DANA/ADA_0.05,-0.011321999999999832,183.0,-404.10999999998603,899.0
0.0,6825328027635.0,154685.8,447.96,1645099239,CHRLZ/ADA_0.3,0.0,0.0,0.0,899.0
0.867273,138134.83,119800.67,2801.4,1645099239,WMT/ADA_0.05,0.0,46.11999999999534,40.0,899.0
0.69329,163454.19,113321.32,354.08,1645099239,SUNDAE/ADA_0.05,0.0,-1.1499999999941792,-0.7999999999883585,899.0
0.005009,22515941.0,112797.89,5129.23,1645099239,RAVE/ADA_1.0,0.0,0.0,0.0,899.0
3e-05,3490102047.74,105605.97,2033.55,1645099239,ASHIB/ADA_1.0,0.0,-2769217.3600001335,-83.80000000000291,899.0
0.0,100202883925721.0,93124.22,4306.37,1645099239,BISON/ADA_0.3,0.0,0.0,0.0,899.0
0.033226,2710169.0,90048.4,4837.58,1645099239,FIRE/ADA_0.3,0.0,0.0,0.0,899.0
0.310676,273088.68,84842.35,91530.65,1645099239,MIN/ADA_0.3,-0.0007159999999999944,314.46999999997206,-97.50999999999476,899.0
0.0,1106401870761.0,61898.71,24801.06,1645099239,HOSKY/ADA_0.3,0.0,14486726930.0,-818.760000000002,899.0
0.006334,8933861.0,56593.37,2063.79,1645099239,FLICK/ADA_0.3,0.0,0.0,0.0,899.0
0.091882,524556.0,48197.25,5426.67,1645099239,cNETA/ADA_0.3,0.0,0.0,0.0,899.0
0.0119,3424165.0,40748.11,2751.32,1645099239,CNFT/ADA_0.3,-6.899999999999962e-05,10000.0,-118.98999999999796,899.0
0.002866,12444810.64,35676.0,9479.71,1645099239,DRIP/ADA_1.0,0.0,2000.0,5.730000000003201,899.0
0.107165,301078.51,32265.26,13341.54,1645099239,REVU/ADA_0.3,0.0,0.0,0.0,899.0
43.47328,708.0,30779.08,4808.88,1645099239,unsi…en/ADA_1.0,0.0,0.0,0.0,899.0
0.005337,5657663.0,30199.17,264.78,1645099239,BDOGE/ADA_1.0,0.0,0.0,0.0,899.0
0.017239,1670781.0,28803.0,1375.78,1645099239,QUID/ADA_0.3,0.0,0.0,0.0,899.0
0.131209,218247.0,28636.11,0.0,1645099239,MELD/ADA_1.0,0.0,274.39000000001397,36.0,899.0
0.00085,33503680.34,28508.89,0.0,1645099239,MONET/ADA_0.3,0.0,0.0,0.0,899.0
0.000729,28266486.0,20617.5,0.0,1645099239,RAG/ADA_1.0,0.0,0.0,0.0,899.0
26.519904,740.0,19624.72,1741.3,1645099239,XDIA…ND/ADA_1.0,0.0,0.0,0.0,899.0
0.104083,183131.71,19060.93,3314.28,1645099239,MINt/ADA_0.05,0.0,0.0,0.0,899.0
0.0,317271277919.0,18428.15,2600.69,1645099239,HOSKY/ADA_0.05,0.0,0.0,0.0,899.0
0.305036,59977.33,18295.25,1510.13,1645099239,MIN/ADA_0.05,0.0,0.0,0.0,899.0
0.154925,114932.0,17805.88,512.7,1645099239,SKULL/ADA_1.0,0.0,0.0,0.0,899.0
0.013248,1268804.0,16810.22,5369.2,1645099239,GOKEY/ADA_0.3,0.0,0.0,0.0,899.0
0.000612,27300865.0,16721.12,3309.32,1645099239,KIDZ/ADA_0.3,0.0,0.0,0.0,899.0
0.403005,41317.0,16650.95,1607.07,1645099239,CDX/ADA_1.0,0.0,0.0,0.0,899.0
0.032805,475012.0,15582.92,0.0,1645099239,cMETA/ADA_0.3,0.0,0.0,0.0,899.0
0.425673,36240.12,15426.47,3934.31,1645099239,CARGO/ADA_0.3,-0.0024739999999999762,105.0,-44.69000000000051,899.0
2.413538,6053.7,14610.84,0.0,1645099239,DANA/ADA_0.3,0.0,0.0,0.0,899.0
0.0,15758017766.0,12892.35,1897.5,1645099239,MEOW/ADA_0.3,0.0,0.0,0.0,899.0
0.812385,13838.28,11242.01,0.0,1645099239,WMT/ADA_1.0,0.0,0.0,0.0,899.0
0.109,97894.0,10670.52,0.0,1645099239,Card…rm/ADA_0.3,0.0,0.0,0.0,899.0
0.04938,195716.72,9664.51,93.4,1645099239,cbTHC/ADA_0.3,0.0,0.0,0.0,899.0
108.504185,87.85,9532.54,215.22,1645099239,LQ/ADA_0.05,0.0,0.0,0.0,899.0
0.001185,8012093.0,9502.26,36.81,1645099239,FLANO/ADA_1.0,0.0,0.0,0.0,899.0
0.759965,25984305.88,19747172.99,739527.1,1645100139,SUNDAE/ADA_0.3,1.2000000000012001e-05,7355.599999997765,5899.529999997467,900.0
109.541349,155402.75,17023027.06,823727.57,1645100139,LQ/ADA_0.3,0.002955000000000041,-0.010000000009313226,458.0,900.0
0.870096,15017965.18,13067073.83,1141482.92,1645100139,WMT/ADA_0.3,0.0004910000000000192,-855.7000000011176,6628.9000000003725,900.0
0.125379,12226992.33,1533011.2,347535.26,1645100139,MELD/ADA_0.3,0.00010399999999999299,5032.0099999997765,1901.3200000000652,900.0
0.07986,12696731.0,1013961.55,393160.24,1645100139,PAVIA/ADA_0.3,-4.600000000000437e-05,3698.0,-294.5299999999115,900.0
0.149973,6482890.0,972259.38,84916.5,1645100139,XRAY/ADA_0.3,0.0,4084.0,612.4899999999907,900.0
0.359655,2458034.0,884046.54,48199.97,1645100139,ADAX/ADA_0.3,0.0,0.0,0.0,900.0
2.086264,411865.68,859260.75,574081.02,1645100139,AADA/ADA_0.3,0.04096399999999978,-4095.2200000000303,8495.819999999949,900.0
1.330516,364894.3,485497.83,254304.51,1645100139,VYFI/ADA_0.3,0.034083000000000085,-4757.410000000033,6268.920000000042,900.0
6.348969,52826.0,335390.64,112994.57,1645100139,MILK/ADA_0.3,0.0,0.0,0.0,900.0
0.033156,5805847.0,192502.22,9036.68,1645100139,CLAP/ADA_0.3,0.0,0.0,0.0,900.0
0.105107,1717030.27,180472.8,56446.73,1645100139,MINt/ADA_0.3,0.0,626.3900000001304,65.83999999999651,900.0
2.192444,71675.46,157144.47,71182.47,1645100139,DANA/ADA_0.05,-0.011235000000000106,182.99000000000524,-402.02999999999884,900.0
0.0,6825328027635.0,154685.8,447.96,1645100139,CHRLZ/ADA_0.3,0.0,0.0,0.0,900.0
0.867273,138134.83,119800.67,2801.4,1645100139,WMT/ADA_0.05,0.0,0.0,0.0,900.0
0.69329,163454.19,113321.32,354.08,1645100139,SUNDAE/ADA_0.05,0.0,0.0,0.0,900.0
0.005009,22515941.0,112797.89,5129.23,1645100139,RAVE/ADA_1.0,0.0,0.0,0.0,900.0
3e-05,3490102047.74,105605.97,2033.55,1645100139,ASHIB/ADA_1.0,0.0,0.0,0.0,900.0
0.0,100202859767474.0,93124.2,4306.37,1645100139,BISON/ADA_0.3,0.0,-24158247.0,-0.020000000004074536,900.0
0.033226,2710169.0,90048.4,4837.58,1645100139,FIRE/ADA_0.3,0.0,0.0,0.0,900.0
0.31217,272435.42,85046.4,91735.31,1645100139,MIN/ADA_0.3,0.0014939999999999953,-653.2600000000093,204.04999999998836,900.0
0.0,1106401870761.0,61898.71,24801.06,1645100139,HOSKY/ADA_0.3,0.0,0.0,0.0,900.0
0.006334,8933861.0,56593.37,2063.79,1645100139,FLICK/ADA_0.3,0.0,0.0,0.0,900.0
0.091882,524556.0,48197.25,5426.67,1645100139,cNETA/ADA_0.3,0.0,0.0,0.0,900.0
0.0119,3424165.0,40748.11,2751.32,1645100139,CNFT/ADA_0.3,0.0,0.0,0.0,900.0
0.002911,12349722.87,35953.76,9788.76,1645100139,DRIP/ADA_1.0,4.49999999999999e-05,-95087.77000000142,277.76000000000204,900.0
0.107165,301078.51,32265.26,13341.54,1645100139,REVU/ADA_0.3,0.0,0.0,0.0,900.0
43.47328,708.0,30779.08,4808.88,1645100139,unsi…en/ADA_1.0,0.0,0.0,0.0,900.0
0.005337,5657663.0,30199.17,264.78,1645100139,BDOGE/ADA_1.0,0.0,0.0,0.0,900.0
0.017239,1670781.0,28803.0,1375.78,1645100139,QUID/ADA_0.3,0.0,0.0,0.0,900.0
0.131209,218247.0,28636.11,0.0,1645100139,MELD/ADA_1.0,0.0,0.0,0.0,900.0
0.00085,33503680.34,28508.89,0.0,1645100139,MONET/ADA_0.3,0.0,0.0,0.0,900.0
0.000729,28266486.0,20617.5,0.0,1645100139,RAG/ADA_1.0,0.0,0.0,0.0,900.0
26.519904,740.0,19624.72,1741.3,1645100139,XDIA…ND/ADA_1.0,0.0,0.0,0.0,900.0
0.104083,183131.71,19060.93,3314.28,1645100139,MINt/ADA_0.05,0.0,0.0,0.0,900.0
0.0,317271277919.0,18428.15,2600.69,1645100139,HOSKY/ADA_0.05,0.0,0.0,0.0,900.0
0.305036,59977.33,18295.25,1510.13,1645100139,MIN/ADA_0.05,0.0,0.0,0.0,900.0
0.154925,114932.0,17805.88,512.7,1645100139,SKULL/ADA_1.0,0.0,0.0,0.0,900.0
0.417583,40593.0,16950.95,1910.07,1645100139,CDX/ADA_1.0,0.01457799999999998,-724.0,300.0,900.0
0.013248,1268804.0,16810.22,5369.2,1645100139,GOKEY/ADA_0.3,0.0,0.0,0.0,900.0
0.000612,27300865.0,16721.12,3309.32,1645100139,KIDZ/ADA_0.3,0.0,0.0,0.0,900.0
0.032805,475012.0,15582.92,0.0,1645100139,cMETA/ADA_0.3,0.0,0.0,0.0,900.0
0.425673,36240.12,15426.47,3934.31,1645100139,CARGO/ADA_0.3,0.0,0.0,0.0,900.0
2.413538,6053.7,14610.84,0.0,1645100139,DANA/ADA_0.3,0.0,0.0,0.0,900.0
0.0,15758017766.0,12892.35,1897.5,1645100139,MEOW/ADA_0.3,0.0,0.0,0.0,900.0
0.812385,13838.28,11242.01,0.0,1645100139,WMT/ADA_1.0,0.0,0.0,0.0,900.0
0.109,97894.0,10670.52,0.0,1645100139,Card…rm/ADA_0.3,0.0,0.0,0.0,900.0
0.04938,195716.72,9664.51,93.4,1645100139,cbTHC/ADA_0.3,0.0,0.0,0.0,900.0
108.504185,87.85,9532.54,215.22,1645100139,LQ/ADA_0.05,0.0,0.0,0.0,900.0
0.001185,8012093.0,9502.26,36.81,1645100139,FLANO/ADA_1.0,0.0,0.0,0.0,900.0
0.76022,25981882.93,19751958.58,743853.65,1645101039,SUNDAE/ADA_0.3,0.0002550000000000052,-2422.949999999255,4785.589999999851,899.0
109.549317,155397.1,17023647.06,824349.43,1645101039,LQ/ADA_0.3,0.007968000000005304,-5.649999999994179,620.0,899.0
0.870209,15022838.53,13073022.1,1142340.49,1645101039,WMT/ADA_0.3,0.00011300000000002974,4873.3499999996275,5948.269999999553,899.0
0.122785,12356233.96,1517169.76,363869.58,1645101039,MELD/ADA_0.3,-0.002593999999999985,129241.63000000082,-15841.439999999944,899.0
0.079754,12705175.0,1013298.37,396628.19,1645101039,PAVIA/ADA_0.3,-0.00010599999999999499,8444.0,-663.1800000000512,899.0
0.144342,6608333.0,953861.33,104485.63,1645101039,XRAY/ADA_0.3,-0.005630999999999997,125443.0,-18398.050000000047,899.0
0.359655,2458034.0,884046.54,48199.97,1645101039,ADAX/ADA_0.3,0.0,0.0,0.0,899.0
2.082779,412212.99,858548.58,578014.42,1645101039,AADA/ADA_0.3,-0.0034849999999999604,347.3099999999977,-712.1700000000419,899.0
1.351987,361995.51,489413.44,263550.62,1645101039,VYFI/ADA_0.3,0.021471000000000018,-2898.789999999979,3915.609999999986,899.0
6.346722,52836.0,335335.41,114204.67,1645101039,MILK/ADA_0.3,-0.002247000000000554,10.0,-55.23000000003958,899.0
0.033156,5805847.0,192502.22,9036.68,1645101039,CLAP/ADA_0.3,0.0,0.0,0.0,899.0
0.107493,1697895.44,182512.8,58492.85,1645101039,MINt/ADA_0.3,0.0023859999999999992,-19134.830000000075,2040.0,899.0
0.0,6825328027635.0,154685.8,447.96,1645101039,CHRLZ/ADA_0.3,0.0,0.0,0.0,899.0
2.118178,72921.46,154460.69,73866.26,1645101039,DANA/ADA_0.05,-0.07426600000000017,1246.0,-2683.779999999999,899.0
0.867273,138134.83,119800.67,2801.4,1645101039,WMT/ADA_0.05,0.0,0.0,0.0,899.0
0.69329,163454.19,113321.32,354.08,1645101039,SUNDAE/ADA_0.05,0.0,0.0,0.0,899.0
0.005009,22515941.0,112797.89,5129.23,1645101039,RAVE/ADA_1.0,0.0,0.0,0.0,899.0
3e-05,3364775225.23,101785.31,2048.22,1645101039,ASHIB/ADA_1.0,0.0,-125326822.50999975,-3820.6600000000035,899.0
0.0,100202859767474.0,93124.2,4306.37,1645101039,BISON/ADA_0.3,0.0,0.0,0.0,899.0
0.033226,2710169.0,90048.4,4837.58,1645101039,FIRE/ADA_0.3,0.0,0.0,0.0,899.0
0.31217,272435.42,85046.4,91735.31,1645101039,MIN/ADA_0.3,0.0,0.0,0.0,899.0
0.0,1094737482940.0,62560.4,25483.14,1645101039,HOSKY/ADA_0.3,0.0,-11664387821.0,661.6900000000023,899.0
0.00637,8908862.0,56752.66,2223.55,1645101039,FLICK/ADA_0.3,3.5999999999999574e-05,-24999.0,159.29000000000087,899.0
0.091882,524556.0,48197.25,5426.67,1645101039,cNETA/ADA_0.3,0.0,0.0,0.0,899.0
0.0119,3424165.0,40748.11,2751.32,1645101039,CNFT/ADA_0.3,0.0,0.0,0.0,899.0
0.002773,12653722.87,35098.42,10644.09,1645101039,DRIP/ADA_1.0,-0.0001380000000000001,304000.0,-855.3400000000038,899.0
0.107165,301078.51,32265.26,13341.54,1645101039,REVU/ADA_0.3,0.0,0.0,0.0,899.0
43.658097,707.0,30866.27,4985.01,1645101039,unsi…en/ADA_1.0,0.18481699999999535,-1.0,87.18999999999869,899.0
0.005337,5657663.0,30199.17,264.78,1645101039,BDOGE/ADA_1.0,0.0,0.0,0.0,899.0
0.017239,1670781.0,28803.0,1375.78,1645101039,QUID/ADA_0.3,0.0,0.0,0.0,899.0
0.131209,218247.0,28636.11,0.0,1645101039,MELD/ADA_1.0,0.0,0.0,0.0,899.0
0.00085,33503680.34,28508.89,0.0,1645101039,MONET/ADA_0.3,0.0,0.0,0.0,899.0
0.000729,28266486.0,20617.5,0.0,1645101039,RAG/ADA_1.0,0.0,0.0,0.0,899.0
26.519904,740.0,19624.72,1741.3,1645101039,XDIA…ND/ADA_1.0,0.0,0.0,0.0,899.0
0.104083,183131.71,19060.93,3314.28,1645101039,MINt/ADA_0.05,0.0,0.0,0.0,899.0
0.0,317271277919.0,18428.15,2600.69,1645101039,HOSKY/ADA_0.05,0.0,0.0,0.0,899.0
0.305036,59977.33,18295.25,1510.13,1645101039,MIN/ADA_0.05,0.0,0.0,0.0,899.0
0.154925,114932.0,17805.88,512.7,1645101039,SKULL/ADA_1.0,0.0,0.0,0.0,899.0
0.417583,40593.0,16950.95,1910.07,1645101039,CDX/ADA_1.0,0.0,0.0,0.0,899.0
0.013248,1268804.0,16810.22,5369.2,1645101039,GOKEY/ADA_0.3,0.0,0.0,0.0,899.0
0.000612,27300865.0,16721.12,3309.32,1645101039,KIDZ/ADA_0.3,0.0,0.0,0.0,899.0
0.032805,475012.0,15582.92,0.0,1645101039,cMETA/ADA_0.3,0.0,0.0,0.0,899.0
0.425673,36240.12,15426.47,3934.31,1645101039,CARGO/ADA_0.3,0.0,0.0,0.0,899.0
2.413538,6053.7,14610.84,0.0,1645101039,DANA/ADA_0.3,0.0,0.0,0.0,899.0
0.0,15758017766.0,12892.35,1897.5,1645101039,MEOW/ADA_0.3,0.0,0.0,0.0,899.0
0.812385,13838.28,11242.01,0.0,1645101039,WMT/ADA_1.0,0.0,0.0,0.0,899.0
0.109,97894.0,10670.52,0.0,1645101039,Card…rm/ADA_0.3,0.0,0.0,0.0,899.0
0.04938,195716.72,9664.51,93.4,1645101039,cbTHC/ADA_0.3,0.0,0.0,0.0,899.0
108.504185,87.85,9532.54,215.22,1645101039,LQ/ADA_0.05,0.0,0.0,0.0,899.0
0.001185,8012093.0,9502.26,36.81,1645101039,FLANO/ADA_1.0,0.0,0.0,0.0,899.0
0.761656,25980134.23,19787941.23,771909.84,1645101939,SUNDAE/ADA_0.3,0.0014359999999999928,-1748.699999999255,35982.650000002235,899.0
109.535241,155412.75,17023173.08,825441.57,1645101939,LQ/ADA_0.3,-0.014076000000002864,15.64999999999418,-473.98000000044703,899.0
0.870934,15018937.81,13080503.93,1151400.32,1645101939,WMT/ADA_0.3,0.0007249999999999757,-3900.719999998808,7481.8300000000745,899.0
0.122521,12369577.69,1515540.44,366309.63,1645101939,MELD/ADA_0.3,-0.00026400000000000035,13343.729999998584,-1629.3200000000652,899.0
0.079805,12701123.0,1013623.27,397154.73,1645101939,PAVIA/ADA_0.3,5.099999999999549e-05,-4052.0,324.9000000000233,899.0
0.144583,6611336.0,955891.7,105288.03,1645101939,XRAY/ADA_0.3,0.00024099999999999122,3003.0,2030.3699999999953,899.0
0.359655,2458034.0,884046.54,48199.97,1645101939,ADAX/ADA_0.3,0.0,0.0,0.0,899.0
2.086841,411812.22,859386.63,578854.98,1645101939,AADA/ADA_0.3,0.004062000000000232,-400.7700000000186,838.0500000000466,899.0
1.404369,355190.3,498818.57,274290.91,1645101939,VYFI/ADA_0.3,0.05238199999999993,-6805.210000000021,9405.130000000005,899.0
6.352003,52815.0,335481.06,114477.68,1645101939,MILK/ADA_0.3,0.005281000000000091,-21.0,145.65000000002328,899.0
0.033156,5805847.0,192502.22,9036.68,1645101939,CLAP/ADA_0.3,0.0,0.0,0.0,899.0
0.108772,1687895.26,183597.38,59580.68,1645101939,MINt/ADA_0.3,0.0012789999999999885,-10000.179999999935,1084.5800000000163,899.0
2.147867,72415.85,155539.69,74945.8,1645101939,DANA/ADA_0.05,0.0296890000000003,-505.6100000000006,1079.0,899.0
0.0,6825328027635.0,154685.8,447.96,1645101939,CHRLZ/ADA_0.3,0.0,0.0,0.0,899.0
0.867273,138134.83,119800.67,2801.4,1645101939,WMT/ADA_0.05,0.0,0.0,0.0,899.0
0.758378,153336.18,116286.9,5456.63,1645101939,SUNDAE/ADA_0.05,0.06508800000000003,-10118.01000000001,2965.579999999987,899.0
0.004948,22656230.0,112106.38,5820.74,1645101939,RAVE/ADA_1.0,-6.100000000000029e-05,140289.0,-691.5099999999948,899.0
2.9e-05,3389775225.23,101042.08,2791.45,1645101939,ASHIB/ADA_1.0,-1.0000000000000006e-06,25000000.0,-743.2299999999959,899.0
0.0,95597216166173.0,97624.2,8819.87,1645101939,BISON/ADA_0.3,0.0,-4605643601301.0,4500.0,899.0
0.033226,2710169.0,90048.4,4837.58,1645101939,FIRE/ADA_0.3,0.0,0.0,0.0,899.0
0.316812,270435.38,85677.27,92368.07,1645101939,MIN/ADA_0.3,0.0046419999999999795,-2000.039999999979,630.8700000000099,899.0
0.0,1097527881052.0,62401.82,25641.72,1645101939,HOSKY/ADA_0.3,0.0,2790398112.0,-158.58000000000175,899.0
0.00637,8908862.0,56752.66,2223.55,1645101939,FLICK/ADA_0.3,0.0,0.0,0.0,899.0
0.092095,523950.0,48253.18,5482.77,1645101939,cNETA/ADA_0.3,0.00021299999999999097,-606.0,55.93000000000029,899.0
0.0119,3424165.0,40748.11,2751.32,1645101939,CNFT/ADA_0.3,0.0,0.0,0.0,899.0
0.002782,12633233.44,35155.92,10702.17,1645101939,DRIP/ADA_1.0,9.000000000000327e-06,-20489.429999999702,57.5,899.0
0.107165,301078.51,32265.26,13341.54,1645101939,REVU/ADA_0.3,0.0,0.0,0.0,899.0
43.658097,707.0,30866.27,4985.01,1645101939,unsi…en/ADA_1.0,0.0,0.0,0.0,899.0
0.005337,5657663.0,30199.17,264.78,1645101939,BDOGE/ADA_1.0,0.0,0.0,0.0,899.0
0.017239,1670781.0,28803.0,1375.78,1645101939,QUID/ADA_0.3,0.0,0.0,0.0,899.0
0.131209,218247.0,28636.11,0.0,1645101939,MELD/ADA_1.0,0.0,0.0,0.0,899.0
0.00085,33503680.34,28508.89,0.0,1645101939,MONET/ADA_0.3,0.0,0.0,0.0,899.0
0.000729,28266486.0,20617.5,0.0,1645101939,RAG/ADA_1.0,0.0,0.0,0.0,899.0
26.519904,740.0,19624.72,1741.3,1645101939,XDIA…ND/ADA_1.0,0.0,0.0,0.0,899.0
0.104083,183131.71,19060.93,3314.28,1645101939,MINt/ADA_0.05,0.0,0.0,0.0,899.0
0.0,317271277919.0,18428.15,2600.69,1645101939,HOSKY/ADA_0.05,0.0,0.0,0.0,899.0
0.305036,59977.33,18295.25,1510.13,1645101939,MIN/ADA_0.05,0.0,0.0,0.0,899.0
0.154925,114932.0,17805.88,512.7,1645101939,SKULL/ADA_1.0,0.0,0.0,0.0,899.0
0.417583,40593.0,16950.95,1910.07,1645101939,CDX/ADA_1.0,0.0,0.0,0.0,899.0
0.013248,1268804.0,16810.22,5369.2,1645101939,GOKEY/ADA_0.3,0.0,0.0,0.0,899.0
0.000612,27300865.0,16721.12,3309.32,1645101939,KIDZ/ADA_0.3,0.0,0.0,0.0,899.0
0.032805,475012.0,15582.92,0.0,1645101939,cMETA/ADA_0.3,0.0,0.0,0.0,899.0
0.425673,36240.12,15426.47,3934.31,1645101939,CARGO/ADA_0.3,0.0,0.0,0.0,899.0
2.117409,6463.79,13686.49,1626.44,1645101939,DANA/ADA_0.3,-0.2961290000000001,410.09000000000015,-924.3500000000004,899.0
0.0,15758017766.0,12892.35,1897.5,1645101939,MEOW/ADA_0.3,0.0,0.0,0.0,899.0
0.812385,13838.28,11242.01,0.0,1645101939,WMT/ADA_1.0,0.0,0.0,0.0,899.0
0.109,97894.0,10670.52,0.0,1645101939,Card…rm/ADA_0.3,0.0,0.0,0.0,899.0
0.04938,195716.72,9664.51,93.4,1645101939,cbTHC/ADA_0.3,0.0,0.0,0.0,899.0
108.504185,87.85,9532.54,215.22,1645101939,LQ/ADA_0.05,0.0,0.0,0.0,899.0
0.001185,8012093.0,9502.26,36.81,1645101939,FLANO/ADA_1.0,0.0,0.0,0.0,899.0
0.761204,25989398.04,19783258.5,784369.27,1645102839,SUNDAE/ADA_0.3,-0.00045200000000000795,9263.809999998659,-4682.730000000447,900.0
109.535498,155412.56,17023193.08,825461.63,1645102839,LQ/ADA_0.3,0.0002570000000048367,-0.1900000000023283,20.0,900.0
0.871066,15026131.68,13088766.02,1152289.18,1645102839,WMT/ADA_0.3,0.000132000000000021,7193.86999999918,8262.089999999851,900.0
0.12302,12344493.22,1518629.34,369407.81,1645102839,MELD/ADA_0.3,0.0004989999999999994,-25084.469999998808,3088.9000000001397,900.0
0.080257,12670082.0,1016870.74,400033.73,1645102839,PAVIA/ADA_0.3,0.0004519999999999941,-31041.0,3247.469999999972,900.0
0.144601,6610937.0,955949.68,105346.18,1645102839,XRAY/ADA_0.3,1.8000000000018e-05,-399.0,57.98000000009779,900.0
0.359655,2458034.0,884046.54,48199.97,1645102839,ADAX/ADA_0.3,0.0,0.0,0.0,900.0
2.086962,411800.27,859411.63,578880.06,1645102839,AADA/ADA_0.3,0.00012100000000003774,-11.949999999953434,25.0,900.0
1.459175,348468.75,508477.08,285289.27,1645102839,VYFI/ADA_0.3,0.05480600000000013,-6721.549999999988,9658.51000000001,900.0
6.279021,53122.0,333554.17,116604.87,1645102839,MILK/ADA_0.3,-0.07298199999999966,307.0,-1926.890000000014,900.0
0.033501,5775932.51,193502.22,10028.65,1645102839,CLAP/ADA_0.3,0.000345000000000005,-29914.490000000224,1000.0,900.0
0.108772,1687895.26,183597.38,59130.8,1645102839,MINt/ADA_0.3,0.0,0.0,0.0,900.0
2.147867,72415.85,155539.69,70923.65,1645102839,DANA/ADA_0.05,0.0,0.0,0.0,900.0
0.0,6825328027635.0,154685.8,427.9,1645102839,CHRLZ/ADA_0.3,0.0,0.0,0.0,900.0
0.867273,140359.41,121729.98,2801.4,1645102839,WMT/ADA_0.05,0.0,2224.5800000000163,1929.3099999999977,900.0
0.758378,154336.64,117045.62,5456.63,1645102839,SUNDAE/ADA_0.05,0.0,1000.460000000021,758.7200000000012,900.0
0.004948,22656230.0,112106.38,5820.74,1645102839,RAVE/ADA_1.0,0.0,0.0,0.0,900.0
2.8e-05,3489775225.23,98174.84,5658.69,1645102839,ASHIB/ADA_1.0,-1.0000000000000006e-06,100000000.0,-2867.2400000000052,900.0
0.0,95797216166173.0,97421.0,9023.08,1645102839,BISON/ADA_0.3,0.0,200000000000.0,-203.1999999999971,900.0
0.033226,2710169.0,90048.4,4837.58,1645102839,FIRE/ADA_0.3,0.0,0.0,0.0,900.0
0.316812,270435.38,85677.27,85764.94,1645102839,MIN/ADA_0.3,0.0,0.0,0.0,900.0
0.0,1096528477986.0,62458.93,25827.84,1645102839,HOSKY/ADA_0.3,0.0,-999403066.0,57.11000000000058,900.0
0.00637,8908862.0,56752.66,2223.55,1645102839,FLICK/ADA_0.3,0.0,0.0,0.0,900.0
0.09211,523907.0,48257.18,5457.7,1645102839,cNETA/ADA_0.3,1.5000000000001124e-05,-43.0,4.0,900.0
0.0119,3424165.0,40748.11,2433.79,1645102839,CNFT/ADA_0.3,0.0,0.0,0.0,900.0
0.002782,12633233.44,35155.92,10524.28,1645102839,DRIP/ADA_1.0,0.0,0.0,0.0,900.0
0.107165,301078.51,32265.26,12767.08,1645102839,REVU/ADA_0.3,0.0,0.0,0.0,900.0
43.658097,707.0,30866.27,4531.61,1645102839,unsi…en/ADA_1.0,0.0,0.0,0.0,900.0
0.005337,5657663.0,30199.17,234.78,1645102839,BDOGE/ADA_1.0,0.0,0.0,0.0,900.0
0.131209,218247.0,28636.11,0.0,1645102839,MELD/ADA_1.0,0.0,0.0,0.0,900.0
0.00085,33503680.34,28508.89,0.0,1645102839,MONET/ADA_0.3,0.0,0.0,0.0,900.0
0.016686,1698281.0,28337.97,1840.8,1645102839,QUID/ADA_0.3,-0.0005530000000000014,27500.0,-465.02999999999884,900.0
0.000729,28266486.0,20617.5,0.0,1645102839,RAG/ADA_1.0,0.0,0.0,0.0,900.0
26.519904,740.0,19624.72,1741.3,1645102839,XDIA…ND/ADA_1.0,0.0,0.0,0.0,900.0
0.104083,183131.71,19060.93,3314.28,1645102839,MINt/ADA_0.05,0.0,0.0,0.0,900.0
0.0,317271277919.0,18428.15,2600.69,1645102839,HOSKY/ADA_0.05,0.0,0.0,0.0,900.0
0.305036,59977.33,18295.25,1510.13,1645102839,MIN/ADA_0.05,0.0,0.0,0.0,900.0
0.154925,114932.0,17805.88,512.7,1645102839,SKULL/ADA_1.0,0.0,0.0,0.0,900.0
0.417583,40593.0,16950.95,1900.93,1645102839,CDX/ADA_1.0,0.0,0.0,0.0,900.0
0.013248,1268804.0,16810.22,5369.2,1645102839,GOKEY/ADA_0.3,0.0,0.0,0.0,900.0
0.000612,27300865.0,16721.12,3309.32,1645102839,KIDZ/ADA_0.3,0.0,0.0,0.0,900.0
0.032805,475012.0,15582.92,0.0,1645102839,cMETA/ADA_0.3,0.0,0.0,0.0,900.0
0.425673,36260.12,15434.98,3934.31,1645102839,CARGO/ADA_0.3,0.0,20.0,8.510000000000218,900.0
2.117409,6463.79,13686.49,1626.44,1645102839,DANA/ADA_0.3,0.0,0.0,0.0,900.0
0.0,15758017766.0,12892.35,1882.58,1645102839,MEOW/ADA_0.3,0.0,0.0,0.0,900.0
0.812385,13838.28,11242.01,0.0,1645102839,WMT/ADA_1.0,0.0,0.0,0.0,900.0
0.109,97894.0,10670.52,0.0,1645102839,Card…rm/ADA_0.3,0.0,0.0,0.0,900.0
0.04938,195716.72,9664.51,90.85,1645102839,cbTHC/ADA_0.3,0.0,0.0,0.0,900.0
108.504185,87.85,9532.54,215.22,1645102839,LQ/ADA_0.05,0.0,0.0,0.0,900.0
0.001185,8012093.0,9502.26,36.81,1645102839,FLANO/ADA_1.0,0.0,0.0,0.0,900.0
0.760911,25994663.65,19779634.34,792706.42,1645103739,SUNDAE/ADA_0.3,-0.0002929999999999877,5265.609999999404,-3624.160000000149,899.0
109.535498,155412.75,17023213.02,823223.56,1645103739,LQ/ADA_0.3,0.0,0.1900000000023283,19.940000001341105,899.0
0.87149,15038006.6,13105483.1,1056247.83,1645103739,WMT/ADA_0.3,0.00042399999999997995,11874.919999999925,16717.080000000075,899.0
0.123162,12340486.63,1519887.5,358846.67,1645103739,MELD/ADA_0.3,0.00014199999999998936,-4006.589999999851,1258.1599999999162,899.0
0.080605,12642786.0,1019072.86,374727.65,1645103739,PAVIA/ADA_0.3,0.0003480000000000011,-27296.0,2202.1199999999953,899.0
0.144601,6610937.0,955949.68,105272.99,1645103739,XRAY/ADA_0.3,0.0,0.0,0.0,899.0
0.359657,2458029.0,884048.54,46236.0,1645103739,ADAX/ADA_0.3,2.000000000002e-06,-5.0,2.0,899.0
2.081911,412300.27,858372.53,518525.34,1645103739,AADA/ADA_0.3,-0.005051000000000361,500.0,-1039.0999999999767,899.0
1.450849,349468.75,507026.43,286739.92,1645103739,VYFI/ADA_0.3,-0.008326000000000056,1000.0,-1450.6500000000233,899.0
6.303936,53018.0,334222.09,116081.9,1645103739,MILK/ADA_0.3,0.02491500000000002,-104.0,667.9200000000419,899.0
0.033501,5775932.51,193502.22,10028.65,1645103739,CLAP/ADA_0.3,0.0,0.0,0.0,899.0
0.108772,1687895.26,183597.38,59130.8,1645103739,MINt/ADA_0.3,0.0,0.0,0.0,899.0
2.147867,72415.85,155539.69,70923.65,1645103739,DANA/ADA_0.05,0.0,0.0,0.0,899.0
0.0,6825328027635.0,154685.8,427.9,1645103739,CHRLZ/ADA_0.3,0.0,0.0,0.0,899.0
0.867273,138134.83,119800.67,2801.4,1645103739,WMT/ADA_0.05,0.0,-2224.5800000000163,-1929.3099999999977,899.0
0.758378,154495.95,117166.44,5456.63,1645103739,SUNDAE/ADA_0.05,0.0,159.30999999999767,120.82000000000698,899.0
0.004948,22656230.0,112106.38,5820.74,1645103739,RAVE/ADA_1.0,0.0,0.0,0.0,899.0
0.0,93128614616425.0,100221.0,11831.48,1645103739,BISON/ADA_0.3,0.0,-2668601549748.0,2800.0,899.0
2.8e-05,3489775225.23,98174.84,5658.69,1645103739,ASHIB/ADA_1.0,0.0,0.0,0.0,899.0
0.033226,2710169.0,90048.4,4837.58,1645103739,FIRE/ADA_0.3,0.0,0.0,0.0,899.0
0.316812,270435.38,85677.27,85764.94,1645103739,MIN/ADA_0.3,0.0,0.0,0.0,899.0
0.0,1090670992659.0,62795.38,25877.99,1645103739,HOSKY/ADA_0.3,0.0,-5857485327.0,336.4499999999971,899.0
0.00637,8908862.0,56752.66,2223.55,1645103739,FLICK/ADA_0.3,0.0,0.0,0.0,899.0
0.092472,522881.0,48352.18,5552.98,1645103739,cNETA/ADA_0.3,0.0003620000000000012,-1026.0,95.0,899.0
0.0119,3424165.0,40748.11,2433.79,1645103739,CNFT/ADA_0.3,0.0,0.0,0.0,899.0
0.002782,12633233.44,35155.92,10524.28,1645103739,DRIP/ADA_1.0,0.0,0.0,0.0,899.0
0.107165,301078.51,32265.26,12767.08,1645103739,REVU/ADA_0.3,0.0,0.0,0.0,899.0
43.658097,707.0,30866.27,4531.61,1645103739,unsi…en/ADA_1.0,0.0,0.0,0.0,899.0
0.005337,5657663.0,30199.17,234.78,1645103739,BDOGE/ADA_1.0,0.0,0.0,0.0,899.0
0.00085,33503680.34,28508.89,0.0,1645103739,MONET/ADA_0.3,0.0,0.0,0.0,899.0
0.129244,219908.16,28421.95,214.17,1645103739,MELD/ADA_1.0,-0.0019649999999999945,1661.1600000000035,-214.15999999999985,899.0
0.016686,1698281.0,28337.97,1840.8,1645103739,QUID/ADA_0.3,0.0,0.0,0.0,899.0
0.000729,28266486.0,20617.5,0.0,1645103739,RAG/ADA_1.0,0.0,0.0,0.0,899.0
26.519904,740.0,19624.72,1741.3,1645103739,XDIA…ND/ADA_1.0,0.0,0.0,0.0,899.0
0.104083,183131.71,19060.93,3314.28,1645103739,MINt/ADA_0.05,0.0,0.0,0.0,899.0
0.0,317271277919.0,18428.15,2600.69,1645103739,HOSKY/ADA_0.05,0.0,0.0,0.0,899.0
0.305036,59977.33,18295.25,1510.13,1645103739,MIN/ADA_0.05,0.0,0.0,0.0,899.0
0.154925,114932.0,17805.88,512.7,1645103739,SKULL/ADA_1.0,0.0,0.0,0.0,899.0
0.417583,40593.0,16950.95,1900.93,1645103739,CDX/ADA_1.0,0.0,0.0,0.0,899.0
0.013248,1268804.0,16810.22,5369.2,1645103739,GOKEY/ADA_0.3,0.0,0.0,0.0,899.0
0.000612,27300865.0,16721.12,3309.32,1645103739,KIDZ/ADA_0.3,0.0,0.0,0.0,899.0
0.032805,475012.0,15582.92,0.0,1645103739,cMETA/ADA_0.3,0.0,0.0,0.0,899.0
0.425673,36260.12,15434.98,3934.31,1645103739,CARGO/ADA_0.3,0.0,0.0,0.0,899.0
2.117409,6463.79,13686.49,1626.44,1645103739,DANA/ADA_0.3,0.0,0.0,0.0,899.0
0.0,15758017766.0,12892.35,1882.58,1645103739,MEOW/ADA_0.3,0.0,0.0,0.0,899.0
0.812385,13838.28,11242.01,0.0,1645103739,WMT/ADA_1.0,0.0,0.0,0.0,899.0
0.04938,195716.72,9664.51,90.85,1645103739,cbTHC/ADA_0.3,0.0,0.0,0.0,899.0
108.504185,87.85,9532.54,215.22,1645103739,LQ/ADA_0.05,0.0,0.0,0.0,899.0
0.001185,8012093.0,9502.26,36.81,1645103739,FLANO/ADA_1.0,0.0,0.0,0.0,899.0
105.472872,85.94,9064.54,206.04,1645103739,LQ/ADA_1.0,0.0,0.0,0.0,17099.0
0.756965,26064523.87,19729953.47,847969.12,1645104639,SUNDAE/ADA_0.3,-0.003946000000000005,69860.22000000253,-49680.87000000104,900.0
109.535049,155413.09,17023181.23,825458.95,1645104639,LQ/ADA_0.3,-0.00044900000000325235,0.33999999999650754,-31.78999999910593,900.0
0.871452,15041287.58,13107771.8,1057769.62,1645104639,WMT/ADA_0.3,-3.799999999998249e-05,3280.980000000447,2288.7000000011176,900.0
0.123205,12338345.14,1520157.55,361475.77,1645104639,MELD/ADA_0.3,4.300000000000137e-05,-2141.4900000002235,270.05000000004657,900.0
0.080176,12677605.0,1016445.91,378436.71,1645104639,PAVIA/ADA_0.3,-0.0004289999999999988,34819.0,-2626.9499999999534,900.0
0.144601,6610937.0,955949.68,105272.99,1645104639,XRAY/ADA_0.3,0.0,0.0,0.0,900.0
0.360737,2454352.0,885376.97,47568.42,1645104639,ADAX/ADA_0.3,0.0010799999999999699,-3677.0,1328.4299999999348,900.0
2.081911,412400.27,858580.73,518525.34,1645104639,AADA/ADA_0.3,0.0,100.0,208.19999999995343,900.0
1.468037,347419.97,510025.43,289747.92,1645104639,VYFI/ADA_0.3,0.01718799999999998,-2048.780000000028,2999.0,900.0
6.303936,53018.0,334222.09,116081.9,1645104639,MILK/ADA_0.3,0.0,0.0,0.0,900.0
0.033156,5805932.51,192505.36,11025.51,1645104639,CLAP/ADA_0.3,-0.000345000000000005,30000.0,-996.8600000000151,900.0
0.108772,1687895.26,183597.38,59130.8,1645104639,MINt/ADA_0.3,0.0,0.0,0.0,900.0
2.15531,72290.79,155809.1,71602.89,1645104639,DANA/ADA_0.05,0.007442999999999866,-125.06000000001222,269.4100000000035,900.0
0.0,6825328027635.0,154685.8,427.9,1645104639,CHRLZ/ADA_0.3,0.0,0.0,0.0,900.0
0.867273,138134.83,119800.67,2801.4,1645104639,WMT/ADA_0.05,0.0,0.0,0.0,900.0
0.758378,157722.75,119613.57,5456.63,1645104639,SUNDAE/ADA_0.05,0.0,3226.7999999999884,2447.1300000000047,900.0
0.004948,22656230.0,112106.38,5820.74,1645104639,RAVE/ADA_1.0,0.0,0.0,0.0,900.0
0.0,93128614616425.0,100221.0,11831.48,1645104639,BISON/ADA_0.3,0.0,0.0,0.0,900.0
2.7e-05,3535973790.39,96904.81,6928.72,1645104639,ASHIB/ADA_1.0,-1.0000000000000006e-06,46198565.15999985,-1270.0299999999988,900.0
0.033201,2711169.0,90015.28,4870.7,1645104639,FIRE/ADA_0.3,-2.4999999999997247e-05,1000.0,-33.11999999999534,900.0
0.316812,270435.38,85677.27,85764.94,1645104639,MIN/ADA_0.3,0.0,0.0,0.0,900.0
0.0,1090670992659.0,62795.38,25877.99,1645104639,HOSKY/ADA_0.3,0.0,0.0,0.0,900.0
0.00637,8908862.0,56752.66,2223.55,1645104639,FLICK/ADA_0.3,0.0,0.0,0.0,900.0
0.092472,522881.0,48352.18,5552.98,1645104639,cNETA/ADA_0.3,0.0,0.0,0.0,900.0
0.0119,3424165.0,40748.11,2433.79,1645104639,CNFT/ADA_0.3,0.0,0.0,0.0,900.0
0.00282,12549175.76,35394.8,10866.43,1645104639,DRIP/ADA_1.0,3.799999999999984e-05,-84057.6799999997,238.88000000000466,900.0
0.117345,287741.64,33765.26,14271.58,1645104639,REVU/ADA_0.3,0.010180000000000008,-13336.869999999995,1500.0000000000036,900.0
43.658097,707.0,30866.27,4531.61,1645104639,unsi…en/ADA_1.0,0.0,0.0,0.0,900.0
0.005337,5657663.0,30199.17,234.78,1645104639,BDOGE/ADA_1.0,0.0,0.0,0.0,900.0
0.00085,33503680.34,28508.89,0.0,1645104639,MONET/ADA_0.3,0.0,0.0,0.0,900.0
0.129244,219908.16,28421.95,214.17,1645104639,MELD/ADA_1.0,0.0,0.0,0.0,900.0
0.016686,1698281.0,28337.97,1840.8,1645104639,QUID/ADA_0.3,0.0,0.0,0.0,900.0
0.000729,28266486.0,20617.5,0.0,1645104639,RAG/ADA_1.0,0.0,0.0,0.0,900.0
26.519904,740.0,19624.72,1741.3,1645104639,XDIA…ND/ADA_1.0,0.0,0.0,0.0,900.0
0.104083,183131.71,19060.93,3314.28,1645104639,MINt/ADA_0.05,0.0,0.0,0.0,900.0
0.0,317271277919.0,18428.15,2600.69,1645104639,HOSKY/ADA_0.05,0.0,0.0,0.0,900.0
0.305036,59977.33,18295.25,1510.13,1645104639,MIN/ADA_0.05,0.0,0.0,0.0,900.0
0.154925,114932.0,17805.88,512.7,1645104639,SKULL/ADA_1.0,0.0,0.0,0.0,900.0
0.417583,40593.0,16950.95,1900.93,1645104639,CDX/ADA_1.0,0.0,0.0,0.0,900.0
0.013248,1268804.0,16810.22,5369.2,1645104639,GOKEY/ADA_0.3,0.0,0.0,0.0,900.0
0.000612,27300865.0,16721.12,3309.32,1645104639,KIDZ/ADA_0.3,0.0,0.0,0.0,900.0
0.032805,475012.0,15582.92,0.0,1645104639,cMETA/ADA_0.3,0.0,0.0,0.0,900.0
0.425673,36260.12,15434.98,3934.31,1645104639,CARGO/ADA_0.3,0.0,0.0,0.0,900.0
2.117409,6463.79,13686.49,1626.44,1645104639,DANA/ADA_0.3,0.0,0.0,0.0,900.0
0.0,15758017766.0,12892.35,1882.58,1645104639,MEOW/ADA_0.3,0.0,0.0,0.0,900.0
0.812385,13838.28,11242.01,0.0,1645104639,WMT/ADA_1.0,0.0,0.0,0.0,900.0
0.109,97894.0,10670.52,0.0,1645104639,Card…rm/ADA_0.3,0.0,0.0,0.0,1799.0
0.04938,195716.72,9664.51,90.85,1645104639,cbTHC/ADA_0.3,0.0,0.0,0.0,900.0
108.504185,87.85,9532.54,215.22,1645104639,LQ/ADA_0.05,0.0,0.0,0.0,900.0
0.001185,8012093.0,9502.26,36.81,1645104639,FLANO/ADA_1.0,0.0,0.0,0.0,900.0
0.757644,26075363.39,19755865.44,906369.52,1645105539,SUNDAE/ADA_0.3,0.0006789999999999852,10839.519999999553,25911.970000002533,900.0
109.443532,155557.62,17024776.02,833641.59,1645105539,LQ/ADA_0.3,-0.09151699999999607,144.52999999999884,1594.789999999106,900.0
0.860963,15137912.73,13033182.78,1152086.12,1645105539,WMT/ADA_0.3,-0.01048899999999997,96625.15000000037,-74589.02000000142,900.0
0.123075,12344906.54,1519352.24,362360.84,1645105539,MELD/ADA_0.3,-0.00012999999999999123,6561.39999999851,-805.3100000000559,900.0
0.080344,12664391.0,1017509.73,379503.72,1645105539,PAVIA/ADA_0.3,0.00016800000000000148,-13214.0,1063.8199999999488,900.0
0.144601,6610616.0,955903.21,105272.99,1645105539,XRAY/ADA_0.3,0.0,-321.0,-46.470000000088476,900.0
0.360737,2454352.0,885376.97,47568.42,1645105539,ADAX/ADA_0.3,0.0,0.0,0.0,900.0
2.102053,410473.36,862836.85,523931.92,1645105539,AADA/ADA_0.3,0.020142000000000326,-1926.9100000000326,4256.119999999995,900.0
1.479225,346105.59,511968.15,291696.46,1645105539,VYFI/ADA_0.3,0.011187999999999976,-1314.3799999999464,1942.7200000000303,900.0
6.303936,53018.0,334222.09,116081.9,1645105539,MILK/ADA_0.3,0.0,0.0,0.0,900.0
0.032943,5824672.33,191887.86,11643.01,1645105539,CLAP/ADA_0.3,-0.0002129999999999979,18739.820000000298,-617.5,900.0
0.108802,1687666.15,183622.38,59155.88,1645105539,MINt/ADA_0.3,3.0000000000002247e-05,-229.11000000010245,25.0,900.0
2.146455,72439.94,155489.1,73216.05,1645105539,DANA/ADA_0.05,-0.008855000000000057,149.15000000000873,-320.0,900.0
0.0,6827328027635.0,154640.62,473.08,1645105539,CHRLZ/ADA_0.3,0.0,2000000000.0,-45.179999999993015,900.0
0.867273,138134.83,119800.67,2801.4,1645105539,WMT/ADA_0.05,0.0,0.0,0.0,900.0
0.758378,157854.61,119713.57,5456.63,1645105539,SUNDAE/ADA_0.05,0.0,131.85999999998603,100.0,900.0
0.004948,22656230.0,112106.38,5820.74,1645105539,RAVE/ADA_1.0,0.0,0.0,0.0,900.0
0.0,93328614616425.0,100006.87,12045.61,1645105539,BISON/ADA_0.3,0.0,200000000000.0,-214.13000000000466,900.0
2.7e-05,3535973790.39,96904.81,6928.72,1645105539,ASHIB/ADA_1.0,0.0,0.0,0.0,900.0
0.033201,2711169.0,90015.28,4870.7,1645105539,FIRE/ADA_0.3,0.0,0.0,0.0,900.0
0.316812,270435.38,85677.27,85764.94,1645105539,MIN/ADA_0.3,0.0,0.0,0.0,900.0
0.0,1090670992659.0,62795.38,25877.99,1645105539,HOSKY/ADA_0.3,0.0,0.0,0.0,900.0
0.00637,8908862.0,56752.66,2223.55,1645105539,FLICK/ADA_0.3,0.0,0.0,0.0,900.0
0.092472,522881.0,48352.18,5552.98,1645105539,cNETA/ADA_0.3,0.0,0.0,0.0,900.0
0.0119,3424165.0,40748.11,2433.79,1645105539,CNFT/ADA_0.3,0.0,0.0,0.0,900.0
0.002761,12686116.76,35026.5,12249.78,1645105539,DRIP/ADA_1.0,-5.9000000000000025e-05,136941.0,-368.3000000000029,900.0
0.117345,287741.64,33765.26,14271.58,1645105539,REVU/ADA_0.3,0.0,0.0,0.0,900.0
43.658097,707.0,30866.27,4531.61,1645105539,unsi…en/ADA_1.0,0.0,0.0,0.0,900.0
0.005337,5657663.0,30199.17,234.78,1645105539,BDOGE/ADA_1.0,0.0,0.0,0.0,900.0
0.00085,33503680.34,28508.89,0.0,1645105539,MONET/ADA_0.3,0.0,0.0,0.0,900.0
0.129244,219908.16,28421.95,214.17,1645105539,MELD/ADA_1.0,0.0,0.0,0.0,900.0
0.016686,1698281.0,28337.97,1840.8,1645105539,QUID/ADA_0.3,0.0,0.0,0.0,900.0
0.000729,28266486.0,20617.5,0.0,1645105539,RAG/ADA_1.0,0.0,0.0,0.0,900.0
26.519904,740.0,19624.72,1741.3,1645105539,XDIA…ND/ADA_1.0,0.0,0.0,0.0,900.0
0.104083,183460.82,19095.19,3314.28,1645105539,MINt/ADA_0.05,0.0,329.11000000001513,34.2599999999984,900.0
0.0,317271277919.0,18428.15,2600.69,1645105539,HOSKY/ADA_0.05,0.0,0.0,0.0,900.0
0.305036,59977.33,18295.25,1510.13,1645105539,MIN/ADA_0.05,0.0,0.0,0.0,900.0
0.154925,114932.0,17805.88,512.7,1645105539,SKULL/ADA_1.0,0.0,0.0,0.0,900.0
0.417583,40593.0,16950.95,1900.93,1645105539,CDX/ADA_1.0,0.0,0.0,0.0,900.0
0.013248,1268804.0,16810.22,5369.2,1645105539,GOKEY/ADA_0.3,0.0,0.0,0.0,900.0
0.000612,27300865.0,16721.12,3309.32,1645105539,KIDZ/ADA_0.3,0.0,0.0,0.0,900.0
0.032805,475012.0,15582.92,0.0,1645105539,cMETA/ADA_0.3,0.0,0.0,0.0,900.0
0.425673,36260.12,15434.98,3934.31,1645105539,CARGO/ADA_0.3,0.0,0.0,0.0,900.0
2.117409,6463.79,13686.49,1626.44,1645105539,DANA/ADA_0.3,0.0,0.0,0.0,900.0
0.0,15758017766.0,12892.35,1882.58,1645105539,MEOW/ADA_0.3,0.0,0.0,0.0,900.0
0.849174,13536.68,11495.01,558.53,1645105539,WMT/ADA_1.0,0.03678899999999996,-301.60000000000036,253.0,900.0
0.109,97894.0,10670.52,0.0,1645105539,Card…rm/ADA_0.3,0.0,0.0,0.0,900.0
0.04938,195716.72,9664.51,90.85,1645105539,cbTHC/ADA_0.3,0.0,0.0,0.0,900.0
108.504185,87.85,9532.54,215.22,1645105539,LQ/ADA_0.05,0.0,0.0,0.0,900.0
0.001185,8012093.0,9502.26,36.81,1645105539,FLANO/ADA_1.0,0.0,0.0,0.0,900.0
0.756479,26099469.13,19743715.64,910826.73,1645106439,SUNDAE/ADA_0.3,-0.0011649999999999716,24105.73999999836,-12149.800000000745,899.0
109.436507,155562.62,17024230.46,804819.52,1645106439,LQ/ADA_0.3,-0.007024999999998727,5.0,-545.5599999986589,899.0
0.872159,15336952.46,13376272.81,1162171.62,1645106439,WMT/ADA_0.3,0.011195999999999984,199039.73000000045,343090.0300000012,899.0
0.123327,12340101.07,1521875.31,348808.94,1645106439,MELD/ADA_0.3,0.0002520000000000022,-4805.469999998808,2523.070000000065,899.0
0.080598,12644392.0,1019123.99,356902.02,1645106439,PAVIA/ADA_0.3,0.0002540000000000042,-19999.0,1614.2600000000093,899.0
0.144689,6608611.0,956194.23,105394.38,1645106439,XRAY/ADA_0.3,8.800000000000474e-05,-2005.0,291.0200000000186,899.0
0.360737,2454352.0,885376.97,41313.71,1645106439,ADAX/ADA_0.3,0.0,0.0,0.0,899.0
2.102053,410473.36,862836.85,499827.55,1645106439,AADA/ADA_0.3,0.0,0.0,0.0,899.0
1.480629,345941.68,512211.46,291123.55,1645106439,VYFI/ADA_0.3,0.0014039999999999608,-163.9100000000326,243.30999999999767,899.0
6.309898,52840.0,333415.06,114771.0,1645106439,MILK/ADA_0.3,0.005961999999999357,-178.0,-807.0300000000279,899.0
0.033115,5809579.79,192387.86,12144.51,1645106439,CLAP/ADA_0.3,0.00017199999999999854,-15092.540000000037,500.0,899.0
0.108802,1687666.15,183622.38,59155.88,1645106439,MINt/ADA_0.3,0.0,0.0,0.0,899.0
2.147322,72425.32,155520.52,73247.49,1645106439,DANA/ADA_0.05,0.0008669999999999511,-14.619999999995343,31.419999999983702,899.0
0.0,6827328027635.0,154640.62,473.08,1645106439,CHRLZ/ADA_0.3,0.0,0.0,0.0,899.0
0.867273,138134.83,119800.67,2801.4,1645106439,WMT/ADA_0.05,0.0,0.0,0.0,899.0
0.758378,157854.61,119713.57,5456.63,1645106439,SUNDAE/ADA_0.05,0.0,0.0,0.0,899.0
0.004948,22656230.0,112106.38,5820.74,1645106439,RAVE/ADA_1.0,0.0,0.0,0.0,899.0
0.0,93328614616425.0,100006.87,12045.61,1645106439,BISON/ADA_0.3,0.0,0.0,0.0,899.0
2.7e-05,3535973790.39,96904.81,6928.72,1645106439,ASHIB/ADA_1.0,0.0,0.0,0.0,899.0
0.033201,2711169.0,90015.28,4870.7,1645106439,FIRE/ADA_0.3,0.0,0.0,0.0,899.0
0.316812,271735.38,86089.12,85764.94,1645106439,MIN/ADA_0.3,0.0,1300.0,411.84999999999127,899.0
0.0,1090671992659.0,62795.44,25877.99,1645106439,HOSKY/ADA_0.3,0.0,1000000.0,0.06000000000494765,899.0
0.006384,8898863.0,56816.63,2287.71,1645106439,FLICK/ADA_0.3,1.4000000000000123e-05,-9999.0,63.96999999999389,899.0
0.09212,523881.0,48260.16,5645.0,1645106439,cNETA/ADA_0.3,-0.0003520000000000051,1000.0,-92.0199999999968,899.0
0.0119,3424165.0,40748.11,2433.79,1645106439,CNFT/ADA_0.3,0.0,0.0,0.0,899.0
0.002786,12698836.04,35390.14,12649.16,1645106439,DRIP/ADA_1.0,2.499999999999985e-05,12719.27999999933,363.6399999999994,899.0
0.117345,287741.64,33765.26,14271.58,1645106439,REVU/ADA_0.3,0.0,0.0,0.0,899.0
43.658097,707.0,30866.27,4531.61,1645106439,unsi…en/ADA_1.0,0.0,0.0,0.0,899.0
0.005337,5657663.0,30199.17,234.78,1645106439,BDOGE/ADA_1.0,0.0,0.0,0.0,899.0
0.00085,33503680.34,28508.89,0.0,1645106439,MONET/ADA_0.3,0.0,0.0,0.0,899.0
0.129244,219908.16,28421.95,214.17,1645106439,MELD/ADA_1.0,0.0,0.0,0.0,899.0
0.016686,1698281.0,28337.97,1840.8,1645106439,QUID/ADA_0.3,0.0,0.0,0.0,899.0
0.000729,28266486.0,20617.5,0.0,1645106439,RAG/ADA_1.0,0.0,0.0,0.0,899.0
26.519904,740.0,19624.72,1741.3,1645106439,XDIA…ND/ADA_1.0,0.0,0.0,0.0,899.0
0.104083,183460.82,19095.19,3314.28,1645106439,MINt/ADA_0.05,0.0,0.0,0.0,899.0
0.0,317271277919.0,18428.15,2600.69,1645106439,HOSKY/ADA_0.05,0.0,0.0,0.0,899.0
0.305036,59977.33,18295.25,1510.13,1645106439,MIN/ADA_0.05,0.0,0.0,0.0,899.0
0.154925,114932.0,17805.88,512.7,1645106439,SKULL/ADA_1.0,0.0,0.0,0.0,899.0
0.417583,40593.0,16950.95,1810.06,1645106439,CDX/ADA_1.0,0.0,0.0,0.0,899.0
0.013248,1268804.0,16810.22,5369.2,1645106439,GOKEY/ADA_0.3,0.0,0.0,0.0,899.0
0.000612,27300865.0,16721.12,3155.83,1645106439,KIDZ/ADA_0.3,0.0,0.0,0.0,899.0
0.032805,475012.0,15582.92,0.0,1645106439,cMETA/ADA_0.3,0.0,0.0,0.0,899.0
0.425673,36260.12,15434.98,3915.88,1645106439,CARGO/ADA_0.3,0.0,0.0,0.0,899.0
2.117409,6463.79,13686.49,1626.44,1645106439,DANA/ADA_0.3,0.0,0.0,0.0,899.0
0.0,15758017766.0,12892.35,1840.53,1645106439,MEOW/ADA_0.3,0.0,0.0,0.0,899.0
0.849174,13536.68,11495.01,558.53,1645106439,WMT/ADA_1.0,0.0,0.0,0.0,899.0
0.109,97894.0,10670.52,0.0,1645106439,Card…rm/ADA_0.3,0.0,0.0,0.0,899.0
0.04938,195716.72,9664.51,90.85,1645106439,cbTHC/ADA_0.3,0.0,0.0,0.0,899.0
108.504185,87.85,9532.54,215.22,1645106439,LQ/ADA_0.05,0.0,0.0,0.0,899.0
0.001185,8012093.0,9502.26,36.81,1645106439,FLANO/ADA_1.0,0.0,0.0,0.0,899.0
0.75617,26105442.26,19740164.47,915206.06,1645107333,SUNDAE/ADA_0.3,-0.0003090000000000037,5973.130000002682,-3551.170000001788,894.0
109.446505,155559.79,17025476.3,805600.71,1645107333,LQ/ADA_0.3,0.009997999999995955,-2.8299999999871943,1245.839999999851,894.0
0.872218,15338513.73,13378533.22,1162622.97,1645107333,WMT/ADA_0.3,5.900000000003125e-05,1561.269999999553,2260.410000000149,894.0
0.123185,12347299.2,1521004.22,354183.14,1645107333,MELD/ADA_0.3,-0.00014200000000000323,7198.129999998957,-871.0900000000838,894.0
0.080536,12649334.0,1018728.26,357676.16,1645107333,PAVIA/ADA_0.3,-6.20000000000065e-05,4942.0,-395.7299999999814,894.0
0.144689,6608611.0,956194.23,105394.38,1645107333,XRAY/ADA_0.3,0.0,0.0,0.0,894.0
0.360745,2454325.0,885386.97,41323.74,1645107333,ADAX/ADA_0.3,8.000000000008e-06,-27.0,10.0,894.0
2.106411,410049.56,863733.18,501039.65,1645107333,AADA/ADA_0.3,0.004357999999999862,-423.79999999998836,896.3300000000745,894.0
1.480629,345941.68,512211.46,291123.55,1645107333,VYFI/ADA_0.3,0.0,0.0,0.0,894.0
6.309858,52764.0,332933.36,114771.0,1645107333,MILK/ADA_0.3,-3.999999999937387e-05,-76.0,-481.70000000001164,894.0
0.755756,26114607.47,19736288.44,921118.67,1645108239,SUNDAE/ADA_0.3,-0.00041400000000002546,9165.209999997169,-3876.029999997467,905.0
109.446505,155564.79,17026023.51,805600.71,1645108239,LQ/ADA_0.3,0.0,5.0,547.2100000008941,905.0
0.873272,15329497.95,13386829.67,1170761.86,1645108239,WMT/ADA_0.3,0.0010539999999999994,-9015.780000001192,8296.449999999255,905.0
0.122472,12383271.64,1516610.32,362357.77,1645108239,MELD/ADA_0.3,-0.0007130000000000053,35972.44000000134,-4393.899999999907,905.0
0.081119,12603859.0,1022417.66,362261.75,1645108239,PAVIA/ADA_0.3,0.0005830000000000002,-45475.0,3689.4000000000233,905.0
0.145203,6596918.0,957894.23,107099.48,1645108239,XRAY/ADA_0.3,0.0005139999999999867,-11693.0,1700.0,905.0
0.36773,2430939.0,893931.24,50076.17,1645108239,ADAX/ADA_0.3,0.006985000000000019,-23386.0,8544.270000000019,905.0
2.116039,409117.04,865707.85,503020.26,1645108239,AADA/ADA_0.3,0.009627999999999748,-932.5200000000186,1974.6699999999255,905.0
1.479712,346049.48,512053.64,291703.93,1645108239,VYFI/ADA_0.3,-0.0009170000000000567,107.79999999998836,-157.82000000000698,905.0
4.008744,66218.0,265451.04,182266.34,1645108239,MILK/ADA_0.3,-2.301114,13454.0,-67482.32,905.0
0.033376,5786921.11,193148.44,15080.77,1645108239,CLAP/ADA_0.3,0.0002610000000000043,-22658.679999999702,760.5800000000163,1799.0
0.107642,1696750.31,182642.82,60058.59,1645108239,MINt/ADA_0.3,-0.0011599999999999944,9084.160000000149,-979.5599999999977,1799.0
2.143072,72597.03,155580.68,71287.99,1645108239,DANA/ADA_0.05,-0.004249999999999865,171.70999999999185,60.16000000000349,1799.0
0.0,6827328027635.0,154640.62,473.08,1645108239,CHRLZ/ADA_0.3,0.0,0.0,0.0,1799.0
0.867273,148294.91,128612.23,2801.4,1645108239,WMT/ADA_0.05,0.0,10160.080000000016,8811.559999999998,1799.0
0.758378,157552.24,119484.27,5456.63,1645108239,SUNDAE/ADA_0.05,0.0,-302.36999999999534,-229.3000000000029,1799.0
0.004911,22741976.0,111689.89,6413.83,1645108239,RAVE/ADA_1.0,-3.7000000000000574e-05,85746.0,-416.49000000000524,1799.0
0.0,93347674616425.0,99986.51,10457.43,1645108239,BISON/ADA_0.3,0.0,19060000000.0,-20.360000000000582,1799.0
2.7e-05,3535973790.39,96904.81,6928.72,1645108239,ASHIB/ADA_1.0,0.0,0.0,0.0,1799.0
0.033645,2693271.0,90615.28,5472.5,1645108239,FIRE/ADA_0.3,0.00044399999999999995,-17898.0,600.0,1799.0
0.316849,271719.65,86094.12,83381.32,1645108239,MIN/ADA_0.3,3.700000000000925e-05,-15.729999999981374,5.0,1799.0
0.0,1077726597592.0,63552.0,25842.48,1645108239,HOSKY/ADA_0.3,0.0,-12945395067.0,756.5599999999977,1799.0
0.006384,8898863.0,56816.63,2260.41,1645108239,FLICK/ADA_0.3,0.0,0.0,0.0,1799.0
0.09212,523881.0,48260.16,5444.4,1645108239,cNETA/ADA_0.3,0.0,0.0,0.0,1799.0
0.0119,3424165.0,40748.11,2433.79,1645108239,CNFT/ADA_0.3,0.0,0.0,0.0,1799.0
0.129073,274447.94,35424.0,22349.78,1645108239,REVU/ADA_0.3,0.011727999999999988,-13293.700000000012,1658.739999999998,1799.0
0.002786,12698836.04,35390.14,12481.58,1645108239,DRIP/ADA_1.0,0.0,0.0,0.0,1799.0
53.02865,642.0,34044.39,6899.95,1645108239,unsi…en/ADA_1.0,9.370553000000001,-65.0,3178.119999999999,1799.0
0.005337,5657663.0,30199.17,234.78,1645108239,BDOGE/ADA_1.0,0.0,0.0,0.0,1799.0
0.00085,33503680.34,28508.89,0.0,1645108239,MONET/ADA_0.3,0.0,0.0,0.0,1799.0
0.129244,219908.16,28421.95,214.17,1645108239,MELD/ADA_1.0,0.0,0.0,0.0,1799.0
0.016686,1698281.0,28337.97,1840.8,1645108239,QUID/ADA_0.3,0.0,0.0,0.0,1799.0
0.000729,28266486.0,20617.5,0.0,1645108239,RAG/ADA_1.0,0.0,0.0,0.0,1799.0
26.519904,740.0,19624.72,1741.3,1645108239,XDIA…ND/ADA_1.0,0.0,0.0,0.0,1799.0
0.104083,183460.82,19095.19,3314.28,1645108239,MINt/ADA_0.05,0.0,0.0,0.0,1799.0
0.0,317271277919.0,18428.15,2600.69,1645108239,HOSKY/ADA_0.05,0.0,0.0,0.0,1799.0
0.305036,59977.33,18295.25,1510.13,1645108239,MIN/ADA_0.05,0.0,0.0,0.0,1799.0
0.154925,114932.0,17805.88,512.7,1645108239,SKULL/ADA_1.0,0.0,0.0,0.0,1799.0
0.417583,40593.0,16950.95,1810.06,1645108239,CDX/ADA_1.0,0.0,0.0,0.0,1799.0
0.013248,1268804.0,16810.22,5369.2,1645108239,GOKEY/ADA_0.3,0.0,0.0,0.0,1799.0
0.000612,27300865.0,16721.12,3155.83,1645108239,KIDZ/ADA_0.3,0.0,0.0,0.0,1799.0
0.032847,474709.0,15592.92,937.09,1645108239,cMETA/ADA_0.3,4.200000000000037e-05,-303.0,10.0,1799.0
0.414189,36760.12,15225.66,4125.2,1645108239,CARGO/ADA_0.3,-0.01148400000000005,500.0,-209.3199999999997,1799.0
2.117409,6463.79,13686.49,1626.44,1645108239,DANA/ADA_0.3,0.0,0.0,0.0,1799.0
0.0,15758017766.0,12892.35,1840.53,1645108239,MEOW/ADA_0.3,0.0,0.0,0.0,1799.0
0.849174,13536.68,11495.01,558.53,1645108239,WMT/ADA_1.0,0.0,0.0,0.0,1799.0
0.109,97894.0,10670.52,0.0,1645108239,Card…rm/ADA_0.3,0.0,0.0,0.0,1799.0
0.04938,195716.72,9664.51,90.85,1645108239,cbTHC/ADA_0.3,0.0,0.0,0.0,1799.0
108.504185,87.85,9532.54,215.22,1645108239,LQ/ADA_0.05,0.0,0.0,0.0,1799.0
0.001185,8012093.0,9502.26,36.81,1645108239,FLANO/ADA_1.0,0.0,0.0,0.0,1799.0
0.75615,26110907.59,19743763.22,926277.97,1645109139,SUNDAE/ADA_0.3,0.00039400000000000546,-3699.879999998957,7474.779999997467,900.0
109.439481,155569.79,17025477.94,806146.28,1645109139,LQ/ADA_0.3,-0.0070240000000012515,5.0,-545.570000000298,900.0
0.873401,15331738.0,13390762.84,1171734.75,1645109139,WMT/ADA_0.3,0.00012899999999993472,2240.050000000745,3933.1699999999255,900.0
0.122499,12374135.85,1515826.49,362536.2,1645109139,MELD/ADA_0.3,2.6999999999999247e-05,-9135.790000000969,-783.8300000000745,900.0
0.081453,12578004.0,1024525.69,364376.1,1645109139,PAVIA/ADA_0.3,0.00033400000000000096,-25855.0,2108.0299999999115,900.0
0.145205,6596870.0,957902.14,107384.01,1645109139,XRAY/ADA_0.3,2.000000000002e-06,-48.0,7.910000000032596,900.0
0.36773,2430939.0,893931.24,50076.17,1645109139,ADAX/ADA_0.3,0.0,0.0,0.0,900.0
2.113037,409407.97,865094.61,503663.55,1645109139,AADA/ADA_0.3,-0.003001999999999949,290.929999999993,-613.2399999999907,900.0
1.484332,345511.3,512853.64,292506.33,1645109139,VYFI/ADA_0.3,0.0046200000000000685,-538.179999999993,800.0,900.0
4.170442,64925.0,270765.98,191752.33,1645109139,MILK/ADA_0.3,0.16169800000000034,-1293.0,5314.940000000002,900.0
0.107642,1696750.31,182642.82,60058.59,1645109139,MINt/ADA_0.3,0.0,0.0,0.0,900.0
0.02429,6784902.93,164811.62,43558.44,1645109139,CLAP/ADA_0.3,-0.009086000000000004,997981.8199999994,-28336.820000000007,900.0
2.161604,72285.34,156252.29,72780.26,1645109139,DANA/ADA_0.05,0.018531999999999993,-311.6900000000023,671.6100000000151,900.0
0.0,6827328027635.0,154640.62,473.08,1645109139,CHRLZ/ADA_0.3,0.0,0.0,0.0,900.0
0.867273,148294.91,128612.23,2801.4,1645109139,WMT/ADA_0.05,0.0,0.0,0.0,900.0
0.758378,157594.32,119516.18,5456.63,1645109139,SUNDAE/ADA_0.05,0.0,42.0800000000163,31.90999999998894,900.0
0.004911,22741976.0,111689.89,6413.83,1645109139,RAVE/ADA_1.0,0.0,0.0,0.0,900.0
0.0,93347674616425.0,99986.51,10457.43,1645109139,BISON/ADA_0.3,0.0,0.0,0.0,900.0
2.7e-05,3535973790.39,96904.81,6928.72,1645109139,ASHIB/ADA_1.0,0.0,0.0,0.0,900.0
0.033645,2693271.0,90615.28,5472.5,1645109139,FIRE/ADA_0.3,0.0,0.0,0.0,900.0
0.313698,270739.18,84930.46,83806.11,1645109139,MIN/ADA_0.3,-0.003151000000000015,-980.4700000000303,-1163.659999999989,900.0
0.0,1072398556826.0,63869.52,26140.49,1645109139,HOSKY/ADA_0.3,0.0,-5328040766.0,317.5199999999968,900.0
0.006384,8898863.0,56816.63,2260.41,1645109139,FLICK/ADA_0.3,0.0,0.0,0.0,900.0
0.09212,522930.0,48172.52,5444.4,1645109139,cNETA/ADA_0.3,0.0,-951.0,-87.6400000000067,900.0
0.0119,3424165.0,40748.11,2433.79,1645109139,CNFT/ADA_0.3,0.0,0.0,0.0,900.0
0.002786,12698836.04,35390.14,12481.58,1645109139,DRIP/ADA_1.0,0.0,0.0,0.0,900.0
0.124502,279447.94,34792.04,22981.73,1645109139,REVU/ADA_0.3,-0.004570999999999992,5000.0,-631.9599999999991,900.0
53.02865,642.0,34044.39,6899.95,1645109139,unsi…en/ADA_1.0,0.0,0.0,0.0,900.0
0.005337,5657663.0,30199.17,234.78,1645109139,BDOGE/ADA_1.0,0.0,0.0,0.0,900.0
0.00085,33503680.34,28508.89,0.0,1645109139,MONET/ADA_0.3,0.0,0.0,0.0,900.0
0.129244,219631.69,28386.21,214.17,1645109139,MELD/ADA_1.0,0.0,-276.47000000000116,-35.7400000000016,900.0
0.016544,1705553.0,28217.51,1961.27,1645109139,QUID/ADA_0.3,-0.00014199999999999977,7272.0,-120.46000000000276,900.0
0.000729,28266486.0,20617.5,0.0,1645109139,RAG/ADA_1.0,0.0,0.0,0.0,900.0
26.519904,740.0,19624.72,1741.3,1645109139,XDIA…ND/ADA_1.0,0.0,0.0,0.0,900.0
0.104083,183460.82,19095.19,3314.28,1645109139,MINt/ADA_0.05,0.0,0.0,0.0,900.0
0.0,317271277919.0,18428.15,2600.69,1645109139,HOSKY/ADA_0.05,0.0,0.0,0.0,900.0
0.305036,59977.33,18295.25,1510.13,1645109139,MIN/ADA_0.05,0.0,0.0,0.0,900.0
0.154925,114932.0,17805.88,512.7,1645109139,SKULL/ADA_1.0,0.0,0.0,0.0,900.0
0.417583,40593.0,16950.95,1810.06,1645109139,CDX/ADA_1.0,0.0,0.0,0.0,900.0
0.013248,1268804.0,16810.22,5369.2,1645109139,GOKEY/ADA_0.3,0.0,0.0,0.0,900.0
0.000612,27300865.0,16721.12,3155.83,1645109139,KIDZ/ADA_0.3,0.0,0.0,0.0,900.0
0.032847,474709.0,15592.92,937.09,1645109139,cMETA/ADA_0.3,0.0,0.0,0.0,900.0
0.414189,36760.12,15225.66,4125.2,1645109139,CARGO/ADA_0.3,0.0,0.0,0.0,900.0
2.117409,6463.79,13686.49,1626.44,1645109139,DANA/ADA_0.3,0.0,0.0,0.0,900.0
0.0,15758017766.0,12892.35,1840.53,1645109139,MEOW/ADA_0.3,0.0,0.0,0.0,900.0
0.849174,13536.68,11495.01,558.53,1645109139,WMT/ADA_1.0,0.0,0.0,0.0,900.0
0.109,97894.0,10670.52,0.0,1645109139,Card…rm/ADA_0.3,0.0,0.0,0.0,900.0
0.04938,195716.93,9664.52,90.85,1645109139,cbTHC/ADA_0.3,0.0,0.20999999999185093,0.010000000000218279,900.0
108.504185,87.85,9532.54,215.22,1645109139,LQ/ADA_0.05,0.0,0.0,0.0,900.0
0.001185,8012093.0,9502.26,36.81,1645109139,FLANO/ADA_1.0,0.0,0.0,0.0,900.0
0.756326,26114861.22,19751372.03,928598.07,1645110039,SUNDAE/ADA_0.3,0.000176000000000065,3953.629999998957,7608.810000002384,900.0
110.081641,155116.25,17075452.21,856343.92,1645110039,LQ/ADA_0.3,0.6421600000000041,-453.54000000000815,49974.26999999955,900.0
0.874039,15334202.93,13402702.22,1176649.45,1645110039,WMT/ADA_0.3,0.0006380000000000274,2464.929999999702,11939.38000000082,900.0
0.122502,12373993.32,1515844.37,369541.92,1645110039,MELD/ADA_0.3,3.0000000000030003e-06,-142.52999999932945,17.880000000121072,900.0
0.081227,12607698.0,1024091.57,366305.31,1645110039,PAVIA/ADA_0.3,-0.00022600000000000398,29694.0,-434.11999999999534,900.0
0.145227,6596371.0,957974.88,107456.96,1645110039,XRAY/ADA_0.3,2.1999999999994246e-05,-499.0,72.73999999999069,900.0
0.36773,2430939.0,893931.24,50076.17,1645110039,ADAX/ADA_0.3,0.0,0.0,0.0,900.0
2.086851,411972.48,859725.48,514401.79,1645110039,AADA/ADA_0.3,-0.026186000000000043,2564.5100000000093,-5369.130000000005,900.0
1.481065,345893.47,512290.79,293770.22,1645110039,VYFI/ADA_0.3,-0.003266999999999909,382.1699999999837,-562.8500000000349,900.0
4.647517,61496.0,285803.75,208173.62,1645110039,MILK/ADA_0.3,0.47707499999999925,-3429.0,15037.770000000019,900.0
0.105167,1726941.43,181618.2,62072.18,1645110039,MINt/ADA_0.3,-0.002475000000000005,30191.11999999988,-1024.6199999999953,900.0
0.024323,6780391.08,164921.62,41035.44,1645110039,CLAP/ADA_0.3,3.300000000000178e-05,-4511.8499999996275,110.0,900.0
2.145759,72551.8,155678.7,65606.89,1645110039,DANA/ADA_0.05,-0.01584500000000011,266.4600000000064,-573.5899999999965,900.0
0.0,6829032618095.0,154602.14,511.57,1645110039,CHRLZ/ADA_0.3,0.0,1704590460.0,-38.47999999998137,900.0
0.867273,148294.91,128612.23,2801.4,1645110039,WMT/ADA_0.05,0.0,0.0,0.0,900.0
0.758378,157594.32,119516.18,5102.55,1645110039,SUNDAE/ADA_0.05,0.0,0.0,0.0,900.0
0.004928,22701732.0,111889.89,6052.25,1645110039,RAVE/ADA_1.0,1.700000000000052e-05,-40244.0,200.0,900.0
0.0,93347674616425.0,99986.51,10438.37,1645110039,BISON/ADA_0.3,0.0,0.0,0.0,900.0
2.7e-05,3535973790.39,96904.81,6724.5,1645110039,ASHIB/ADA_1.0,0.0,0.0,0.0,900.0
0.033645,2693271.0,90615.28,5155.12,1645110039,FIRE/ADA_0.3,0.0,0.0,0.0,900.0
0.314862,270239.18,85088.07,82477.89,1645110039,MIN/ADA_0.3,0.0011639999999999984,-500.0,157.61000000000058,900.0
0.0,1086164643746.0,63062.47,26755.95,1645110039,HOSKY/ADA_0.3,0.0,13766086920.0,-807.0499999999956,900.0
0.006384,8898863.0,56816.63,1721.77,1645110039,FLICK/ADA_0.3,0.0,0.0,0.0,900.0
0.092482,521906.0,48267.4,5535.07,1645110039,cNETA/ADA_0.3,0.0003620000000000012,-1024.0,94.88000000000466,900.0
0.0119,3424165.0,40748.11,2373.3,1645110039,CNFT/ADA_0.3,0.0,0.0,0.0,900.0
0.002788,12695249.91,35400.29,12139.71,1645110039,DRIP/ADA_1.0,2.0000000000002655e-06,-3586.129999998957,10.150000000001455,900.0
0.122983,281170.94,34579.47,21770.84,1645110039,REVU/ADA_0.3,-0.0015190000000000065,1723.0,-212.5699999999997,900.0
53.02865,642.0,34044.39,6899.95,1645110039,unsi…en/ADA_1.0,0.0,0.0,0.0,900.0
0.005337,5657663.0,30199.17,234.78,1645110039,BDOGE/ADA_1.0,0.0,0.0,0.0,900.0
0.000851,33491967.69,28518.89,33.27,1645110039,MONET/ADA_0.3,1.0000000000000243e-06,-11712.64999999851,10.0,900.0
0.129244,219631.69,28386.21,214.17,1645110039,MELD/ADA_1.0,0.0,0.0,0.0,900.0
0.016544,1705553.0,28217.51,1961.27,1645110039,QUID/ADA_0.3,0.0,0.0,0.0,900.0
0.000729,28266486.0,20617.5,0.0,1645110039,RAG/ADA_1.0,0.0,0.0,0.0,900.0
26.519904,740.0,19624.72,1741.3,1645110039,XDIA…ND/ADA_1.0,0.0,0.0,0.0,900.0
0.104083,183460.82,19095.19,3314.28,1645110039,MINt/ADA_0.05,0.0,0.0,0.0,900.0
0.0,317271277919.0,18428.15,2600.69,1645110039,HOSKY/ADA_0.05,0.0,0.0,0.0,900.0
0.305036,59977.33,18295.25,1510.13,1645110039,MIN/ADA_0.05,0.0,0.0,0.0,900.0
0.154925,114932.0,17805.88,512.7,1645110039,SKULL/ADA_1.0,0.0,0.0,0.0,900.0
0.417583,40593.0,16950.95,1810.06,1645110039,CDX/ADA_1.0,0.0,0.0,0.0,900.0
0.013248,1268804.0,16810.22,5369.2,1645110039,GOKEY/ADA_0.3,0.0,0.0,0.0,900.0
0.000612,27300865.0,16721.12,3155.83,1645110039,KIDZ/ADA_0.3,0.0,0.0,0.0,900.0
0.032847,474709.0,15592.92,937.09,1645110039,cMETA/ADA_0.3,0.0,0.0,0.0,900.0
0.414189,36760.12,15225.66,4087.15,1645110039,CARGO/ADA_0.3,0.0,0.0,0.0,900.0
2.117409,6463.79,13686.49,1626.44,1645110039,DANA/ADA_0.3,0.0,0.0,0.0,900.0
0.0,15758017766.0,12892.35,1850.56,1645110039,MEOW/ADA_0.3,0.0,0.0,0.0,900.0
0.849174,13536.68,11495.01,558.53,1645110039,WMT/ADA_1.0,0.0,0.0,0.0,900.0
0.109,97894.0,10670.52,0.0,1645110039,Card…rm/ADA_0.3,0.0,0.0,0.0,900.0
0.04938,195716.93,9664.52,90.85,1645110039,cbTHC/ADA_0.3,0.0,0.0,0.0,900.0
0.001185,8012093.0,9502.26,11.56,1645110039,FLANO/ADA_1.0,0.0,0.0,0.0,900.0
108.504185,87.37,9480.12,215.22,1645110039,LQ/ADA_0.05,0.0,-0.47999999999998977,-52.42000000000007,900.0
0.756394,26127887.82,19762995.92,932513.64,1645110940,SUNDAE/ADA_0.3,6.799999999995698e-05,13026.60000000149,11623.890000000596,901.0
110.128576,155098.99,17080832.01,844490.4,1645110940,LQ/ADA_0.3,0.04693499999999062,-17.260000000009313,5379.800000000745,901.0
0.873677,15337757.3,13400254.34,1123527.49,1645110940,WMT/ADA_0.3,-0.00036199999999997345,3554.370000001043,-2447.8800000008196,901.0
0.122065,12396177.98,1513142.97,349275.42,1645110940,MELD/ADA_0.3,-0.00043699999999999295,22184.66000000015,-2701.4000000001397,901.0
0.081261,12605091.0,1024306.05,348231.74,1645110940,PAVIA/ADA_0.3,3.400000000000625e-05,-2607.0,214.4800000000978,901.0
0.145744,6584683.0,959680.64,107773.0,1645110940,XRAY/ADA_0.3,0.0005170000000000174,-11688.0,1705.7600000000093,901.0
0.36773,2430939.0,893931.24,45028.01,1645110940,ADAX/ADA_0.3,0.0,0.0,0.0,901.0
2.057547,414907.72,853692.41,499704.87,1645110940,AADA/ADA_0.3,-0.029303999999999775,2935.2399999999907,-6033.069999999949,901.0
1.567277,336259.68,527012.09,308312.95,1645110940,VYFI/ADA_0.3,0.08621199999999996,-9633.789999999979,14721.299999999988,901.0
5.423449,56853.0,308339.38,227665.61,1645110940,MILK/ADA_0.3,0.7759320000000001,-4643.0,22535.630000000005,901.0
0.105167,1726941.43,181618.2,62072.18,1645110940,MINt/ADA_0.3,0.0,0.0,0.0,901.0
0.024349,6776704.04,165011.62,41383.05,1645110940,CLAP/ADA_0.3,2.5999999999998247e-05,-3687.0400000000373,90.0,901.0
2.162226,72275.17,156275.26,67010.83,1645110940,DANA/ADA_0.05,0.01646700000000001,-276.63000000000466,596.5599999999977,901.0
0.0,6829032618095.0,154602.14,511.57,1645110940,CHRLZ/ADA_0.3,0.0,0.0,0.0,901.0
0.867273,148247.11,128570.78,2801.4,1645110940,WMT/ADA_0.05,0.0,-47.80000000001746,-41.44999999999709,901.0
0.758378,156750.44,118876.19,5102.55,1645110940,SUNDAE/ADA_0.05,0.0,-843.8800000000047,-639.9899999999907,901.0
0.004915,22731724.0,111745.72,6296.41,1645110940,RAVE/ADA_1.0,-1.299999999999999e-05,29992.0,-144.16999999999825,901.0
0.0,93347674616425.0,99986.51,10438.37,1645110940,BISON/ADA_0.3,0.0,0.0,0.0,901.0
2.7e-05,3535973790.39,96904.81,6724.5,1645110940,ASHIB/ADA_1.0,0.0,0.0,0.0,901.0
0.033645,2693271.0,90615.28,5155.12,1645110940,FIRE/ADA_0.3,0.0,0.0,0.0,901.0
0.30278,275586.28,83442.02,84123.94,1645110940,MIN/ADA_0.3,-0.012081999999999982,5347.100000000035,-1646.050000000003,901.0
0.0,1086164643746.0,63062.47,26755.95,1645110940,HOSKY/ADA_0.3,0.0,0.0,0.0,901.0
0.006384,8898863.0,56816.63,1721.77,1645110940,FLICK/ADA_0.3,0.0,0.0,0.0,901.0
0.092482,521906.0,48267.4,5535.07,1645110940,cNETA/ADA_0.3,0.0,0.0,0.0,901.0
0.011762,3444165.0,40512.19,2609.22,1645110940,CNFT/ADA_0.3,-0.00013800000000000097,20000.0,-235.91999999999825,901.0
0.002788,12695249.91,35400.29,12139.71,1645110940,DRIP/ADA_1.0,0.0,0.0,0.0,901.0
0.120052,284587.58,34165.56,22184.75,1645110940,REVU/ADA_0.3,-0.002930999999999989,3416.640000000014,-413.9100000000035,901.0
53.02865,642.0,34044.39,6899.95,1645110940,unsi…en/ADA_1.0,0.0,0.0,0.0,901.0
0.005337,5657663.0,30199.17,234.78,1645110940,BDOGE/ADA_1.0,0.0,0.0,0.0,901.0
0.000851,33491967.69,28518.89,33.27,1645110940,MONET/ADA_0.3,0.0,0.0,0.0,901.0
0.129244,219631.69,28386.21,214.17,1645110940,MELD/ADA_1.0,0.0,0.0,0.0,901.0
0.016544,1705553.0,28217.51,1961.27,1645110940,QUID/ADA_0.3,0.0,0.0,0.0,901.0
0.000729,28266486.0,20617.5,0.0,1645110940,RAG/ADA_1.0,0.0,0.0,0.0,901.0
25.790853,751.0,19368.93,2537.45,1645110940,XDIA…ND/ADA_1.0,-0.7290510000000019,11.0,-255.79000000000087,901.0
0.104083,183460.82,19095.19,3314.28,1645110940,MINt/ADA_0.05,0.0,0.0,0.0,901.0
0.0,317271277919.0,18428.15,2600.69,1645110940,HOSKY/ADA_0.05,0.0,0.0,0.0,901.0
0.305036,59977.33,18295.25,1510.13,1645110940,MIN/ADA_0.05,0.0,0.0,0.0,901.0
0.154925,114932.0,17805.88,356.1,1645110940,SKULL/ADA_1.0,0.0,0.0,0.0,901.0
0.417583,40593.0,16950.95,1810.06,1645110940,CDX/ADA_1.0,0.0,0.0,0.0,901.0
0.013248,1268804.0,16810.22,5369.2,1645110940,GOKEY/ADA_0.3,0.0,0.0,0.0,901.0
0.000612,27300865.0,16721.12,3155.83,1645110940,KIDZ/ADA_0.3,0.0,0.0,0.0,901.0
0.032847,474709.0,15592.92,937.09,1645110940,cMETA/ADA_0.3,0.0,0.0,0.0,901.0
0.414189,36760.12,15225.66,4087.15,1645110940,CARGO/ADA_0.3,0.0,0.0,0.0,901.0
2.117409,6463.79,13686.49,1626.44,1645110940,DANA/ADA_0.3,0.0,0.0,0.0,901.0
0.0,15745841087.0,12902.35,1850.56,1645110940,MEOW/ADA_0.3,0.0,-12176679.0,10.0,901.0
0.849174,13536.68,11495.01,558.53,1645110940,WMT/ADA_1.0,0.0,0.0,0.0,901.0
0.109,97894.0,10670.52,0.0,1645110940,Card…rm/ADA_0.3,0.0,0.0,0.0,901.0
0.04938,195716.93,9664.52,90.85,1645110940,cbTHC/ADA_0.3,0.0,0.0,0.0,901.0
0.001185,8012093.0,9502.26,11.56,1645110940,FLANO/ADA_1.0,0.0,0.0,0.0,901.0
108.504185,87.37,9480.12,215.22,1645110940,LQ/ADA_0.05,0.0,0.0,0.0,901.0
0.756526,26127300.22,19766002.21,935295.64,1645111839,SUNDAE/ADA_0.3,0.000132000000000021,-587.6000000014901,3006.289999999106,899.0
110.13836,155091.03,17081472.76,846353.78,1645111839,LQ/ADA_0.3,0.009784000000010451,-7.959999999991851,640.75,899.0
0.874071,15336840.57,13405500.43,1127356.0,1645111839,WMT/ADA_0.3,0.00039400000000000546,-916.730000000447,5246.089999999851,899.0
0.122019,12412656.52,1514585.9,364077.27,1645111839,MELD/ADA_0.3,-4.600000000000437e-05,16478.539999999106,1442.9299999999348,899.0
0.081474,12588614.0,1025651.38,349704.94,1645111839,PAVIA/ADA_0.3,0.00021300000000000485,-16477.0,1345.329999999958,899.0
0.145701,6592673.0,960563.04,107913.63,1645111839,XRAY/ADA_0.3,-4.300000000001525e-05,7990.0,882.4000000000233,899.0
0.367344,2432219.0,893462.2,45497.04,1645111839,ADAX/ADA_0.3,-0.00038599999999999746,1280.0,-469.04000000003725,899.0
2.053572,415309.72,852868.55,500579.91,1645111839,AADA/ADA_0.3,-0.003975000000000062,402.0,-823.859999999986,899.0
1.567277,336259.68,527012.09,308312.95,1645111839,VYFI/ADA_0.3,0.0,0.0,0.0,899.0
5.873765,54638.0,320930.82,261386.34,1645111839,MILK/ADA_0.3,0.45031599999999994,-2215.0,12591.440000000002,899.0
0.106222,1718357.41,182528.2,62984.91,1645111839,MINt/ADA_0.3,0.0010550000000000004,-8584.020000000019,910.0,899.0
0.025114,6672871.12,167587.04,43708.86,1645111839,CLAP/ADA_0.3,0.0007650000000000018,-103832.91999999993,2575.420000000013,899.0
0.0,6829032618095.0,154602.14,511.57,1645111839,CHRLZ/ADA_0.3,0.0,0.0,0.0,899.0
2.083611,73404.05,152945.54,69949.71,1645111839,DANA/ADA_0.05,-0.0786150000000001,1128.8800000000047,-3329.720000000001,899.0
0.867273,148247.11,128570.78,2801.4,1645111839,WMT/ADA_0.05,0.0,0.0,0.0,899.0
0.758378,156609.64,118769.42,5102.55,1645111839,SUNDAE/ADA_0.05,0.0,-140.79999999998836,-106.77000000000407,899.0
0.004879,22816725.0,111335.05,6856.89,1645111839,RAVE/ADA_1.0,-3.600000000000044e-05,85001.0,-410.66999999999825,899.0
0.0,93347674616425.0,99986.51,10438.37,1645111839,BISON/ADA_0.3,0.0,0.0,0.0,899.0
2.7e-05,3535973790.39,96904.81,6724.5,1645111839,ASHIB/ADA_1.0,0.0,0.0,0.0,899.0
0.033645,2693271.0,90615.28,5155.12,1645111839,FIRE/ADA_0.3,0.0,0.0,0.0,899.0
0.30278,275586.28,83442.02,84123.94,1645111839,MIN/ADA_0.3,0.0,0.0,0.0,899.0
0.0,1086164643746.0,63062.47,26755.95,1645111839,HOSKY/ADA_0.3,0.0,0.0,0.0,899.0
0.006425,8870844.0,56996.63,1902.31,1645111839,FLICK/ADA_0.3,4.100000000000024e-05,-28019.0,180.0,899.0
0.088681,532991.0,47266.5,6583.11,1645111839,cNETA/ADA_0.3,-0.003800999999999999,11085.0,-1000.9000000000015,899.0
0.011762,3444165.0,40512.19,2609.22,1645111839,CNFT/ADA_0.3,0.0,0.0,0.0,899.0
0.002786,12699249.91,35389.25,12150.75,1645111839,DRIP/ADA_1.0,-2.0000000000002655e-06,4000.0,-11.040000000000873,899.0
0.120052,284587.58,34165.56,22184.75,1645111839,REVU/ADA_0.3,0.0,0.0,0.0,899.0
49.146407,667.0,32780.65,8163.69,1645111839,unsi…en/ADA_1.0,-3.8822429999999954,25.0,-1263.739999999998,899.0
0.005337,5657663.0,30199.17,234.78,1645111839,BDOGE/ADA_1.0,0.0,0.0,0.0,899.0
0.000851,33491967.69,28518.89,33.27,1645111839,MONET/ADA_0.3,0.0,0.0,0.0,899.0
0.129244,219919.82,28423.45,214.17,1645111839,MELD/ADA_1.0,0.0,288.13000000000466,37.2400000000016,899.0
0.016544,1705553.0,28217.51,1961.27,1645111839,QUID/ADA_0.3,0.0,0.0,0.0,899.0
0.000729,28266486.0,20617.5,0.0,1645111839,RAG/ADA_1.0,0.0,0.0,0.0,899.0
25.930284,749.0,19421.78,2590.83,1645111839,XDIA…ND/ADA_1.0,0.13943100000000186,-2.0,52.849999999998545,899.0
0.104083,183460.82,19095.19,3314.28,1645111839,MINt/ADA_0.05,0.0,0.0,0.0,899.0
0.0,317271277919.0,18428.15,2600.69,1645111839,HOSKY/ADA_0.05,0.0,0.0,0.0,899.0
0.305036,59977.33,18295.25,1510.13,1645111839,MIN/ADA_0.05,0.0,0.0,0.0,899.0
0.154925,114932.0,17805.88,356.1,1645111839,SKULL/ADA_1.0,0.0,0.0,0.0,899.0
0.417583,40593.0,16950.95,1810.06,1645111839,CDX/ADA_1.0,0.0,0.0,0.0,899.0
0.013248,1268804.0,16810.22,5369.2,1645111839,GOKEY/ADA_0.3,0.0,0.0,0.0,899.0
0.000612,27300865.0,16721.12,3155.83,1645111839,KIDZ/ADA_0.3,0.0,0.0,0.0,899.0
0.032847,474709.0,15592.92,937.09,1645111839,cMETA/ADA_0.3,0.0,0.0,0.0,899.0
0.414189,36760.12,15225.66,4087.15,1645111839,CARGO/ADA_0.3,0.0,0.0,0.0,899.0
2.117409,6463.79,13686.49,1626.44,1645111839,DANA/ADA_0.3,0.0,0.0,0.0,899.0
0.0,15745841087.0,12902.35,1850.56,1645111839,MEOW/ADA_0.3,0.0,0.0,0.0,899.0
0.849174,13536.68,11495.01,558.53,1645111839,WMT/ADA_1.0,0.0,0.0,0.0,899.0
0.109,97894.0,10670.52,0.0,1645111839,Card…rm/ADA_0.3,0.0,0.0,0.0,899.0
0.04938,195716.93,9664.52,90.85,1645111839,cbTHC/ADA_0.3,0.0,0.0,0.0,899.0
0.001185,8012093.0,9502.26,11.56,1645111839,FLANO/ADA_1.0,0.0,0.0,0.0,899.0
108.504185,87.37,9480.12,215.22,1645111839,LQ/ADA_0.05,0.0,0.0,0.0,899.0
0.756887,26122500.16,19771804.05,940033.81,1645112740,SUNDAE/ADA_0.3,0.0003609999999999447,-4800.059999998659,5801.839999999851,900.0
110.273237,155012.03,17093678.8,857258.11,1645112740,LQ/ADA_0.3,0.1348769999999888,-79.0,12206.039999999106,900.0
0.875295,15328578.76,13417034.81,1140279.4,1645112740,WMT/ADA_0.3,0.0012240000000000029,-8261.810000000522,11534.38000000082,900.0
0.137977,11674005.53,1610745.04,472694.84,1645112740,MELD/ADA_0.3,0.015957999999999986,-738650.9900000002,96159.14000000013,900.0
0.08225,12525252.0,1030205.05,356120.01,1645112740,PAVIA/ADA_0.3,0.0007759999999999989,-63362.0,4553.670000000042,900.0
0.14633,6589808.0,964287.92,111998.85,1645112740,XRAY/ADA_0.3,0.0006289999999999907,-2865.0,3724.8800000000047,900.0
0.367344,2432219.0,893462.2,45497.04,1645112740,ADAX/ADA_0.3,0.0,0.0,0.0,900.0
2.046021,416313.67,851786.66,503570.06,1645112740,AADA/ADA_0.3,-0.007550999999999863,1003.9500000000116,-1081.890000000014,900.0
1.567277,336259.68,527012.09,308312.95,1645112740,VYFI/ADA_0.3,0.0,0.0,0.0,900.0
5.87131,54653.0,320884.71,273499.29,1645112740,MILK/ADA_0.3,-0.00245499999999943,15.0,-46.10999999998603,900.0
0.106285,1717847.41,182582.56,63039.43,1645112740,MINt/ADA_0.3,6.30000000000075e-05,-510.0,54.35999999998603,900.0
0.026482,6498525.0,172096.78,48232.13,1645112740,CLAP/ADA_0.3,0.0013679999999999977,-174346.1200000001,4509.739999999991,900.0
0.0,6829032618095.0,154602.14,511.57,1645112740,CHRLZ/ADA_0.3,0.0,0.0,0.0,900.0
2.084973,73380.07,152995.54,69999.74,1645112740,DANA/ADA_0.05,0.0013620000000003074,-23.979999999995925,50.0,900.0
0.867273,148247.11,128570.78,2801.4,1645112740,WMT/ADA_0.05,0.0,0.0,0.0,900.0
0.758378,157409.15,119375.75,5102.55,1645112740,SUNDAE/ADA_0.05,0.0,799.5099999999802,606.3300000000017,900.0
0.004879,22816725.0,111335.05,6856.89,1645112740,RAVE/ADA_1.0,0.0,0.0,0.0,900.0
0.0,93347674616425.0,99986.51,10438.37,1645112740,BISON/ADA_0.3,0.0,0.0,0.0,900.0
2.7e-05,3535973790.39,96904.81,6724.5,1645112740,ASHIB/ADA_1.0,0.0,0.0,0.0,900.0
0.033645,2693271.0,90615.28,5155.12,1645112740,FIRE/ADA_0.3,0.0,0.0,0.0,900.0
0.307245,273579.24,84056.01,84739.78,1645112740,MIN/ADA_0.3,0.004464999999999997,-2007.0400000000373,613.9899999999907,900.0
0.0,1085183088109.0,63120.04,26931.94,1645112740,HOSKY/ADA_0.3,0.0,-981555637.0,57.56999999999971,900.0
0.006415,8877844.0,56951.82,1947.12,1645112740,FLICK/ADA_0.3,-1.000000000000046e-05,7000.0,-44.80999999999767,900.0
0.088857,532464.0,47313.5,6583.11,1645112740,cNETA/ADA_0.3,0.00017600000000000948,-527.0,47.0,900.0
0.011762,3444165.0,40512.19,2609.22,1645112740,CNFT/ADA_0.3,0.0,0.0,0.0,900.0
0.002877,12499218.09,35961.33,12728.54,1645112740,DRIP/ADA_1.0,9.099999999999994e-05,-200031.8200000003,572.0800000000017,900.0
0.120052,284587.58,34165.56,22184.75,1645112740,REVU/ADA_0.3,0.0,0.0,0.0,900.0
49.146407,667.0,32780.65,8163.69,1645112740,unsi…en/ADA_1.0,0.0,0.0,0.0,900.0
0.005337,5657663.0,30199.17,234.78,1645112740,BDOGE/ADA_1.0,0.0,0.0,0.0,900.0
0.000851,33491967.69,28518.89,33.27,1645112740,MONET/ADA_0.3,0.0,0.0,0.0,900.0
0.129244,219919.82,28423.45,214.17,1645112740,MELD/ADA_1.0,0.0,0.0,0.0,900.0
0.016544,1705553.0,28217.51,1961.27,1645112740,QUID/ADA_0.3,0.0,0.0,0.0,900.0
0.000729,28266486.0,20617.5,0.0,1645112740,RAG/ADA_1.0,0.0,0.0,0.0,900.0
25.930284,749.0,19421.78,2590.83,1645112740,XDIA…ND/ADA_1.0,0.0,0.0,0.0,900.0
0.104083,183460.82,19095.19,3314.28,1645112740,MINt/ADA_0.05,0.0,0.0,0.0,900.0
0.0,317271277919.0,18428.15,2600.69,1645112740,HOSKY/ADA_0.05,0.0,0.0,0.0,900.0
0.305036,59977.33,18295.25,1510.13,1645112740,MIN/ADA_0.05,0.0,0.0,0.0,900.0
0.154925,114932.0,17805.88,356.1,1645112740,SKULL/ADA_1.0,0.0,0.0,0.0,900.0
0.417583,40593.0,16950.95,1810.06,1645112740,CDX/ADA_1.0,0.0,0.0,0.0,900.0
0.013248,1268804.0,16810.22,5369.2,1645112740,GOKEY/ADA_0.3,0.0,0.0,0.0,900.0
0.000616,27219716.0,16771.12,3205.98,1645112740,KIDZ/ADA_0.3,3.999999999999989e-06,-81149.0,50.0,900.0
0.032847,474709.0,15592.92,937.09,1645112740,cMETA/ADA_0.3,0.0,0.0,0.0,900.0
0.414189,36760.12,15225.66,4087.15,1645112740,CARGO/ADA_0.3,0.0,0.0,0.0,900.0
2.117409,6463.79,13686.49,1626.44,1645112740,DANA/ADA_0.3,0.0,0.0,0.0,900.0
0.0,15745841087.0,12902.35,1850.56,1645112740,MEOW/ADA_0.3,0.0,0.0,0.0,900.0
0.849174,13536.68,11495.01,558.53,1645112740,WMT/ADA_1.0,0.0,0.0,0.0,900.0
0.109,97894.0,10670.52,0.0,1645112740,Card…rm/ADA_0.3,0.0,0.0,0.0,900.0
108.504184,89.71,9734.42,215.22,1645112740,LQ/ADA_0.05,-1.0000000116860974e-06,2.339999999999989,254.29999999999927,900.0
0.04938,195716.93,9664.52,90.85,1645112740,cbTHC/ADA_0.3,0.0,0.0,0.0,900.0
0.001185,8012093.0,9502.26,11.56,1645112740,FLANO/ADA_1.0,0.0,0.0,0.0,900.0
0.756728,26128259.69,19771997.51,942363.49,1645113639,SUNDAE/ADA_0.3,-0.00015900000000002024,5759.530000001192,193.46000000089407,898.0
110.403392,154923.76,17104109.23,867388.41,1645113639,LQ/ADA_0.3,0.13015500000000202,-88.26999999998952,10430.429999999702,898.0
0.875425,15337019.72,13426421.32,1141282.4,1645113639,WMT/ADA_0.3,0.00012999999999996348,8440.960000000894,9386.509999999776,898.0
0.136085,11757234.68,1599986.59,483760.86,1645113639,MELD/ADA_0.3,-0.001891999999999977,83229.15000000037,-10758.449999999953,898.0
0.082205,12531184.0,1030136.62,358373.45,1645113639,PAVIA/ADA_0.3,-4.500000000000337e-05,5932.0,-68.43000000005122,898.0
0.14633,6594808.0,965019.46,111998.85,1645113639,XRAY/ADA_0.3,0.0,5000.0,731.5399999999208,898.0
0.367374,2432120.0,893498.94,45533.89,1645113639,ADAX/ADA_0.3,2.999999999997449e-05,-99.0,36.73999999999069,898.0
2.03409,417534.67,849303.22,506053.5,1645113639,AADA/ADA_0.3,-0.011931000000000136,1221.0,-2483.4400000000605,898.0
1.566516,336342.91,526886.83,310030.7,1645113639,VYFI/ADA_0.3,-0.0007610000000000117,83.22999999998137,-125.26000000000931,898.0
5.896188,54539.0,321572.2,274778.11,1645113639,MILK/ADA_0.3,0.024878000000000178,-114.0,687.4899999999907,898.0
0.106285,1717847.41,182582.56,63039.43,1645113639,MINt/ADA_0.3,0.0,0.0,0.0,898.0
0.026305,6520349.41,171523.77,49240.66,1645113639,CLAP/ADA_0.3,-0.00017700000000000007,21824.41000000015,-573.0100000000093,898.0
0.0,6829032618095.0,154602.14,511.57,1645113639,CHRLZ/ADA_0.3,0.0,0.0,0.0,898.0
2.040256,74180.07,151346.36,71648.91,1645113639,DANA/ADA_0.05,-0.04471700000000034,800.0,-1649.1800000000221,898.0
0.867273,148247.11,128570.78,2801.4,1645113639,WMT/ADA_0.05,0.0,0.0,0.0,898.0
0.758378,156418.46,118624.43,5102.55,1645113639,SUNDAE/ADA_0.05,0.0,-990.6900000000023,-751.320000000007,898.0
0.004879,22816725.0,111335.05,6856.89,1645113639,RAVE/ADA_1.0,0.0,0.0,0.0,898.0
0.0,93347674616425.0,99986.51,10438.37,1645113639,BISON/ADA_0.3,0.0,0.0,0.0,898.0
2.7e-05,3535251452.94,96924.81,6744.7,1645113639,ASHIB/ADA_1.0,0.0,-722337.4499998093,20.0,898.0
0.033645,2693271.0,90615.28,5155.12,1645113639,FIRE/ADA_0.3,0.0,0.0,0.0,898.0
0.300626,276579.24,83146.98,78149.0,1645113639,MIN/ADA_0.3,-0.006618999999999986,3000.0,-909.0299999999988,898.0
0.0,1077203064158.0,63564.58,25857.03,1645113639,HOSKY/ADA_0.3,0.0,-7980023951.0,444.5400000000009,898.0
0.006415,8877844.0,56951.82,1947.12,1645113639,FLICK/ADA_0.3,0.0,0.0,0.0,898.0
0.089007,532016.0,47353.5,6596.25,1645113639,cNETA/ADA_0.3,0.00014999999999999736,-448.0,40.0,898.0
0.011762,3444165.0,40512.19,2335.73,1645113639,CNFT/ADA_0.3,0.0,0.0,0.0,898.0
0.002875,12502218.09,35952.78,12724.55,1645113639,DRIP/ADA_1.0,-1.9999999999998318e-06,3000.0,-8.55000000000291,898.0
0.120052,284587.58,34165.56,21935.67,1645113639,REVU/ADA_0.3,0.0,0.0,0.0,898.0
49.146407,667.0,32780.65,8163.69,1645113639,unsi…en/ADA_1.0,0.0,0.0,0.0,898.0
0.005337,5657663.0,30199.17,234.78,1645113639,BDOGE/ADA_1.0,0.0,0.0,0.0,898.0
0.000851,33491967.69,28518.89,30.09,1645113639,MONET/ADA_0.3,0.0,0.0,0.0,898.0
0.129244,219919.82,28423.45,214.17,1645113639,MELD/ADA_1.0,0.0,0.0,0.0,898.0
0.016544,1705553.0,28217.51,1961.27,1645113639,QUID/ADA_0.3,0.0,0.0,0.0,898.0
0.000729,28266486.0,20617.5,0.0,1645113639,RAG/ADA_1.0,0.0,0.0,0.0,898.0
25.930284,749.0,19421.78,1813.13,1645113639,XDIA…ND/ADA_1.0,0.0,0.0,0.0,898.0
0.104083,183460.82,19095.19,3314.28,1645113639,MINt/ADA_0.05,0.0,0.0,0.0,898.0
0.0,317271277919.0,18428.15,2600.69,1645113639,HOSKY/ADA_0.05,0.0,0.0,0.0,898.0
0.305036,59977.33,18295.25,1510.13,1645113639,MIN/ADA_0.05,0.0,0.0,0.0,898.0
0.154925,114932.0,17805.88,356.1,1645113639,SKULL/ADA_1.0,0.0,0.0,0.0,898.0
0.000638,26742520.0,17071.29,3507.04,1645113639,KIDZ/ADA_0.3,2.1999999999999993e-05,-477196.0,300.1700000000019,898.0
0.417583,40593.0,16950.95,1810.06,1645113639,CDX/ADA_1.0,0.0,0.0,0.0,898.0
0.013248,1268804.0,16810.22,5318.32,1645113639,GOKEY/ADA_0.3,0.0,0.0,0.0,898.0
0.032847,474709.0,15592.92,680.3,1645113639,cMETA/ADA_0.3,0.0,0.0,0.0,898.0
0.414189,36760.12,15225.66,4087.15,1645113639,CARGO/ADA_0.3,0.0,0.0,0.0,898.0
2.117409,6463.79,13686.49,1626.44,1645113639,DANA/ADA_0.3,0.0,0.0,0.0,898.0
0.0,15745841087.0,12902.35,1850.56,1645113639,MEOW/ADA_0.3,0.0,0.0,0.0,898.0
0.849174,13536.68,11495.01,558.53,1645113639,WMT/ADA_1.0,0.0,0.0,0.0,898.0
0.109,97894.0,10670.52,0.0,1645113639,Card…rm/ADA_0.3,0.0,0.0,0.0,898.0
108.504184,90.61,9832.08,215.22,1645113639,LQ/ADA_0.05,0.0,0.9000000000000057,97.65999999999985,898.0
0.04938,195716.93,9664.52,90.85,1645113639,cbTHC/ADA_0.3,0.0,0.0,0.0,898.0
0.001185,8012093.0,9502.26,11.56,1645113639,FLANO/ADA_1.0,0.0,0.0,0.0,898.0
0.756542,26136257.44,19773196.57,947993.59,1645114539,SUNDAE/ADA_0.3,-0.00018599999999990846,7997.75,1199.059999998659,899.0
110.464254,154882.16,17108943.08,872062.73,1645114539,LQ/ADA_0.3,0.060862000000000194,-41.60000000000582,4833.849999997765,899.0
0.875757,15335010.94,13429745.91,1127449.0,1645114539,WMT/ADA_0.3,0.00033199999999999896,-2008.780000001192,3324.589999999851,899.0
0.134539,12595839.51,1694638.99,481874.53,1645114539,MELD/ADA_0.3,-0.0015460000000000196,838604.8300000001,94652.3999999999,899.0
0.08228,12525520.0,1030606.8,331002.68,1645114539,PAVIA/ADA_0.3,7.500000000000562e-05,-5664.0,470.1800000000512,899.0
0.146339,6594639.0,965053.12,112000.46,1645114539,XRAY/ADA_0.3,9.000000000009e-06,-169.0,33.660000000032596,899.0
0.365804,2437341.0,891590.72,47846.78,1645114539,ADAX/ADA_0.3,-0.0015699999999999603,5221.0,-1908.219999999972,899.0
2.058851,415020.0,854464.75,487709.96,1645114539,AADA/ADA_0.3,0.024761000000000255,-2514.6699999999837,5161.530000000028,899.0
1.564593,336550.28,526564.28,304615.04,1645114539,VYFI/ADA_0.3,-0.001923000000000119,207.37000000005355,-322.54999999993015,899.0
5.959208,54332.0,323775.73,275444.37,1645114539,MILK/ADA_0.3,0.06301999999999985,-207.0,2203.5299999999697,899.0
0.10734,1709399.91,183487.56,63947.14,1645114539,MINt/ADA_0.3,0.0010550000000000004,-8447.5,905.0,899.0
0.026655,6477462.98,172663.16,50295.61,1645114539,CLAP/ADA_0.3,0.0003500000000000031,-42886.4299999997,1139.390000000014,899.0
0.0,6829032618095.0,154602.14,511.57,1645114539,CHRLZ/ADA_0.3,0.0,0.0,0.0,899.0
1.911322,76641.89,146487.39,73643.36,1645114539,DANA/ADA_0.05,-0.12893399999999988,2461.8199999999924,-4858.969999999972,899.0
0.867273,148247.11,128570.78,2801.4,1645114539,WMT/ADA_0.05,0.0,0.0,0.0,899.0
0.758378,157095.46,119137.86,5102.55,1645114539,SUNDAE/ADA_0.05,0.0,677.0,513.4300000000076,899.0
0.004868,22841725.0,111214.42,6461.65,1645114539,RAVE/ADA_1.0,-1.0999999999999725e-05,25000.0,-120.63000000000466,899.0
0.0,93347674616425.0,99986.51,10438.37,1645114539,BISON/ADA_0.3,0.0,0.0,0.0,899.0
2.7e-05,3535251452.94,96924.81,6389.74,1645114539,ASHIB/ADA_1.0,0.0,0.0,0.0,899.0
0.033645,2693271.0,90615.28,4942.02,1645114539,FIRE/ADA_0.3,0.0,0.0,0.0,899.0
0.300466,276652.76,83124.95,78171.03,1645114539,MIN/ADA_0.3,-0.00015999999999999348,73.52000000001863,-22.029999999998836,899.0
0.0,1077034133146.0,63574.58,25867.06,1645114539,HOSKY/ADA_0.3,0.0,-168931012.0,10.0,899.0
0.006415,8877844.0,56951.82,1947.12,1645114539,FLICK/ADA_0.3,0.0,0.0,0.0,899.0
0.089345,531010.0,47443.5,6686.52,1645114539,cNETA/ADA_0.3,0.0003379999999999911,-1006.0,90.0,899.0
0.011762,3444165.0,40512.19,2335.73,1645114539,CNFT/ADA_0.3,0.0,0.0,0.0,899.0
0.002839,12582253.11,35726.37,12950.97,1645114539,DRIP/ADA_1.0,-3.600000000000001e-05,80035.01999999955,-226.40999999999622,899.0
0.120052,284587.58,34165.56,21935.67,1645114539,REVU/ADA_0.3,0.0,0.0,0.0,899.0
49.146407,667.0,32780.65,8163.69,1645114539,unsi…en/ADA_1.0,0.0,0.0,0.0,899.0
0.005337,5657663.0,30199.17,234.78,1645114539,BDOGE/ADA_1.0,0.0,0.0,0.0,899.0
0.000851,33491967.69,28518.89,30.09,1645114539,MONET/ADA_0.3,0.0,0.0,0.0,899.0
0.129244,219919.82,28423.45,214.17,1645114539,MELD/ADA_1.0,0.0,0.0,0.0,899.0
0.016544,1705553.0,28217.51,1961.27,1645114539,QUID/ADA_0.3,0.0,0.0,0.0,899.0
0.000729,28266486.0,20617.5,0.0,1645114539,RAG/ADA_1.0,0.0,0.0,0.0,899.0
25.930284,749.0,19421.78,1813.13,1645114539,XDIA…ND/ADA_1.0,0.0,0.0,0.0,899.0
0.104083,183460.82,19095.19,3314.28,1645114539,MINt/ADA_0.05,0.0,0.0,0.0,899.0
0.0,317271277919.0,18428.15,2600.69,1645114539,HOSKY/ADA_0.05,0.0,0.0,0.0,899.0
0.305036,59977.33,18295.25,1510.13,1645114539,MIN/ADA_0.05,0.0,0.0,0.0,899.0
0.154925,114932.0,17805.88,356.1,1645114539,SKULL/ADA_1.0,0.0,0.0,0.0,899.0
0.000668,26132053.0,17471.29,3908.24,1645114539,KIDZ/ADA_0.3,2.999999999999997e-05,-610467.0,400.0,899.0
0.417583,40593.0,16950.95,1810.06,1645114539,CDX/ADA_1.0,0.0,0.0,0.0,899.0
0.013248,1268804.0,16810.22,5318.32,1645114539,GOKEY/ADA_0.3,0.0,0.0,0.0,899.0
0.032847,474709.0,15592.92,680.3,1645114539,cMETA/ADA_0.3,0.0,0.0,0.0,899.0
0.414189,36760.12,15225.66,4087.15,1645114539,CARGO/ADA_0.3,0.0,0.0,0.0,899.0
2.117409,6463.79,13686.49,1626.44,1645114539,DANA/ADA_0.3,0.0,0.0,0.0,899.0
0.0,15745841087.0,12902.35,1850.56,1645114539,MEOW/ADA_0.3,0.0,0.0,0.0,899.0
0.849174,13536.68,11495.01,558.53,1645114539,WMT/ADA_1.0,0.0,0.0,0.0,899.0
0.109,97894.0,10670.52,0.0,1645114539,Card…rm/ADA_0.3,0.0,0.0,0.0,899.0
108.504184,90.61,9832.08,215.22,1645114539,LQ/ADA_0.05,0.0,0.0,0.0,899.0
0.04938,195716.93,9664.52,90.85,1645114539,cbTHC/ADA_0.3,0.0,0.0,0.0,899.0
0.001185,8012093.0,9502.26,11.56,1645114539,FLANO/ADA_1.0,0.0,0.0,0.0,899.0
0.757094,26131288.7,19783851.35,954732.65,1645115439,SUNDAE/ADA_0.3,0.0005519999999999969,-4968.740000002086,10654.780000001192,899.0
110.471516,155124.4,17136828.14,872839.73,1645115439,LQ/ADA_0.3,0.007261999999997215,242.2399999999907,27885.060000002384,899.0
0.87733,15332328.04,13451513.58,1139649.42,1645115439,WMT/ADA_0.3,0.0015730000000000466,-2682.9000000003725,21767.669999999925,899.0
0.133841,12629294.35,1690327.71,489364.64,1645115439,MELD/ADA_0.3,-0.0006980000000000042,33454.83999999985,-4311.280000000028,899.0
0.090445,11946726.0,1080533.15,381152.68,1645115439,PAVIA/ADA_0.3,0.008164999999999992,-578794.0,49926.34999999986,899.0
0.146339,6594639.0,965053.12,112000.46,1645115439,XRAY/ADA_0.3,0.0,0.0,0.0,899.0
0.364884,2440483.0,890495.5,51014.97,1645115439,ADAX/ADA_0.3,-0.0009200000000000319,3142.0,-1095.219999999972,899.0
2.06182,414721.87,855082.05,488722.15,1645115439,AADA/ADA_0.3,0.0029689999999997774,-298.13000000000466,617.3000000000466,899.0
1.557869,337276.84,525433.34,305745.97,1645115439,VYFI/ADA_0.3,-0.006723999999999952,726.5599999999977,-1130.9400000000605,899.0
6.16303,53428.0,329278.38,282151.39,1645115439,MILK/ADA_0.3,0.20382199999999973,-904.0,5502.650000000023,899.0
0.107089,1711399.91,183273.77,64160.93,1645115439,MINt/ADA_0.3,-0.0002510000000000012,2000.0,-213.79000000000815,899.0
0.026891,6449110.03,173424.55,51059.28,1645115439,CLAP/ADA_0.3,0.0002360000000000001,-28352.950000000186,761.3899999999849,899.0
0.0,6829032618095.0,154602.14,511.57,1645115439,CHRLZ/ADA_0.3,0.0,0.0,0.0,899.0
1.954716,75786.73,148141.58,76149.06,1645115439,DANA/ADA_0.05,0.04339399999999993,-855.1600000000035,1654.1899999999732,899.0
0.867273,147493.98,127917.61,2801.4,1645115439,WMT/ADA_0.05,0.0,-753.1299999999756,-653.1699999999983,899.0
0.758378,157095.46,119137.86,5102.55,1645115439,SUNDAE/ADA_0.05,0.0,0.0,0.0,899.0
0.004868,22841725.0,111214.42,6461.65,1645115439,RAVE/ADA_1.0,0.0,0.0,0.0,899.0
0.0,93342090139678.0,99992.51,10450.41,1645115439,BISON/ADA_0.3,0.0,-5584476747.0,6.0,899.0
2.7e-05,3534890395.62,96934.81,6399.84,1645115439,ASHIB/ADA_1.0,0.0,-361057.32000017166,10.0,899.0
0.033645,2693271.0,90615.28,4942.02,1645115439,FIRE/ADA_0.3,0.0,0.0,0.0,899.0
0.304086,275003.57,83624.95,78672.53,1645115439,MIN/ADA_0.3,0.003620000000000012,-1649.1900000000023,500.0,899.0
0.0,1081982993377.0,63284.69,26162.97,1645115439,HOSKY/ADA_0.3,0.0,4948860231.0,-289.8899999999994,899.0
0.006415,8877844.0,56951.82,1947.12,1645115439,FLICK/ADA_0.3,0.0,0.0,0.0,899.0
0.089345,530051.0,47357.8,6686.52,1645115439,cNETA/ADA_0.3,0.0,-959.0,-85.69999999999709,899.0
0.011762,3444165.0,40512.19,2335.73,1645115439,CNFT/ADA_0.3,0.0,0.0,0.0,899.0
0.002836,12588253.11,35709.51,12967.82,1645115439,DRIP/ADA_1.0,-2.9999999999999645e-06,6000.0,-16.860000000000582,899.0
0.112737,293691.65,33110.14,23193.38,1645115439,REVU/ADA_0.3,-0.007315000000000002,9104.070000000007,-1055.4199999999983,899.0
49.444592,665.0,32880.65,8264.69,1645115439,unsi…en/ADA_1.0,0.2981849999999966,-2.0,100.0,899.0
0.005337,5657663.0,30199.17,234.78,1645115439,BDOGE/ADA_1.0,0.0,0.0,0.0,899.0
0.000851,33491967.69,28518.89,30.09,1645115439,MONET/ADA_0.3,0.0,0.0,0.0,899.0
0.129244,219919.82,28423.45,214.17,1645115439,MELD/ADA_1.0,0.0,0.0,0.0,899.0
0.016544,1705553.0,28217.51,1961.27,1645115439,QUID/ADA_0.3,0.0,0.0,0.0,899.0
0.000729,28266486.0,20617.5,0.0,1645115439,RAG/ADA_1.0,0.0,0.0,0.0,899.0
25.930284,749.0,19421.78,1813.13,1645115439,XDIA…ND/ADA_1.0,0.0,0.0,0.0,899.0
0.104083,183460.82,19095.19,3314.28,1645115439,MINt/ADA_0.05,0.0,0.0,0.0,899.0
0.0,317271277919.0,18428.15,2600.69,1645115439,HOSKY/ADA_0.05,0.0,0.0,0.0,899.0
0.305036,59977.33,18295.25,1510.13,1645115439,MIN/ADA_0.05,0.0,0.0,0.0,899.0
0.154925,114932.0,17805.88,356.1,1645115439,SKULL/ADA_1.0,0.0,0.0,0.0,899.0
0.000637,26752253.0,17067.43,4312.09,1645115439,KIDZ/ADA_0.3,-3.0999999999999995e-05,620200.0,-403.8600000000006,899.0
0.417583,40593.0,16950.95,1810.06,1645115439,CDX/ADA_1.0,0.0,0.0,0.0,899.0
0.013248,1268804.0,16810.22,5318.32,1645115439,GOKEY/ADA_0.3,0.0,0.0,0.0,899.0
0.032847,474709.0,15592.92,680.3,1645115439,cMETA/ADA_0.3,0.0,0.0,0.0,899.0
0.403164,37260.12,15021.95,4290.86,1645115439,CARGO/ADA_0.3,-0.011024999999999952,500.0,-203.70999999999913,899.0
2.117409,6463.79,13686.49,1626.44,1645115439,DANA/ADA_0.3,0.0,0.0,0.0,899.0
0.0,15745841087.0,12902.35,1850.56,1645115439,MEOW/ADA_0.3,0.0,0.0,0.0,899.0
0.849174,13536.68,11495.01,558.53,1645115439,WMT/ADA_1.0,0.0,0.0,0.0,899.0
0.109,97894.0,10670.52,0.0,1645115439,Card…rm/ADA_0.3,0.0,0.0,0.0,899.0
108.504184,90.61,9832.08,215.22,1645115439,LQ/ADA_0.05,0.0,0.0,0.0,899.0
0.04938,195716.93,9664.52,90.85,1645115439,cbTHC/ADA_0.3,0.0,0.0,0.0,899.0
0.001185,8012093.0,9502.26,11.56,1645115439,FLANO/ADA_1.0,0.0,0.0,0.0,899.0
0.757296,26128230.51,19786825.37,959053.54,1645116341,SUNDAE/ADA_0.3,0.00020199999999992446,-3058.189999997616,2974.019999999553,901.0
110.378496,155197.39,17130455.46,882414.56,1645116341,LQ/ADA_0.3,-0.09301999999999566,72.99000000001979,-6372.679999999702,901.0
0.87726,15349269.66,13465315.03,1147887.61,1645116341,WMT/ADA_0.3,-7.00000000000145e-05,16941.620000001043,13801.449999999255,901.0
0.13195,12719640.73,1678363.22,503311.56,1645116341,MELD/ADA_0.3,-0.001890999999999976,90346.38000000082,-11964.48999999999,901.0
0.090437,11947292.0,1080479.65,382004.9,1645116341,PAVIA/ADA_0.3,-7.999999999994123e-06,566.0,-53.5,901.0
0.146339,6594639.0,965053.12,112000.46,1645116341,XRAY/ADA_0.3,0.0,0.0,0.0,901.0
0.360998,2453605.0,885747.32,55763.15,1645116341,ADAX/ADA_0.3,-0.0038860000000000006,13122.0,-4748.180000000051,901.0
2.077243,413239.08,858398.14,500200.96,1645116341,AADA/ADA_0.3,0.015423000000000187,-1482.789999999979,3316.0899999999674,901.0
1.557869,337276.84,525433.34,305745.97,1645116341,VYFI/ADA_0.3,0.0,0.0,0.0,901.0
6.143954,53511.0,328769.17,282660.6,1645116341,MILK/ADA_0.3,-0.019076000000000093,83.0,-509.21000000002095,901.0
0.107089,1711399.91,183273.77,64160.93,1645116341,MINt/ADA_0.3,0.0,0.0,0.0,901.0
0.026899,6448118.78,173451.29,51086.1,1645116341,CLAP/ADA_0.3,7.999999999997592e-06,-991.25,26.74000000001979,901.0
0.0,6829032618095.0,154602.14,511.57,1645116341,CHRLZ/ADA_0.3,0.0,0.0,0.0,901.0
1.987542,75158.45,149380.58,77388.68,1645116341,DANA/ADA_0.05,0.03282600000000002,-628.2799999999988,1239.0,901.0
0.867273,147012.13,127499.71,2801.4,1645116341,WMT/ADA_0.05,0.0,-481.8500000000058,-417.8999999999942,901.0
0.758378,157095.46,119137.86,5102.55,1645116341,SUNDAE/ADA_0.05,0.0,0.0,0.0,901.0
0.004868,22841725.0,111214.42,6461.65,1645116341,RAVE/ADA_1.0,0.0,0.0,0.0,901.0
0.0,93342090139678.0,99992.51,10450.41,1645116341,BISON/ADA_0.3,0.0,0.0,0.0,901.0
2.7e-05,3534890395.62,96934.81,6399.84,1645116341,ASHIB/ADA_1.0,0.0,0.0,0.0,901.0
0.03357,2696271.0,90514.76,5042.54,1645116341,FIRE/ADA_0.3,-7.499999999999868e-05,3000.0,-100.52000000000407,901.0
0.304333,274892.14,83658.95,78706.63,1645116341,MIN/ADA_0.3,0.0002469999999999972,-111.42999999999302,34.0,901.0
0.0,1082093325013.0,63278.25,26670.9,1645116341,HOSKY/ADA_0.3,0.0,110331636.0,-6.440000000002328,901.0
0.006415,8877844.0,56951.82,1947.12,1645116341,FLICK/ADA_0.3,0.0,0.0,0.0,901.0
0.089345,530051.0,47357.8,6686.52,1645116341,cNETA/ADA_0.3,0.0,0.0,0.0,901.0
0.011762,3444165.0,40512.19,2335.73,1645116341,CNFT/ADA_0.3,0.0,0.0,0.0,901.0
0.002836,12589253.11,35712.34,12967.82,1645116341,DRIP/ADA_1.0,0.0,1000.0,2.8299999999944703,901.0
0.112737,293691.65,33110.14,23193.38,1645116341,REVU/ADA_0.3,0.0,0.0,0.0,901.0
49.444592,665.0,32880.65,8264.69,1645116341,unsi…en/ADA_1.0,0.0,0.0,0.0,901.0
0.005337,5657663.0,30199.17,234.78,1645116341,BDOGE/ADA_1.0,0.0,0.0,0.0,901.0
0.000851,33491967.69,28518.89,30.09,1645116341,MONET/ADA_0.3,0.0,0.0,0.0,901.0
0.129244,219919.82,28423.45,214.17,1645116341,MELD/ADA_1.0,0.0,0.0,0.0,901.0
0.016544,1705553.0,28217.51,1961.27,1645116341,QUID/ADA_0.3,0.0,0.0,0.0,901.0
0.000729,28266486.0,20617.5,0.0,1645116341,RAG/ADA_1.0,0.0,0.0,0.0,901.0
25.930284,749.0,19421.78,1813.13,1645116341,XDIA…ND/ADA_1.0,0.0,0.0,0.0,901.0
0.104083,183460.82,19095.19,3314.28,1645116341,MINt/ADA_0.05,0.0,0.0,0.0,901.0
0.0,317271277919.0,18428.15,2600.69,1645116341,HOSKY/ADA_0.05,0.0,0.0,0.0,901.0
0.305036,59977.33,18295.25,1510.13,1645116341,MIN/ADA_0.05,0.0,0.0,0.0,901.0
0.142336,119932.0,17070.66,1091.31,1645116341,SKULL/ADA_1.0,-0.012589000000000017,5000.0,-735.2200000000012,901.0
0.000637,26752253.0,17067.43,4312.09,1645116341,KIDZ/ADA_0.3,0.0,0.0,0.0,901.0
0.419855,40484.0,16997.43,1857.0,1645116341,CDX/ADA_1.0,0.0022719999999999962,-109.0,46.47999999999956,901.0
0.013248,1268804.0,16810.22,5318.32,1645116341,GOKEY/ADA_0.3,0.0,0.0,0.0,901.0
0.032847,474709.0,15592.92,680.3,1645116341,cMETA/ADA_0.3,0.0,0.0,0.0,901.0
0.403164,37260.12,15021.95,4290.86,1645116341,CARGO/ADA_0.3,0.0,0.0,0.0,901.0
2.117409,6463.79,13686.49,1626.44,1645116341,DANA/ADA_0.3,0.0,0.0,0.0,901.0
0.0,15745841087.0,12902.35,1850.56,1645116341,MEOW/ADA_0.3,0.0,0.0,0.0,901.0
0.849174,13536.68,11495.01,558.53,1645116341,WMT/ADA_1.0,0.0,0.0,0.0,901.0
0.109,97894.0,10670.52,0.0,1645116341,Card…rm/ADA_0.3,0.0,0.0,0.0,901.0
108.504184,90.82,9855.22,215.22,1645116341,LQ/ADA_0.05,0.0,0.20999999999999375,23.139999999999418,901.0
0.04938,195716.93,9664.52,90.85,1645116341,cbTHC/ADA_0.3,0.0,0.0,0.0,901.0
0.001185,8012093.0,9502.26,11.56,1645116341,FLANO/ADA_1.0,0.0,0.0,0.0,901.0
0.755042,26228075.1,19803313.4,989943.48,1645117240,SUNDAE/ADA_0.3,-0.0022539999999999782,99844.58999999985,16488.029999997467,898.0
110.392532,155191.54,17131987.66,878673.33,1645117240,LQ/ADA_0.3,0.014036000000004378,-5.850000000005821,1532.199999999255,898.0
0.87728,15338703.99,13456351.49,1136723.54,1645117240,WMT/ADA_0.3,1.999999999990898e-05,-10565.669999999925,-8963.539999999106,898.0
0.134804,12594350.72,1697780.42,506012.96,1645117240,MELD/ADA_0.3,0.0028539999999999954,-125290.00999999978,19417.199999999953,898.0
0.095279,11640841.0,1109138.04,432621.51,1645117240,PAVIA/ADA_0.3,0.004841999999999999,-306451.0,28658.39000000013,898.0
0.146312,6595240.0,964965.44,111697.5,1645117240,XRAY/ADA_0.3,-2.6999999999999247e-05,601.0,-87.68000000005122,898.0
0.357686,2464954.0,881681.39,59829.08,1645117240,ADAX/ADA_0.3,-0.0033119999999999816,11349.0,-4065.929999999935,898.0
2.079904,412975.08,858948.53,484876.01,1645117240,AADA/ADA_0.3,0.0026609999999998024,-264.0,550.390000000014,898.0
1.557869,337276.84,525433.34,304085.27,1645117240,VYFI/ADA_0.3,0.0,0.0,0.0,898.0
6.096085,54820.0,334187.42,283467.96,1645117240,MILK/ADA_0.3,-0.047868999999999495,1309.0,5418.25,898.0
0.107089,1711399.91,183273.77,52642.72,1645117240,MINt/ADA_0.3,0.0,0.0,0.0,898.0
0.026986,6437712.32,173732.51,51368.17,1645117240,CLAP/ADA_0.3,8.700000000000027e-05,-10406.459999999963,281.22000000000116,898.0
0.0,6829032618095.0,154602.14,511.57,1645117240,CHRLZ/ADA_0.3,0.0,0.0,0.0,898.0
2.022086,74513.85,150673.47,75628.22,1645117240,DANA/ADA_0.05,0.03454399999999991,-644.5999999999913,1292.890000000014,898.0
0.867273,147068.96,127549.0,2801.4,1645117240,WMT/ADA_0.05,0.0,56.829999999987194,49.2899999999936,898.0
0.758378,157479.19,119428.87,5102.55,1645117240,SUNDAE/ADA_0.05,0.0,383.7300000000105,291.00999999999476,898.0
0.004868,22841725.0,111214.42,6461.65,1645117240,RAVE/ADA_1.0,0.0,0.0,0.0,898.0
0.0,93342090139678.0,99992.51,10271.88,1645117240,BISON/ADA_0.3,0.0,0.0,0.0,898.0
2.7e-05,3534890395.62,96934.81,6395.1,1645117240,ASHIB/ADA_1.0,0.0,0.0,0.0,898.0
0.03357,2696271.0,90514.76,5042.54,1645117240,FIRE/ADA_0.3,0.0,0.0,0.0,898.0
0.304333,274892.14,83658.95,78706.63,1645117240,MIN/ADA_0.3,0.0,0.0,0.0,898.0
0.0,1075305385895.0,63679.5,26769.66,1645117240,HOSKY/ADA_0.3,0.0,-6787939118.0,401.25,898.0
0.006415,8877844.0,56951.82,1947.12,1645117240,FLICK/ADA_0.3,0.0,0.0,0.0,898.0
0.089345,530051.0,47357.8,6686.52,1645117240,cNETA/ADA_0.3,0.0,0.0,0.0,898.0
0.011762,3444165.0,40512.19,2335.73,1645117240,CNFT/ADA_0.3,0.0,0.0,0.0,898.0
0.002836,12589253.11,35712.34,12967.82,1645117240,DRIP/ADA_1.0,0.0,0.0,0.0,898.0
0.112737,293691.65,33110.14,23193.38,1645117240,REVU/ADA_0.3,0.0,0.0,0.0,898.0
49.444592,665.0,32880.65,8264.69,1645117240,unsi…en/ADA_1.0,0.0,0.0,0.0,898.0
0.005337,5657663.0,30199.17,234.78,1645117240,BDOGE/ADA_1.0,0.0,0.0,0.0,898.0
0.000851,33491967.69,28518.89,30.09,1645117240,MONET/ADA_0.3,0.0,0.0,0.0,898.0
0.129244,219919.82,28423.45,214.17,1645117240,MELD/ADA_1.0,0.0,0.0,0.0,898.0
0.016406,1712726.0,28099.68,2079.09,1645117240,QUID/ADA_0.3,-0.00013799999999999923,7173.0,-117.82999999999811,898.0
0.000729,28266486.0,20617.5,0.0,1645117240,RAG/ADA_1.0,0.0,0.0,0.0,898.0
25.930284,749.0,19421.78,1813.13,1645117240,XDIA…ND/ADA_1.0,0.0,0.0,0.0,898.0
0.104083,183460.82,19095.19,3314.28,1645117240,MINt/ADA_0.05,0.0,0.0,0.0,898.0
0.0,321437012157.0,18670.11,2600.69,1645117240,HOSKY/ADA_0.05,0.0,4165734238.0,241.95999999999913,898.0
0.305036,59977.33,18295.25,1510.13,1645117240,MIN/ADA_0.05,0.0,0.0,0.0,898.0
0.000638,26744442.0,17072.43,4216.81,1645117240,KIDZ/ADA_0.3,1.0000000000000243e-06,-7811.0,5.0,898.0
0.142336,119932.0,17070.66,1091.31,1645117240,SKULL/ADA_1.0,0.0,0.0,0.0,898.0
0.419855,40484.0,16997.43,1857.0,1645117240,CDX/ADA_1.0,0.0,0.0,0.0,898.0
0.013248,1268804.0,16810.22,5318.32,1645117240,GOKEY/ADA_0.3,0.0,0.0,0.0,898.0
0.032847,474709.0,15592.92,680.3,1645117240,cMETA/ADA_0.3,0.0,0.0,0.0,898.0
0.403164,37260.12,15021.95,4063.69,1645117240,CARGO/ADA_0.3,0.0,0.0,0.0,898.0
2.117409,6463.79,13686.49,1626.44,1645117240,DANA/ADA_0.3,0.0,0.0,0.0,898.0
0.0,15745841087.0,12902.35,1850.56,1645117240,MEOW/ADA_0.3,0.0,0.0,0.0,898.0
0.849174,13536.68,11495.01,558.53,1645117240,WMT/ADA_1.0,0.0,0.0,0.0,898.0
0.109,97894.0,10670.52,0.0,1645117240,Card…rm/ADA_0.3,0.0,0.0,0.0,898.0
108.504184,90.82,9855.22,215.22,1645117240,LQ/ADA_0.05,0.0,0.0,0.0,898.0
0.04938,195716.93,9664.52,90.85,1645117240,cbTHC/ADA_0.3,0.0,0.0,0.0,898.0
0.001185,8012093.0,9502.26,11.56,1645117240,FLANO/ADA_1.0,0.0,0.0,0.0,898.0
0.755168,26232366.66,19809858.85,992135.06,1645118139,SUNDAE/ADA_0.3,0.00012599999999995948,4291.559999998659,6545.45000000298,899.0
110.476942,155142.65,17139685.77,933334.29,1645118139,LQ/ADA_0.3,0.08440999999999121,-48.89000000001397,7698.109999999404,899.0
0.877916,15334023.73,13461998.23,1143841.6,1645118139,WMT/ADA_0.3,0.0006360000000000809,-4680.2599999997765,5646.7400000002235,899.0
0.132434,12692281.57,1680891.09,523766.22,1645118139,MELD/ADA_0.3,-0.002370000000000011,97930.84999999963,-16889.32999999984,899.0
0.09372,12805481.0,1200134.1,442455.89,1645118139,PAVIA/ADA_0.3,-0.0015590000000000048,1164640.0,90996.06000000006,899.0
0.146312,6595340.0,964980.07,111697.5,1645118139,XRAY/ADA_0.3,0.0,100.0,14.630000000004657,899.0
0.354369,2476483.0,877589.07,63921.4,1645118139,ADAX/ADA_0.3,-0.0033170000000000144,11529.0,-4092.320000000065,899.0
2.082235,412745.08,859432.37,486606.46,1645118139,AADA/ADA_0.3,0.002330999999999861,-230.0,483.8399999999674,899.0
1.561904,336841.58,526114.34,304768.31,1645118139,VYFI/ADA_0.3,0.004035000000000011,-435.2600000000093,681.0,899.0
6.082119,54883.0,333804.96,283850.43,1645118139,MILK/ADA_0.3,-0.013966000000000811,63.0,-382.45999999996275,899.0
0.106794,1713770.91,183020.97,52895.52,1645118139,MINt/ADA_0.3,-0.0002950000000000036,2371.0,-252.79999999998836,899.0
0.026813,6458528.14,173175.69,52409.14,1645118139,CLAP/ADA_0.3,-0.00017299999999999954,20815.819999999367,-556.820000000007,899.0
0.0,6829032618095.0,154602.14,511.57,1645118139,CHRLZ/ADA_0.3,0.0,0.0,0.0,899.0
2.101623,73090.59,153608.95,77564.67,1645118139,DANA/ADA_0.05,0.07953700000000019,-1423.2600000000093,2935.4800000000105,899.0
0.867273,147068.96,127549.0,2801.4,1645118139,WMT/ADA_0.05,0.0,0.0,0.0,899.0
0.758378,158732.46,120379.32,5102.55,1645118139,SUNDAE/ADA_0.05,0.0,1253.2699999999895,950.4500000000116,899.0
0.004868,22841725.0,111214.42,7417.41,1645118139,RAVE/ADA_1.0,0.0,0.0,0.0,899.0
0.0,93342090139678.0,99992.51,10271.88,1645118139,BISON/ADA_0.3,0.0,0.0,0.0,899.0
2.7e-05,3534890395.62,96934.81,6395.1,1645118139,ASHIB/ADA_1.0,0.0,0.0,0.0,899.0
0.03357,2696271.0,90514.76,5347.51,1645118139,FIRE/ADA_0.3,0.0,0.0,0.0,899.0
0.304966,274607.14,83746.03,70964.06,1645118139,MIN/ADA_0.3,0.0006329999999999947,-285.0,87.08000000000175,899.0
0.0,1064367661526.0,64335.89,27079.3,1645118139,HOSKY/ADA_0.3,0.0,-10937724369.0,656.3899999999994,899.0
0.006415,8877844.0,56951.82,1906.53,1645118139,FLICK/ADA_0.3,0.0,0.0,0.0,899.0
0.089345,530051.0,47357.8,6686.52,1645118139,cNETA/ADA_0.3,0.0,0.0,0.0,899.0
0.011762,3444165.0,40512.19,2335.73,1645118139,CNFT/ADA_0.3,0.0,0.0,0.0,899.0
0.00283,12604253.11,35670.27,11928.15,1645118139,DRIP/ADA_1.0,-5.999999999999929e-06,15000.0,-42.06999999999971,899.0
0.112737,293691.65,33110.14,21009.58,1645118139,REVU/ADA_0.3,0.0,0.0,0.0,899.0
49.444592,665.0,32880.65,8264.69,1645118139,unsi…en/ADA_1.0,0.0,0.0,0.0,899.0
0.005337,5657663.0,30199.17,0.0,1645118139,BDOGE/ADA_1.0,0.0,0.0,0.0,899.0
0.000851,33491967.69,28518.89,30.09,1645118139,MONET/ADA_0.3,0.0,0.0,0.0,899.0
0.129244,219936.9,28425.66,214.17,1645118139,MELD/ADA_1.0,0.0,17.079999999987194,2.209999999999127,899.0
0.016429,1711512.0,28119.68,2099.15,1645118139,QUID/ADA_0.3,2.2999999999998716e-05,-1214.0,20.0,899.0
0.000729,28266486.0,20617.5,0.0,1645118139,RAG/ADA_1.0,0.0,0.0,0.0,899.0
25.930284,749.0,19421.78,1813.13,1645118139,XDIA…ND/ADA_1.0,0.0,0.0,0.0,899.0
0.104083,183460.82,19095.19,3314.28,1645118139,MINt/ADA_0.05,0.0,0.0,0.0,899.0
0.0,321438012157.0,18670.17,2600.69,1645118139,HOSKY/ADA_0.05,0.0,1000000.0,0.059999999997671694,899.0
0.305036,59977.33,18295.25,1510.13,1645118139,MIN/ADA_0.05,0.0,0.0,0.0,899.0
0.000638,26744442.0,17072.43,4216.81,1645118139,KIDZ/ADA_0.3,0.0,0.0,0.0,899.0
0.142336,119932.0,17070.66,1091.31,1645118139,SKULL/ADA_1.0,0.0,0.0,0.0,899.0
0.419855,40484.0,16997.43,1857.0,1645118139,CDX/ADA_1.0,0.0,0.0,0.0,899.0
0.013248,1268804.0,16810.22,5318.32,1645118139,GOKEY/ADA_0.3,0.0,0.0,0.0,899.0
0.032847,474709.0,15592.92,680.3,1645118139,cMETA/ADA_0.3,0.0,0.0,0.0,899.0
0.40558,37149.12,15066.97,4108.84,1645118139,CARGO/ADA_0.3,0.0024159999999999737,-111.0,45.01999999999862,899.0
2.117409,6463.79,13686.49,1626.44,1645118139,DANA/ADA_0.3,0.0,0.0,0.0,899.0
0.0,15745841087.0,12902.35,1850.56,1645118139,MEOW/ADA_0.3,0.0,0.0,0.0,899.0
0.849174,13536.68,11495.01,558.53,1645118139,WMT/ADA_1.0,0.0,0.0,0.0,899.0
0.109,97894.0,10670.52,0.0,1645118139,Card…rm/ADA_0.3,0.0,0.0,0.0,899.0
108.504184,90.82,9855.22,215.22,1645118139,LQ/ADA_0.05,0.0,0.0,0.0,899.0
0.04938,195716.93,9664.52,90.85,1645118139,cbTHC/ADA_0.3,0.0,0.0,0.0,899.0
0.001187,8007922.0,9507.26,16.61,1645118139,FLANO/ADA_1.0,1.9999999999998318e-06,-4171.0,5.0,899.0
0.755576,26226526.9,19816150.9,997382.88,1645119040,SUNDAE/ADA_0.3,0.00040800000000007497,-5839.760000001639,6292.04999999702,900.0
110.476197,155414.32,17169583.2,933718.08,1645119040,LQ/ADA_0.3,-0.0007449999999948886,271.6700000000128,29897.429999999702,900.0
0.878058,15340351.75,13469721.47,1145004.31,1645119040,WMT/ADA_0.3,0.00014199999999997548,6328.019999999553,7723.2400000002235,900.0
0.131421,12754856.43,1676263.95,532125.85,1645119040,MELD/ADA_0.3,-0.0010129999999999861,62574.859999999404,-4627.14000000013,900.0
0.093542,12817515.0,1198983.77,443592.71,1645119040,PAVIA/ADA_0.3,-0.0001779999999999976,12034.0,-1150.3300000000745,900.0
0.146312,6595340.0,964980.07,111697.5,1645119040,XRAY/ADA_0.3,0.0,0.0,0.0,900.0
0.353097,2480946.0,876015.09,65495.37,1645119040,ADAX/ADA_0.3,-0.0012719999999999954,4463.0,-1573.9799999999814,900.0
2.082235,412745.08,859432.37,486606.46,1645119040,AADA/ADA_0.3,0.0,0.0,0.0,900.0
1.571233,335841.57,527685.63,306344.31,1645119040,VYFI/ADA_0.3,0.009329000000000143,-1000.0100000000093,1571.2900000000373,900.0
6.082119,54883.0,333804.96,283850.43,1645119040,MILK/ADA_0.3,0.0,0.0,0.0,900.0
0.106794,1713770.91,183020.97,52895.52,1645119040,MINt/ADA_0.3,0.0,0.0,0.0,900.0
0.026607,6483528.14,172509.94,53074.89,1645119040,CLAP/ADA_0.3,-0.00020600000000000132,25000.0,-665.75,900.0
0.0,6829032618095.0,154602.14,511.57,1645119040,CHRLZ/ADA_0.3,0.0,0.0,0.0,900.0
2.101623,73090.59,153608.95,77564.67,1645119040,DANA/ADA_0.05,0.0,0.0,0.0,900.0
0.867273,147068.96,127549.0,2801.4,1645119040,WMT/ADA_0.05,0.0,0.0,0.0,900.0
0.758378,164112.87,124459.71,5102.55,1645119040,SUNDAE/ADA_0.05,0.0,5380.4100000000035,4080.3899999999994,900.0
0.004707,23225872.0,109341.73,8406.29,1645119040,RAVE/ADA_1.0,-0.00016099999999999969,384147.0,-1872.6900000000023,900.0
0.0,93342090139678.0,99992.51,10271.88,1645119040,BISON/ADA_0.3,0.0,0.0,0.0,900.0
2.7e-05,3534890395.62,96934.81,6395.1,1645119040,ASHIB/ADA_1.0,0.0,0.0,0.0,900.0
0.033795,2687271.0,90818.82,5347.51,1645119040,FIRE/ADA_0.3,0.00022499999999999604,-9000.0,304.0600000000122,900.0
0.305694,274280.61,83846.03,71064.36,1645119040,MIN/ADA_0.3,0.0007280000000000064,-326.53000000002794,100.0,900.0
0.0,1064367661526.0,64335.89,27079.3,1645119040,HOSKY/ADA_0.3,0.0,0.0,0.0,900.0
0.006401,8887243.0,56892.37,2166.28,1645119040,FLICK/ADA_0.3,-1.4000000000000123e-05,9399.0,-59.44999999999709,900.0
0.089345,530051.0,47357.8,6686.52,1645119040,cNETA/ADA_0.3,0.0,0.0,0.0,900.0
0.011762,3444165.0,40512.19,2335.73,1645119040,CNFT/ADA_0.3,0.0,0.0,0.0,900.0
0.002823,12622724.13,35643.55,11967.42,1645119040,DRIP/ADA_1.0,-7.000000000000062e-06,18471.020000001416,-26.719999999993888,900.0
0.112737,293691.65,33110.14,21009.58,1645119040,REVU/ADA_0.3,0.0,0.0,0.0,900.0
49.444592,665.0,32880.65,8264.69,1645119040,unsi…en/ADA_1.0,0.0,0.0,0.0,900.0
0.005337,5657663.0,30199.17,0.0,1645119040,BDOGE/ADA_1.0,0.0,0.0,0.0,900.0
0.000851,33491967.69,28518.89,30.09,1645119040,MONET/ADA_0.3,0.0,0.0,0.0,900.0
0.129244,219936.9,28425.66,214.17,1645119040,MELD/ADA_1.0,0.0,0.0,0.0,900.0
0.016429,1711512.0,28119.68,2099.15,1645119040,QUID/ADA_0.3,0.0,0.0,0.0,900.0
0.000729,28266486.0,20617.5,0.0,1645119040,RAG/ADA_1.0,0.0,0.0,0.0,900.0
25.930284,749.0,19421.78,1813.13,1645119040,XDIA…ND/ADA_1.0,0.0,0.0,0.0,900.0
0.104083,183460.82,19095.19,3314.28,1645119040,MINt/ADA_0.05,0.0,0.0,0.0,900.0
0.0,321438012157.0,18670.17,2600.69,1645119040,HOSKY/ADA_0.05,0.0,0.0,0.0,900.0
0.305036,59977.33,18295.25,1510.13,1645119040,MIN/ADA_0.05,0.0,0.0,0.0,900.0
0.000638,26744442.0,17072.43,4216.81,1645119040,KIDZ/ADA_0.3,0.0,0.0,0.0,900.0
0.142336,119932.0,17070.66,1091.31,1645119040,SKULL/ADA_1.0,0.0,0.0,0.0,900.0
0.419855,40484.0,16997.43,1857.0,1645119040,CDX/ADA_1.0,0.0,0.0,0.0,900.0
0.013248,1268804.0,16810.22,5318.32,1645119040,GOKEY/ADA_0.3,0.0,0.0,0.0,900.0
0.032847,474709.0,15592.92,680.3,1645119040,cMETA/ADA_0.3,0.0,0.0,0.0,900.0
0.40558,37149.12,15066.97,4108.84,1645119040,CARGO/ADA_0.3,0.0,0.0,0.0,900.0
2.117409,6463.79,13686.49,1626.44,1645119040,DANA/ADA_0.3,0.0,0.0,0.0,900.0
0.0,15745841087.0,12902.35,1850.56,1645119040,MEOW/ADA_0.3,0.0,0.0,0.0,900.0
0.849174,13536.68,11495.01,558.53,1645119040,WMT/ADA_1.0,0.0,0.0,0.0,900.0
0.109,97894.0,10670.52,0.0,1645119040,Card…rm/ADA_0.3,0.0,0.0,0.0,900.0
108.504184,90.82,9855.22,215.22,1645119040,LQ/ADA_0.05,0.0,0.0,0.0,900.0
0.04938,195716.93,9664.52,90.85,1645119040,cbTHC/ADA_0.3,0.0,0.0,0.0,900.0
0.001187,8007922.0,9507.26,16.61,1645119040,FLANO/ADA_1.0,0.0,0.0,0.0,900.0
0.754627,26253036.53,19811267.56,1023224.91,1645119939,SUNDAE/ADA_0.3,-0.0009489999999999776,26509.630000002682,-4883.339999999851,899.0
110.294814,155545.03,17155810.77,962200.23,1645119939,LQ/ADA_0.3,-0.18138299999999674,130.70999999999185,-13772.429999999702,899.0
0.878121,15343346.89,13473317.96,1145489.77,1645119939,WMT/ADA_0.3,6.300000000003525e-05,2995.140000000596,3596.4900000002235,899.0
0.131113,12766999.61,1673925.39,535412.12,1645119939,MELD/ADA_0.3,-0.0003080000000000027,12143.179999999702,-2338.560000000056,899.0
0.091538,12959269.0,1186277.79,456636.0,1645119939,PAVIA/ADA_0.3,-0.0020040000000000058,141754.0,-12705.979999999981,899.0
0.146353,6594424.0,965114.64,111832.48,1645119939,XRAY/ADA_0.3,4.100000000001325e-05,-916.0,134.5700000000652,899.0
0.352809,2481961.0,875658.22,65892.3,1645119939,ADAX/ADA_0.3,-0.00028800000000001047,1015.0,-356.86999999999534,899.0
2.087502,412224.83,860520.28,487697.63,1645119939,AADA/ADA_0.3,0.005267000000000355,-520.25,1087.9100000000326,899.0
1.580646,334841.57,529266.31,307929.73,1645119939,VYFI/ADA_0.3,0.009412999999999894,-1000.0,1580.6800000000512,899.0
5.963062,55429.0,330526.6,287128.79,1645119939,MILK/ADA_0.3,-0.11905699999999975,546.0,-3278.3600000000442,899.0
0.106794,1713770.91,183020.97,52895.52,1645119939,MINt/ADA_0.3,0.0,0.0,0.0,899.0
0.026915,6446381.86,173506.99,54074.94,1645119939,CLAP/ADA_0.3,0.0003080000000000027,-37146.27999999933,997.0499999999884,899.0
0.0,6829032618095.0,154602.14,511.57,1645119939,CHRLZ/ADA_0.3,0.0,0.0,0.0,899.0
2.074037,73575.2,152597.7,78575.91,1645119939,DANA/ADA_0.05,-0.02758599999999989,484.6100000000006,-1011.25,899.0
0.867273,147068.96,127549.0,2801.4,1645119939,WMT/ADA_0.05,0.0,0.0,0.0,899.0
0.758378,164112.87,124459.71,5102.55,1645119939,SUNDAE/ADA_0.05,0.0,0.0,0.0,899.0
0.004707,23275872.0,109577.12,8406.29,1645119939,RAVE/ADA_1.0,0.0,50000.0,235.38999999999942,899.0
0.0,93342090139678.0,99992.51,10271.88,1645119939,BISON/ADA_0.3,0.0,0.0,0.0,899.0
2.7e-05,3534890395.62,96934.81,6395.1,1645119939,ASHIB/ADA_1.0,0.0,0.0,0.0,899.0
0.033795,2687271.0,90818.82,5347.51,1645119939,FIRE/ADA_0.3,0.0,0.0,0.0,899.0
0.305694,274280.61,83846.03,71064.36,1645119939,MIN/ADA_0.3,0.0,0.0,0.0,899.0
0.0,1064366665936.0,64335.83,27079.3,1645119939,HOSKY/ADA_0.3,0.0,-995590.0,-0.059999999997671694,899.0
0.006401,8887243.0,56892.37,2166.28,1645119939,FLICK/ADA_0.3,0.0,0.0,0.0,899.0
0.090108,527806.0,47559.86,6889.19,1645119939,cNETA/ADA_0.3,0.0007629999999999998,-2245.0,202.05999999999767,899.0
0.011762,3444165.0,40512.19,2335.73,1645119939,CNFT/ADA_0.3,0.0,0.0,0.0,899.0
0.002823,12626724.13,35654.84,11967.42,1645119939,DRIP/ADA_1.0,0.0,4000.0,11.289999999993597,899.0
0.112737,293691.65,33110.14,21009.58,1645119939,REVU/ADA_0.3,0.0,0.0,0.0,899.0
49.444592,665.0,32880.65,8264.69,1645119939,unsi…en/ADA_1.0,0.0,0.0,0.0,899.0
0.005337,5657663.0,30199.17,0.0,1645119939,BDOGE/ADA_1.0,0.0,0.0,0.0,899.0
0.000851,33491967.69,28518.89,30.09,1645119939,MONET/ADA_0.3,0.0,0.0,0.0,899.0
0.129244,219936.9,28425.66,214.17,1645119939,MELD/ADA_1.0,0.0,0.0,0.0,899.0
0.016453,1710300.0,28139.68,2119.21,1645119939,QUID/ADA_0.3,2.3999999999999716e-05,-1212.0,20.0,899.0
0.000729,28266486.0,20617.5,0.0,1645119939,RAG/ADA_1.0,0.0,0.0,0.0,899.0
25.930284,749.0,19421.78,1813.13,1645119939,XDIA…ND/ADA_1.0,0.0,0.0,0.0,899.0
0.104083,183460.82,19095.19,3314.28,1645119939,MINt/ADA_0.05,0.0,0.0,0.0,899.0
0.0,321438012157.0,18670.17,2600.69,1645119939,HOSKY/ADA_0.05,0.0,0.0,0.0,899.0
0.305036,59977.33,18295.25,1510.13,1645119939,MIN/ADA_0.05,0.0,0.0,0.0,899.0
0.000638,26744442.0,17072.43,4216.81,1645119939,KIDZ/ADA_0.3,0.0,0.0,0.0,899.0
0.142336,119932.0,17070.66,1091.31,1645119939,SKULL/ADA_1.0,0.0,0.0,0.0,899.0
0.419855,40484.0,16997.43,1857.0,1645119939,CDX/ADA_1.0,0.0,0.0,0.0,899.0
0.013248,1268804.0,16810.22,5318.32,1645119939,GOKEY/ADA_0.3,0.0,0.0,0.0,899.0
0.032847,474709.0,15592.92,680.3,1645119939,cMETA/ADA_0.3,0.0,0.0,0.0,899.0
0.40558,38232.56,15506.39,4108.84,1645119939,CARGO/ADA_0.3,0.0,1083.439999999995,439.4200000000001,899.0
2.117409,6463.79,13686.49,1626.44,1645119939,DANA/ADA_0.3,0.0,0.0,0.0,899.0
0.0,15745841087.0,12902.35,1850.56,1645119939,MEOW/ADA_0.3,0.0,0.0,0.0,899.0
0.849174,13536.68,11495.01,558.53,1645119939,WMT/ADA_1.0,0.0,0.0,0.0,899.0
0.109,97894.0,10670.52,0.0,1645119939,Card…rm/ADA_0.3,0.0,0.0,0.0,899.0
108.504184,90.82,9855.22,215.22,1645119939,LQ/ADA_0.05,0.0,0.0,0.0,899.0
0.04938,195716.93,9664.52,90.85,1645119939,cbTHC/ADA_0.3,0.0,0.0,0.0,899.0
0.001187,8007922.0,9507.26,16.61,1645119939,FLANO/ADA_1.0,0.0,0.0,0.0,899.0
0.754725,26251501.49,19812665.27,1024508.75,1645120841,SUNDAE/ADA_0.3,9.799999999993148e-05,-1535.0400000028312,1397.710000000894,901.0
110.280664,155644.95,17164629.42,965266.86,1645120841,LQ/ADA_0.3,-0.014150000000000773,99.9200000000128,8818.650000002235,901.0
0.878494,15340350.88,13476419.8,1055749.5,1645120841,WMT/ADA_0.3,0.0003729999999999567,-2996.0099999997765,3101.839999999851,901.0
0.13137,12754501.53,1675570.6,533676.56,1645120841,MELD/ADA_0.3,0.00025699999999997947,-12498.080000000075,1645.2100000001956,901.0
0.091756,12943940.0,1187694.57,452943.29,1645120841,PAVIA/ADA_0.3,0.00021800000000000985,-15329.0,1416.780000000028,901.0
0.146353,6594424.0,965114.64,111832.48,1645120841,XRAY/ADA_0.3,0.0,0.0,0.0,901.0
0.352809,2481961.0,875658.22,65383.18,1645120841,ADAX/ADA_0.3,0.0,0.0,0.0,901.0
2.087599,412234.44,860580.28,418976.11,1645120841,AADA/ADA_0.3,9.69999999997917e-05,9.60999999998603,60.0,901.0
1.579044,335011.69,528998.34,303710.31,1645120841,VYFI/ADA_0.3,-0.0016020000000001033,170.11999999999534,-267.9700000000885,901.0
5.913492,56321.0,333053.82,281818.87,1645120841,MILK/ADA_0.3,-0.049570000000000114,892.0,2527.2200000000303,901.0
0.10033,1768192.68,177404.3,57436.24,1645120841,MINt/ADA_0.3,-0.0064639999999999975,54421.77000000002,-5616.670000000013,901.0
0.026915,6439275.13,173315.71,53740.96,1645120841,CLAP/ADA_0.3,0.0,-7106.730000000447,-191.27999999999884,901.0
2.135321,72511.96,154836.35,78563.07,1645120841,DANA/ADA_0.05,0.06128399999999967,-1063.2399999999907,2238.649999999994,901.0
0.0,6829032618095.0,154602.14,511.57,1645120841,CHRLZ/ADA_0.3,0.0,0.0,0.0,901.0
0.758378,181241.91,137450.01,5102.55,1645120841,SUNDAE/ADA_0.05,0.0,17129.040000000008,12990.300000000003,901.0
0.867273,147068.96,127549.0,2801.4,1645120841,WMT/ADA_0.05,0.0,0.0,0.0,901.0
0.004707,23275872.0,109577.12,8381.28,1645120841,RAVE/ADA_1.0,0.0,0.0,0.0,901.0
0.0,93342090139678.0,99992.51,10271.88,1645120841,BISON/ADA_0.3,0.0,0.0,0.0,901.0
2.7e-05,3534890395.62,96934.81,6395.1,1645120841,ASHIB/ADA_1.0,0.0,0.0,0.0,901.0
0.033795,2687271.0,90818.82,5347.51,1645120841,FIRE/ADA_0.3,0.0,0.0,0.0,901.0
0.320354,267940.39,85836.03,72096.42,1645120841,MIN/ADA_0.3,0.014660000000000006,-6340.219999999972,1990.0,901.0
0.0,1062966660400.0,64420.82,26810.5,1645120841,HOSKY/ADA_0.3,0.0,-1400005536.0,84.98999999999796,901.0
0.00642,8874248.0,56975.94,2117.17,1645120841,FLICK/ADA_0.3,1.9000000000000787e-05,-12995.0,83.56999999999971,901.0
0.090108,527806.0,47559.86,6660.57,1645120841,cNETA/ADA_0.3,0.0,0.0,0.0,901.0
0.011762,3444165.0,40512.19,2335.73,1645120841,CNFT/ADA_0.3,0.0,0.0,0.0,901.0
0.002823,12624518.26,35648.62,11805.02,1645120841,DRIP/ADA_1.0,0.0,-2205.870000001043,-6.219999999993888,901.0
0.112737,293691.65,33110.14,21009.58,1645120841,REVU/ADA_0.3,0.0,0.0,0.0,901.0
49.444592,665.0,32880.65,8264.69,1645120841,unsi…en/ADA_1.0,0.0,0.0,0.0,901.0
0.005337,5657663.0,30199.17,0.0,1645120841,BDOGE/ADA_1.0,0.0,0.0,0.0,901.0
0.000851,33491967.69,28518.89,30.09,1645120841,MONET/ADA_0.3,0.0,0.0,0.0,901.0
0.129244,219936.9,28425.66,214.17,1645120841,MELD/ADA_1.0,0.0,0.0,0.0,901.0
0.016453,1710300.0,28139.68,2089.12,1645120841,QUID/ADA_0.3,0.0,0.0,0.0,901.0
0.000729,28266486.0,20617.5,0.0,1645120841,RAG/ADA_1.0,0.0,0.0,0.0,901.0
25.930284,749.0,19421.78,1552.48,1645120841,XDIA…ND/ADA_1.0,0.0,0.0,0.0,901.0
0.104083,183460.82,19095.19,3314.28,1645120841,MINt/ADA_0.05,0.0,0.0,0.0,901.0
0.0,321438012157.0,18670.17,2600.69,1645120841,HOSKY/ADA_0.05,0.0,0.0,0.0,901.0
0.305036,59977.33,18295.25,1510.13,1645120841,MIN/ADA_0.05,0.0,0.0,0.0,901.0
0.000638,26744442.0,17072.43,3595.89,1645120841,KIDZ/ADA_0.3,0.0,0.0,0.0,901.0
0.142336,119932.0,17070.66,1091.31,1645120841,SKULL/ADA_1.0,0.0,0.0,0.0,901.0
0.419855,40484.0,16997.43,1857.0,1645120841,CDX/ADA_1.0,0.0,0.0,0.0,901.0
0.013248,1268804.0,16810.22,5318.32,1645120841,GOKEY/ADA_0.3,0.0,0.0,0.0,901.0
0.032847,474709.0,15592.92,680.3,1645120841,cMETA/ADA_0.3,0.0,0.0,0.0,901.0
0.40558,38232.56,15506.39,4108.84,1645120841,CARGO/ADA_0.3,0.0,0.0,0.0,901.0
2.117409,6463.79,13686.49,1626.44,1645120841,DANA/ADA_0.3,0.0,0.0,0.0,901.0
108.504184,121.76,13211.75,215.22,1645120841,LQ/ADA_0.05,0.0,30.940000000000012,3356.5300000000007,901.0
0.0,15745841087.0,12902.35,1840.53,1645120841,MEOW/ADA_0.3,0.0,0.0,0.0,901.0
0.849174,13536.68,11495.01,558.53,1645120841,WMT/ADA_1.0,0.0,0.0,0.0,901.0
0.109,97894.0,10670.52,0.0,1645120841,Card…rm/ADA_0.3,0.0,0.0,0.0,901.0
0.04938,195716.93,9664.52,90.85,1645120841,cbTHC/ADA_0.3,0.0,0.0,0.0,901.0
0.001187,8007922.0,9507.26,16.61,1645120841,FLANO/ADA_1.0,0.0,0.0,0.0,901.0
0.754814,26252436.56,19815731.5,1025694.3,1645121739,SUNDAE/ADA_0.3,8.900000000000574e-05,935.070000000298,3066.230000000447,898.0
110.098624,155799.53,17153314.42,994513.12,1645121739,LQ/ADA_0.3,-0.18204000000000065,154.5799999999872,-11315.0,898.0
0.879925,15331863.51,13490902.33,1066772.73,1645121739,WMT/ADA_0.3,0.00143099999999996,-8487.370000001043,14482.52999999933,898.0
0.130702,12787438.73,1671350.93,542502.07,1645121739,MELD/ADA_0.3,-0.0006679999999999742,32937.20000000112,-4219.670000000158,898.0
0.091576,12958335.0,1186673.76,470306.78,1645121739,PAVIA/ADA_0.3,-0.0001799999999999996,14395.0,-1020.8100000000559,898.0
0.146534,6565611.0,962091.73,112434.7,1645121739,XRAY/ADA_0.3,0.00018099999999998673,-28813.0,-3022.9100000000326,898.0
0.351994,2484837.0,874647.76,66393.65,1645121739,ADAX/ADA_0.3,-0.0008150000000000102,2876.0,-1010.4599999999627,898.0
2.093373,412312.21,863123.39,419562.3,1645121739,AADA/ADA_0.3,0.005774000000000168,77.77000000001863,2543.109999999986,898.0
1.579044,335011.69,528998.34,303710.31,1645121739,VYFI/ADA_0.3,0.0,0.0,0.0,898.0
5.924532,56269.0,333367.52,282133.51,1645121739,MILK/ADA_0.3,0.011040000000000383,-52.0,313.70000000001164,898.0
0.101074,1761685.12,178061.93,58209.12,1645121739,MINt/ADA_0.3,0.0007439999999999947,-6507.559999999823,657.6300000000047,898.0
0.026949,6435245.97,173424.55,53740.96,1645121739,CLAP/ADA_0.3,3.399999999999931e-05,-4029.160000000149,108.83999999999651,898.0
2.135873,72502.6,154856.35,78583.08,1645121739,DANA/ADA_0.05,0.00055200000000033,-9.360000000000582,20.0,898.0
0.0,6829032618095.0,154602.14,511.57,1645121739,CHRLZ/ADA_0.3,0.0,0.0,0.0,898.0
0.758378,181638.72,137750.94,5102.55,1645121739,SUNDAE/ADA_0.05,0.0,396.8099999999977,300.929999999993,898.0
0.867273,147068.96,127549.0,2801.4,1645121739,WMT/ADA_0.05,0.0,0.0,0.0,898.0
0.004707,23275872.0,109577.12,8381.28,1645121739,RAVE/ADA_1.0,0.0,0.0,0.0,898.0
0.0,93342100139678.0,99992.52,10271.88,1645121739,BISON/ADA_0.3,0.0,10000000.0,0.010000000009313226,898.0
2.7e-05,3534890395.62,96934.81,6395.1,1645121739,ASHIB/ADA_1.0,0.0,0.0,0.0,898.0
0.033795,2687271.0,90818.82,5347.51,1645121739,FIRE/ADA_0.3,0.0,0.0,0.0,898.0
0.320354,267940.39,85836.03,72096.42,1645121739,MIN/ADA_0.3,0.0,0.0,0.0,898.0
0.0,1062802177277.0,64430.82,26820.53,1645121739,HOSKY/ADA_0.3,0.0,-164483123.0,10.0,898.0
0.00646,8846599.0,57155.43,2262.69,1645121739,FLICK/ADA_0.3,3.999999999999924e-05,-27649.0,179.48999999999796,898.0
0.090108,527806.0,47559.86,6660.57,1645121739,cNETA/ADA_0.3,0.0,0.0,0.0,898.0
0.011762,3444165.0,40512.19,2335.73,1645121739,CNFT/ADA_0.3,0.0,0.0,0.0,898.0
0.002823,12624518.26,35648.62,11805.02,1645121739,DRIP/ADA_1.0,0.0,0.0,0.0,898.0
0.112744,293682.81,33111.14,21010.59,1645121739,REVU/ADA_0.3,6.999999999993123e-06,-8.840000000025611,1.0,898.0
49.444592,665.0,32880.65,8264.69,1645121739,unsi…en/ADA_1.0,0.0,0.0,0.0,898.0
0.005337,5657663.0,30199.17,0.0,1645121739,BDOGE/ADA_1.0,0.0,0.0,0.0,898.0
0.000851,33491967.69,28518.89,30.09,1645121739,MONET/ADA_0.3,0.0,0.0,0.0,898.0
0.129244,219936.9,28425.66,214.17,1645121739,MELD/ADA_1.0,0.0,0.0,0.0,898.0
0.01657,1704262.0,28239.68,2189.42,1645121739,QUID/ADA_0.3,0.00011700000000000252,-6038.0,100.0,898.0
0.000729,28266486.0,20617.5,0.0,1645121739,RAG/ADA_1.0,0.0,0.0,0.0,898.0
25.930284,749.0,19421.78,1684.31,1645121739,XDIA…ND/ADA_1.0,0.0,0.0,0.0,898.0
0.104083,183460.82,19095.19,3314.28,1645121739,MINt/ADA_0.05,0.0,0.0,0.0,898.0
0.0,321438012157.0,18670.17,2600.69,1645121739,HOSKY/ADA_0.05,0.0,0.0,0.0,898.0
0.305036,59977.33,18295.25,1510.13,1645121739,MIN/ADA_0.05,0.0,0.0,0.0,898.0
0.000638,26744442.0,17072.43,3595.89,1645121739,KIDZ/ADA_0.3,0.0,0.0,0.0,898.0
0.142336,119932.0,17070.66,1091.31,1645121739,SKULL/ADA_1.0,0.0,0.0,0.0,898.0
0.419855,40484.0,16997.43,1857.0,1645121739,CDX/ADA_1.0,0.0,0.0,0.0,898.0
0.013248,1268804.0,16810.22,5318.32,1645121739,GOKEY/ADA_0.3,0.0,0.0,0.0,898.0
0.032847,474709.0,15592.92,680.3,1645121739,cMETA/ADA_0.3,0.0,0.0,0.0,898.0
0.40558,38232.56,15506.39,4108.84,1645121739,CARGO/ADA_0.3,0.0,0.0,0.0,898.0
2.117409,6463.79,13686.49,1626.44,1645121739,DANA/ADA_0.3,0.0,0.0,0.0,898.0
108.504184,121.76,13211.75,215.22,1645121739,LQ/ADA_0.05,0.0,0.0,0.0,898.0
0.0,15745841087.0,12902.35,1840.53,1645121739,MEOW/ADA_0.3,0.0,0.0,0.0,898.0
0.849174,13536.68,11495.01,558.53,1645121739,WMT/ADA_1.0,0.0,0.0,0.0,898.0
0.109,97894.0,10670.52,0.0,1645121739,Card…rm/ADA_0.3,0.0,0.0,0.0,898.0
0.04938,195716.93,9664.52,90.85,1645121739,cbTHC/ADA_0.3,0.0,0.0,0.0,898.0
0.001187,8007922.0,9507.26,16.61,1645121739,FLANO/ADA_1.0,0.0,0.0,0.0,898.0
0.754804,26253082.2,19815948.98,1036683.05,1645122640,SUNDAE/ADA_0.3,-9.99999999995449e-06,645.640000000596,217.48000000044703,901.0
110.132692,155824.44,17161365.54,999381.58,1645122640,LQ/ADA_0.3,0.03406800000000487,24.910000000003492,8051.119999997318,901.0
0.880071,15331841.32,13493119.58,1067896.09,1645122640,WMT/ADA_0.3,0.0001460000000000905,-22.18999999947846,2217.25,901.0
0.13051,12796874.26,1670122.73,544265.69,1645122640,MELD/ADA_0.3,-0.00019200000000002548,9435.52999999933,-1228.1999999999534,901.0
0.091621,12966064.0,1187967.91,470659.25,1645122640,PAVIA/ADA_0.3,4.499999999998949e-05,7729.0,1294.1499999999069,901.0
0.146534,6565611.0,962091.73,112434.7,1645122640,XRAY/ADA_0.3,0.0,0.0,0.0,901.0
0.351994,2484837.0,874647.76,66393.65,1645122640,ADAX/ADA_0.3,0.0,0.0,0.0,901.0
2.093373,412312.21,863123.39,419646.55,1645122640,AADA/ADA_0.3,0.0,0.0,0.0,901.0
1.57964,334948.56,529098.34,303810.61,1645122640,VYFI/ADA_0.3,0.0005960000000000409,-63.13000000000466,100.0,901.0
5.924601,56269.0,333371.4,283318.43,1645122640,MILK/ADA_0.3,6.899999999987472e-05,0.0,3.8800000000046566,901.0
0.101301,1759714.53,178261.93,58409.72,1645122640,MINt/ADA_0.3,0.00022700000000000498,-1970.5900000000838,200.0,901.0
0.026991,6430239.96,173559.97,53876.79,1645122640,CLAP/ADA_0.3,4.200000000000037e-05,-5006.0099999997765,135.4200000000128,901.0
2.135873,72502.6,154856.35,78583.08,1645122640,DANA/ADA_0.05,0.0,0.0,0.0,901.0
0.0,6834032618095.0,154489.37,624.34,1645122640,CHRLZ/ADA_0.3,0.0,5000000000.0,-112.77000000001863,901.0
0.758378,181362.53,137541.48,5102.55,1645122640,SUNDAE/ADA_0.05,0.0,-276.1900000000023,-209.45999999999185,901.0
0.867273,146820.96,127333.91,2801.4,1645122640,WMT/ADA_0.05,0.0,-248.0,-215.0899999999965,901.0
0.004707,23275872.0,109577.12,8381.28,1645122640,RAVE/ADA_1.0,0.0,0.0,0.0,901.0
0.0,93342100139678.0,99992.52,10271.88,1645122640,BISON/ADA_0.3,0.0,0.0,0.0,901.0
2.7e-05,3534890395.62,96934.81,6395.1,1645122640,ASHIB/ADA_1.0,0.0,0.0,0.0,901.0
0.033768,2688385.0,90783.12,5984.11,1645122640,FIRE/ADA_0.3,-2.6999999999999247e-05,1114.0,-35.70000000001164,901.0
0.30881,272910.29,84277.5,73654.95,1645122640,MIN/ADA_0.3,-0.011544000000000054,4969.899999999965,-1558.5299999999988,901.0
0.0,1062802177277.0,64430.82,26881.92,1645122640,HOSKY/ADA_0.3,0.0,0.0,0.0,901.0
0.00646,8846599.0,57155.43,2262.69,1645122640,FLICK/ADA_0.3,0.0,0.0,0.0,901.0
0.090108,527806.0,47559.86,6660.57,1645122640,cNETA/ADA_0.3,0.0,0.0,0.0,901.0
0.011762,3444165.0,40512.19,2335.73,1645122640,CNFT/ADA_0.3,0.0,0.0,0.0,901.0
0.002816,12643518.26,35606.79,11852.48,1645122640,DRIP/ADA_1.0,-7.000000000000062e-06,19000.0,-41.830000000001746,901.0
0.112744,293682.81,33111.14,21010.59,1645122640,REVU/ADA_0.3,0.0,0.0,0.0,901.0
49.444592,665.0,32880.65,8264.69,1645122640,unsi…en/ADA_1.0,0.0,0.0,0.0,901.0
0.005337,5657663.0,30199.17,0.0,1645122640,BDOGE/ADA_1.0,0.0,0.0,0.0,901.0
0.000851,33491967.69,28518.89,30.09,1645122640,MONET/ADA_0.3,0.0,0.0,0.0,901.0
0.129244,219936.9,28425.66,214.17,1645122640,MELD/ADA_1.0,0.0,0.0,0.0,901.0
0.01657,1704262.0,28239.68,2189.42,1645122640,QUID/ADA_0.3,0.0,0.0,0.0,901.0
0.000729,28266486.0,20617.5,0.0,1645122640,RAG/ADA_1.0,0.0,0.0,0.0,901.0
26.244705,745.0,19552.3,1684.31,1645122640,XDIA…ND/ADA_1.0,0.3144209999999994,-4.0,130.52000000000044,901.0
0.104083,183460.82,19095.19,3314.28,1645122640,MINt/ADA_0.05,0.0,0.0,0.0,901.0
0.0,321596192427.0,18679.35,2600.69,1645122640,HOSKY/ADA_0.05,0.0,158180270.0,9.180000000000291,901.0
0.305036,59977.33,18295.25,1510.13,1645122640,MIN/ADA_0.05,0.0,0.0,0.0,901.0
0.000638,26783605.0,17097.43,3595.89,1645122640,KIDZ/ADA_0.3,0.0,39163.0,25.0,901.0
0.419855,40484.0,16997.43,1857.0,1645122640,CDX/ADA_1.0,0.0,0.0,0.0,901.0
0.013248,1268804.0,16810.22,5318.32,1645122640,GOKEY/ADA_0.3,0.0,0.0,0.0,901.0
0.13661,122432.0,16725.5,1436.47,1645122640,SKULL/ADA_1.0,-0.005725999999999981,2500.0,-345.15999999999985,901.0
0.032847,474709.0,15592.92,680.3,1645122640,cMETA/ADA_0.3,0.0,0.0,0.0,901.0
0.40558,38232.56,15506.39,4108.84,1645122640,CARGO/ADA_0.3,0.0,0.0,0.0,901.0
2.117409,6463.79,13686.49,1626.44,1645122640,DANA/ADA_0.3,0.0,0.0,0.0,901.0
108.504184,121.76,13211.75,215.22,1645122640,LQ/ADA_0.05,0.0,0.0,0.0,901.0
0.0,15745841087.0,12902.35,1840.53,1645122640,MEOW/ADA_0.3,0.0,0.0,0.0,901.0
0.849174,13536.68,11495.01,558.53,1645122640,WMT/ADA_1.0,0.0,0.0,0.0,901.0
0.109,97894.0,10670.52,0.0,1645122640,Card…rm/ADA_0.3,0.0,0.0,0.0,901.0
0.04938,195716.93,9664.52,90.85,1645122640,cbTHC/ADA_0.3,0.0,0.0,0.0,901.0
0.001187,8007922.0,9507.26,16.61,1645122640,FLANO/ADA_1.0,0.0,0.0,0.0,901.0
0.755027,26250109.49,19819559.39,1039844.52,1645123539,SUNDAE/ADA_0.3,0.00022299999999997322,-2972.710000000894,3610.410000000149,898.0
110.125297,155833.18,17161176.04,1000814.02,1645123539,LQ/ADA_0.3,-0.007395000000002483,8.739999999990687,-189.5,898.0
0.880662,15327291.43,13498164.14,1072441.62,1645123539,WMT/ADA_0.3,0.0005909999999998972,-4549.890000000596,5044.5600000005215,898.0
0.13031,12809733.54,1669246.84,545452.89,1645123539,MELD/ADA_0.3,-0.00019999999999997797,12859.27999999933,-875.8899999998976,898.0
0.092794,12883940.0,1195563.54,478277.67,1645123539,PAVIA/ADA_0.3,0.0011730000000000074,-82124.0,7595.630000000121,898.0
0.146534,6565611.0,962091.73,112434.7,1645123539,XRAY/ADA_0.3,0.0,0.0,0.0,898.0
0.351994,2484837.0,874647.76,66393.65,1645123539,ADAX/ADA_0.3,0.0,0.0,0.0,898.0
2.081078,413530.27,860589.15,422349.04,1645123539,AADA/ADA_0.3,-0.012294999999999945,1218.0599999999977,-2534.2399999999907,898.0
1.57964,334948.56,529098.34,303810.61,1645123539,VYFI/ADA_0.3,0.0,0.0,0.0,898.0
5.820851,56893.0,331165.71,286245.91,1645123539,MILK/ADA_0.3,-0.10374999999999979,624.0,-2205.6900000000023,898.0
0.100898,1763231.9,177907.39,58764.26,1645123539,MINt/ADA_0.3,-0.0004030000000000006,3517.369999999879,-354.53999999997905,898.0
0.026991,6430239.96,173559.97,53876.79,1645123539,CLAP/ADA_0.3,0.0,0.0,0.0,898.0
2.138631,72455.83,154956.35,78683.13,1645123539,DANA/ADA_0.05,0.002758000000000038,-46.770000000004075,100.0,898.0
0.0,6834032618095.0,154489.37,624.34,1645123539,CHRLZ/ADA_0.3,0.0,0.0,0.0,898.0
0.758378,187360.22,142090.0,5102.55,1645123539,SUNDAE/ADA_0.05,0.0,5997.690000000002,4548.5199999999895,898.0
0.867273,146820.96,127333.91,2801.4,1645123539,WMT/ADA_0.05,0.0,0.0,0.0,898.0
0.004707,23275872.0,109577.12,8381.28,1645123539,RAVE/ADA_1.0,0.0,0.0,0.0,898.0
0.0,93342100139678.0,99992.52,10271.88,1645123539,BISON/ADA_0.3,0.0,0.0,0.0,898.0
2.7e-05,3534348948.45,96949.81,6410.25,1645123539,ASHIB/ADA_1.0,0.0,-541447.1700000763,15.0,898.0
0.033682,2691812.0,90667.89,6099.34,1645123539,FIRE/ADA_0.3,-8.600000000000274e-05,3427.0,-115.22999999999593,898.0
0.311663,271660.27,84666.46,74045.08,1645123539,MIN/ADA_0.3,0.00285300000000005,-1250.0199999999604,388.9600000000064,898.0
0.0,1064745769033.0,64314.31,27189.42,1645123539,HOSKY/ADA_0.3,0.0,1943591756.0,-116.51000000000204,898.0
0.006466,8842743.0,57180.43,2287.76,1645123539,FLICK/ADA_0.3,6.000000000000796e-06,-3856.0,25.0,898.0
0.090108,527806.0,47559.86,6660.57,1645123539,cNETA/ADA_0.3,0.0,0.0,0.0,898.0
0.011762,3444165.0,40512.19,2335.73,1645123539,CNFT/ADA_0.3,0.0,0.0,0.0,898.0
0.002808,12660935.46,35559.29,12000.48,1645123539,DRIP/ADA_1.0,-7.99999999999976e-06,17417.200000001118,-47.5,898.0
0.119411,285379.32,34077.46,21979.8,1645123539,REVU/ADA_0.3,0.006667000000000006,-8303.48999999999,966.3199999999997,898.0
49.444592,665.0,32880.65,8264.69,1645123539,unsi…en/ADA_1.0,0.0,0.0,0.0,898.0
0.005337,5657663.0,30199.17,0.0,1645123539,BDOGE/ADA_1.0,0.0,0.0,0.0,898.0
0.000851,33491967.69,28518.89,30.09,1645123539,MONET/ADA_0.3,0.0,0.0,0.0,898.0
0.129244,219936.9,28425.66,214.17,1645123539,MELD/ADA_1.0,0.0,0.0,0.0,898.0
0.01657,1704262.0,28239.68,2189.42,1645123539,QUID/ADA_0.3,0.0,0.0,0.0,898.0
0.000729,28266486.0,20617.5,0.0,1645123539,RAG/ADA_1.0,0.0,0.0,0.0,898.0
26.244705,745.0,19552.3,1684.31,1645123539,XDIA…ND/ADA_1.0,0.0,0.0,0.0,898.0
0.104083,183460.82,19095.19,3314.28,1645123539,MINt/ADA_0.05,0.0,0.0,0.0,898.0
0.0,321596192427.0,18679.35,2600.69,1645123539,HOSKY/ADA_0.05,0.0,0.0,0.0,898.0
0.305036,59977.33,18295.25,1510.13,1645123539,MIN/ADA_0.05,0.0,0.0,0.0,898.0
0.000638,26783605.0,17097.43,3595.89,1645123539,KIDZ/ADA_0.3,0.0,0.0,0.0,898.0
0.13661,124932.0,17067.03,1436.47,1645123539,SKULL/ADA_1.0,0.0,2500.0,341.52999999999884,898.0
0.419855,40484.0,16997.43,1857.0,1645123539,CDX/ADA_1.0,0.0,0.0,0.0,898.0
0.032847,474709.0,15592.92,680.3,1645123539,cMETA/ADA_0.3,0.0,0.0,0.0,898.0
0.011386,1368804.0,15585.54,6543.0,1645123539,GOKEY/ADA_0.3,-0.001861999999999999,100000.0,-1224.6800000000003,898.0
0.40558,38232.56,15506.39,4108.84,1645123539,CARGO/ADA_0.3,0.0,0.0,0.0,898.0
2.117409,6463.79,13686.49,1626.44,1645123539,DANA/ADA_0.3,0.0,0.0,0.0,898.0
108.504183,119.4,12956.29,215.22,1645123539,LQ/ADA_0.05,-9.999999974752427e-07,-2.3599999999999994,-255.45999999999913,898.0
0.0,15745841087.0,12902.35,1840.53,1645123539,MEOW/ADA_0.3,0.0,0.0,0.0,898.0
0.849174,13355.9,11341.5,558.53,1645123539,WMT/ADA_1.0,0.0,-180.78000000000065,-153.51000000000022,898.0
0.109,97894.0,10670.52,0.0,1645123539,Card…rm/ADA_0.3,0.0,0.0,0.0,898.0
0.04938,195716.93,9664.52,90.85,1645123539,cbTHC/ADA_0.3,0.0,0.0,0.0,898.0
0.001187,8007922.0,9507.26,16.61,1645123539,FLANO/ADA_1.0,0.0,0.0,0.0,898.0
0.755027,26254118.63,19822594.39,1040658.28,1645124433,SUNDAE/ADA_0.3,0.0,4009.140000000596,3035.0,894.0
110.182918,155807.04,17167274.86,1006186.06,1645124433,LQ/ADA_0.3,0.05762099999999748,-26.139999999984866,6098.820000000298,894.0
0.88059,15337475.74,13506029.68,1078516.11,1645124433,WMT/ADA_0.3,-7.199999999996098e-05,10184.310000000522,7865.539999999106,894.0
0.130665,12792369.64,1671519.43,547732.31,1645124433,MELD/ADA_0.3,0.0003549999999999942,-17363.89999999851,2272.589999999851,894.0
0.092709,12898799.0,1195842.42,483223.35,1645124433,PAVIA/ADA_0.3,-8.500000000000174e-05,14859.0,278.87999999988824,894.0
0.146521,6565920.0,962046.59,112479.84,1645124433,XRAY/ADA_0.3,-1.2999999999985246e-05,309.0,-45.14000000001397,894.0
0.35117,2487754.0,873625.27,67416.14,1645124433,ADAX/ADA_0.3,-0.0008239999999999914,2917.0,-1022.4899999999907,894.0
2.066085,415030.27,857488.11,425450.08,1645124433,AADA/ADA_0.3,-0.014993000000000034,1500.0,-3101.0400000000373,894.0
1.57964,334948.56,529098.34,303810.61,1645124433,VYFI/ADA_0.3,0.0,0.0,0.0,894.0
5.643767,57780.0,326096.9,291314.71,1645124433,MILK/ADA_0.3,-0.1770839999999998,887.0,-5068.809999999998,894.0
0.75507,26256909.02,19825829.57,1041144.74,1645125339,SUNDAE/ADA_0.3,4.300000000001525e-05,2790.390000000596,3235.179999999702,905.0
110.190747,155801.51,17167885.65,949926.31,1645125339,LQ/ADA_0.3,0.007829000000000974,-5.529999999998836,610.7899999991059,905.0
0.880676,15337382.29,13507266.86,821884.81,1645125339,WMT/ADA_0.3,8.60000000000305e-05,-93.45000000111759,1237.179999999702,905.0
0.13068,12806593.35,1673570.5,529660.3,1645125339,MELD/ADA_0.3,1.4999999999987246e-05,14223.709999999031,2051.070000000065,905.0
0.093213,12869265.0,1199583.74,464612.49,1645125339,PAVIA/ADA_0.3,0.0005040000000000044,-29534.0,3741.320000000065,905.0
0.146655,6562918.0,962488.01,110909.39,1645125339,XRAY/ADA_0.3,0.00013399999999999523,-3002.0,441.4200000000419,905.0
0.35117,2486694.0,873252.84,63381.07,1645125339,ADAX/ADA_0.3,0.0,-1060.0,-372.4300000000512,905.0
2.05618,416030.27,855433.17,403024.17,1645125339,AADA/ADA_0.3,-0.009905000000000275,1000.0,-2054.939999999944,905.0
1.580236,334885.46,529198.34,303062.6,1645125339,VYFI/ADA_0.3,0.0005960000000000409,-63.09999999997672,100.0,905.0
5.682389,57585.0,327220.41,291552.49,1645125339,MILK/ADA_0.3,0.03862199999999927,-195.0,1123.509999999951,905.0
0.100625,1765697.35,177673.5,62686.24,1645125339,MINt/ADA_0.3,-0.00027299999999999547,2465.4500000001863,-233.89000000001397,1799.0
0.026991,6430239.96,173559.97,52157.46,1645125339,CLAP/ADA_0.3,0.0,0.0,0.0,1799.0
2.130461,72794.7,155086.29,76692.23,1645125339,DANA/ADA_0.05,-0.008170000000000233,338.86999999999534,129.94000000000233,1799.0
0.0,6834032618095.0,154489.37,624.34,1645125339,CHRLZ/ADA_0.3,0.0,0.0,0.0,1799.0
0.758378,187473.12,142175.62,5102.55,1645125339,SUNDAE/ADA_0.05,0.0,112.89999999999418,85.61999999999534,1799.0
0.867273,146820.96,127333.91,2801.4,1645125339,WMT/ADA_0.05,0.0,0.0,0.0,1799.0
0.004707,23275872.0,109577.12,7825.92,1645125339,RAVE/ADA_1.0,0.0,0.0,0.0,1799.0
0.0,93342105139678.0,99992.52,10271.88,1645125339,BISON/ADA_0.3,0.0,5000000.0,0.0,1799.0
2.7e-05,3527158493.59,97199.81,6637.5,1645125339,ASHIB/ADA_1.0,0.0,-7190454.859999657,250.0,1799.0
0.033682,2691812.0,90667.89,6099.34,1645125339,FIRE/ADA_0.3,0.0,0.0,0.0,1799.0
0.305386,274441.95,83810.96,74867.99,1645125339,MIN/ADA_0.3,-0.0062770000000000326,2781.679999999993,-855.5,1799.0
0.0,1065129118775.0,64291.32,26808.22,1645125339,HOSKY/ADA_0.3,0.0,383349742.0,-22.989999999997963,1799.0
0.006466,8852743.0,57245.09,2287.76,1645125339,FLICK/ADA_0.3,0.0,10000.0,64.65999999999622,1799.0
0.089751,528856.0,47465.72,6191.22,1645125339,cNETA/ADA_0.3,-0.0003569999999999962,1050.0,-94.13999999999942,1799.0
0.011762,3444165.0,40512.19,2141.83,1645125339,CNFT/ADA_0.3,0.0,0.0,0.0,1799.0
0.00279,12701935.46,35445.66,11898.0,1645125339,DRIP/ADA_1.0,-1.800000000000022e-05,41000.0,-113.62999999999738,1799.0
0.119418,287507.87,34333.63,21980.8,1645125339,REVU/ADA_0.3,6.999999999993123e-06,2128.5499999999884,256.16999999999825,1799.0
49.444592,665.0,32880.65,6852.11,1645125339,unsi…en/ADA_1.0,0.0,0.0,0.0,1799.0
0.005337,5657663.0,30199.17,0.0,1645125339,BDOGE/ADA_1.0,0.0,0.0,0.0,1799.0
0.000851,33491967.69,28518.89,30.09,1645125339,MONET/ADA_0.3,0.0,0.0,0.0,1799.0
0.129244,219936.9,28425.66,214.17,1645125339,MELD/ADA_1.0,0.0,0.0,0.0,1799.0
0.01657,1704262.0,28239.68,2179.39,1645125339,QUID/ADA_0.3,0.0,0.0,0.0,1799.0
0.000729,28266486.0,20617.5,0.0,1645125339,RAG/ADA_1.0,0.0,0.0,0.0,1799.0
26.244705,745.0,19552.3,1657.51,1645125339,XDIA…ND/ADA_1.0,0.0,0.0,0.0,1799.0
0.104083,183460.82,19095.19,3314.28,1645125339,MINt/ADA_0.05,0.0,0.0,0.0,1799.0
0.0,321596192427.0,18679.35,2600.69,1645125339,HOSKY/ADA_0.05,0.0,0.0,0.0,1799.0
0.305036,59977.33,18295.25,1510.13,1645125339,MIN/ADA_0.05,0.0,0.0,0.0,1799.0
0.000638,26783605.0,17097.43,3595.89,1645125339,KIDZ/ADA_0.3,0.0,0.0,0.0,1799.0
0.13661,124932.0,17067.03,1206.62,1645125339,SKULL/ADA_1.0,0.0,0.0,0.0,1799.0
0.419855,40484.0,16997.43,1857.0,1645125339,CDX/ADA_1.0,0.0,0.0,0.0,1799.0
0.40558,39232.56,15911.97,3965.51,1645125339,CARGO/ADA_0.3,0.0,1000.0,405.5799999999999,1799.0
0.032847,474709.0,15592.92,680.3,1645125339,cMETA/ADA_0.3,0.0,0.0,0.0,1799.0
0.011386,1368804.0,15585.54,6543.0,1645125339,GOKEY/ADA_0.3,0.0,0.0,0.0,1799.0
2.117409,6463.79,13686.49,1626.44,1645125339,DANA/ADA_0.3,0.0,0.0,0.0,1799.0
0.0,15745841087.0,12902.35,1840.53,1645125339,MEOW/ADA_0.3,0.0,0.0,0.0,1799.0
108.504183,118.29,12835.34,215.22,1645125339,LQ/ADA_0.05,0.0,-1.1099999999999994,-120.95000000000073,1799.0
0.849174,13355.9,11341.5,558.53,1645125339,WMT/ADA_1.0,0.0,0.0,0.0,1799.0
0.109,97894.0,10670.52,0.0,1645125339,Card…rm/ADA_0.3,0.0,0.0,0.0,1799.0
0.04938,195716.93,9664.52,90.85,1645125339,cbTHC/ADA_0.3,0.0,0.0,0.0,1799.0
0.001187,8007922.0,9507.26,16.61,1645125339,FLANO/ADA_1.0,0.0,0.0,0.0,1799.0
0.755083,26257088.49,19826294.06,1041400.51,1645126240,SUNDAE/ADA_0.3,1.2999999999929734e-05,179.4699999988079,464.4899999983609,901.0
110.123504,155868.6,17164797.12,955238.12,1645126240,LQ/ADA_0.3,-0.06724300000000483,67.08999999999651,-3088.529999997467,901.0
0.881166,15342833.23,13519594.54,825664.11,1645126240,WMT/ADA_0.3,0.0004899999999999904,5450.940000001341,12327.679999999702,901.0
0.130827,12800630.99,1674675.47,530663.08,1645126240,MELD/ADA_0.3,0.00014700000000000824,-5962.359999999404,1104.969999999972,901.0
0.093541,12846579.0,1201689.73,469766.35,1645126240,PAVIA/ADA_0.3,0.00032799999999999496,-22686.0,2105.9899999999907,901.0
0.146676,6562445.0,962557.63,110987.99,1645126240,XRAY/ADA_0.3,2.0999999999993246e-05,-473.0,69.61999999999534,901.0
0.349553,2492447.0,871243.25,65390.66,1645126240,ADAX/ADA_0.3,-0.0016169999999999796,5753.0,-2009.5899999999674,901.0
2.044107,417258.83,852922.02,408061.46,1645126240,AADA/ADA_0.3,-0.012073,1228.5599999999977,-2511.1500000000233,901.0
1.580982,334806.61,529323.34,303187.97,1645126240,VYFI/ADA_0.3,0.0007460000000001354,-78.85000000003492,125.0,901.0
5.693215,57531.0,327536.35,292438.34,1645126240,MILK/ADA_0.3,0.010826000000000668,-54.0,315.9400000000023,901.0
0.101367,1759231.34,178328.5,63343.21,1645126240,MINt/ADA_0.3,0.0007419999999999927,-6466.010000000009,655.0,901.0
0.027022,6426548.29,173659.97,52257.76,1645126240,CLAP/ADA_0.3,3.099999999999978e-05,-3691.6699999999255,100.0,901.0
2.130461,72794.7,155086.29,76692.23,1645126240,DANA/ADA_0.05,0.0,0.0,0.0,901.0
0.0,6834032618095.0,154489.37,624.34,1645126240,CHRLZ/ADA_0.3,0.0,0.0,0.0,901.0
0.758378,187473.12,142175.62,5102.55,1645126240,SUNDAE/ADA_0.05,0.0,0.0,0.0,901.0
0.867273,146617.91,127157.81,2801.4,1645126240,WMT/ADA_0.05,0.0,-203.04999999998836,-176.10000000000582,901.0
0.004728,23224312.0,109822.85,8322.3,1645126240,RAVE/ADA_1.0,2.1000000000000185e-05,-51560.0,245.73000000001048,901.0
0.0,93342105139678.0,99992.52,10271.88,1645126240,BISON/ADA_0.3,0.0,0.0,0.0,901.0
2.8e-05,3480339963.39,98520.58,7971.48,1645126240,ASHIB/ADA_1.0,1.0000000000000006e-06,-46818530.200000286,1320.770000000004,901.0
0.033682,2691812.0,90667.89,6099.34,1645126240,FIRE/ADA_0.3,0.0,0.0,0.0,901.0
0.305386,274441.95,83810.96,74867.99,1645126240,MIN/ADA_0.3,0.0,0.0,0.0,901.0
0.0,1065685620468.0,64342.44,26817.02,1645126240,HOSKY/ADA_0.3,0.0,556501693.0,51.12000000000262,901.0
0.006466,8852743.0,57245.09,2287.76,1645126240,FLICK/ADA_0.3,0.0,0.0,0.0,901.0
0.093567,517977.0,48465.72,7194.22,1645126240,cNETA/ADA_0.3,0.003816,-10879.0,1000.0,901.0
0.011762,3444165.0,40512.19,2141.83,1645126240,CNFT/ADA_0.3,0.0,0.0,0.0,901.0
0.002781,12722135.46,35389.94,11953.72,1645126240,DRIP/ADA_1.0,-8.999999999999894e-06,20200.0,-55.720000000001164,901.0
0.119418,287507.87,34333.63,21980.8,1645126240,REVU/ADA_0.3,0.0,0.0,0.0,901.0
49.444592,665.0,32880.65,6852.11,1645126240,unsi…en/ADA_1.0,0.0,0.0,0.0,901.0
0.005337,5657663.0,30199.17,0.0,1645126240,BDOGE/ADA_1.0,0.0,0.0,0.0,901.0
0.000851,33491967.69,28518.89,30.09,1645126240,MONET/ADA_0.3,0.0,0.0,0.0,901.0
0.129244,219936.9,28425.66,214.17,1645126240,MELD/ADA_1.0,0.0,0.0,0.0,901.0
0.01657,1704265.0,28239.73,2179.39,1645126240,QUID/ADA_0.3,0.0,3.0,0.049999999999272404,901.0
0.000729,28266486.0,20617.5,0.0,1645126240,RAG/ADA_1.0,0.0,0.0,0.0,901.0
26.244705,745.0,19552.3,1657.51,1645126240,XDIA…ND/ADA_1.0,0.0,0.0,0.0,901.0
0.104083,183460.82,19095.19,3314.28,1645126240,MINt/ADA_0.05,0.0,0.0,0.0,901.0
0.0,319277235458.0,18544.66,2600.69,1645126240,HOSKY/ADA_0.05,0.0,-2318956969.0,-134.6899999999987,901.0
0.305036,59977.33,18295.25,1510.13,1645126240,MIN/ADA_0.05,0.0,0.0,0.0,901.0
0.000638,26783605.0,17097.43,3595.89,1645126240,KIDZ/ADA_0.3,0.0,0.0,0.0,901.0
0.13661,124932.0,17067.03,1206.62,1645126240,SKULL/ADA_1.0,0.0,0.0,0.0,901.0
0.419855,40484.0,16997.43,1857.0,1645126240,CDX/ADA_1.0,0.0,0.0,0.0,901.0
0.40558,39232.56,15911.97,3965.51,1645126240,CARGO/ADA_0.3,0.0,0.0,0.0,901.0
0.032847,474709.0,15592.92,680.3,1645126240,cMETA/ADA_0.3,0.0,0.0,0.0,901.0
0.011386,1368804.0,15585.54,6543.0,1645126240,GOKEY/ADA_0.3,0.0,0.0,0.0,901.0
2.117409,6463.79,13686.49,1626.44,1645126240,DANA/ADA_0.3,0.0,0.0,0.0,901.0
0.0,15745841087.0,12902.35,1840.53,1645126240,MEOW/ADA_0.3,0.0,0.0,0.0,901.0
108.504183,118.29,12835.34,215.22,1645126240,LQ/ADA_0.05,0.0,0.0,0.0,901.0
0.849174,13355.9,11341.5,558.53,1645126240,WMT/ADA_1.0,0.0,0.0,0.0,901.0
0.109,97894.0,10670.52,0.0,1645126240,Card…rm/ADA_0.3,0.0,0.0,0.0,901.0
0.04938,195716.93,9664.52,90.85,1645126240,cbTHC/ADA_0.3,0.0,0.0,0.0,901.0
0.001187,8007922.0,9507.26,16.61,1645126240,FLANO/ADA_1.0,0.0,0.0,0.0,901.0
0.755333,26260151.26,19835162.35,1044693.07,1645127140,SUNDAE/ADA_0.3,0.0002500000000000835,3062.7700000032783,8868.290000002831,899.0
110.123504,155870.35,17164989.77,957275.75,1645127140,LQ/ADA_0.3,0.0,1.75,192.64999999850988,899.0
0.881167,15342870.6,13519641.45,826028.89,1645127140,WMT/ADA_0.3,1.0000000000287557e-06,37.369999999180436,46.91000000014901,899.0
0.130816,12803474.36,1674902.52,530914.46,1645127140,MELD/ADA_0.3,-1.1000000000011001e-05,2843.3699999991804,227.05000000004657,899.0
0.094372,12790001.0,1207024.53,476286.14,1645127140,PAVIA/ADA_0.3,0.0008309999999999984,-56578.0,5334.800000000047,899.0
0.146507,6566236.0,962003.56,111542.06,1645127140,XRAY/ADA_0.3,-0.00016900000000000248,3791.0,-554.0699999999488,899.0
0.349553,2492447.0,871243.25,65390.66,1645127140,ADAX/ADA_0.3,0.0,0.0,0.0,899.0
2.034141,418281.41,850843.72,410336.91,1645127140,AADA/ADA_0.3,-0.00996599999999992,1022.5799999999581,-2078.3000000000466,899.0
1.580982,334806.61,529323.34,303187.97,1645127140,VYFI/ADA_0.3,0.0,0.0,0.0,899.0
5.72792,57357.0,328536.35,293441.34,1645127140,MILK/ADA_0.3,0.034704999999999764,-174.0,1000.0,899.0
0.101516,1757940.85,178459.8,63474.9,1645127140,MINt/ADA_0.3,0.00014899999999999636,-1290.4899999999907,131.29999999998836,899.0
0.027022,6426548.29,173659.97,52257.76,1645127140,CLAP/ADA_0.3,0.0,0.0,0.0,899.0
2.130461,72794.7,155086.29,76692.23,1645127140,DANA/ADA_0.05,0.0,0.0,0.0,899.0
0.0,6834032618095.0,154489.37,624.34,1645127140,CHRLZ/ADA_0.3,0.0,0.0,0.0,899.0
0.758378,187473.12,142175.62,5102.55,1645127140,SUNDAE/ADA_0.05,0.0,0.0,0.0,899.0
0.867273,145993.0,126615.85,2801.4,1645127140,WMT/ADA_0.05,0.0,-624.9100000000035,-541.9599999999919,899.0
0.004749,23173450.0,110066.33,8568.21,1645127140,RAVE/ADA_1.0,2.0999999999999318e-05,-50862.0,243.47999999999593,899.0
0.0,93492105139678.0,99832.57,10431.83,1645127140,BISON/ADA_0.3,0.0,150000000000.0,-159.9499999999971,899.0
2.8e-05,3480339963.39,98520.58,7971.48,1645127140,ASHIB/ADA_1.0,0.0,0.0,0.0,899.0
0.033682,2691812.0,90667.89,6099.34,1645127140,FIRE/ADA_0.3,0.0,0.0,0.0,899.0
0.309472,272626.96,84370.6,75429.32,1645127140,MIN/ADA_0.3,0.004086000000000034,-1814.9899999999907,559.6399999999994,899.0
0.0,1067069952825.0,64259.22,26900.25,1645127140,HOSKY/ADA_0.3,0.0,1384332357.0,-83.22000000000116,899.0
0.006466,8852743.0,57245.09,2287.76,1645127140,FLICK/ADA_0.3,0.0,0.0,0.0,899.0
0.093567,517977.0,48465.72,7194.22,1645127140,cNETA/ADA_0.3,0.0,0.0,0.0,899.0
0.011762,3444165.0,40512.19,2141.83,1645127140,CNFT/ADA_0.3,0.0,0.0,0.0,899.0
0.002769,12750135.46,35312.99,12030.66,1645127140,DRIP/ADA_1.0,-1.1999999999999858e-05,28000.0,-76.95000000000437,899.0
0.119418,287507.87,34333.63,21980.8,1645127140,REVU/ADA_0.3,0.0,0.0,0.0,899.0
49.444592,665.0,32880.65,6852.11,1645127140,unsi…en/ADA_1.0,0.0,0.0,0.0,899.0
0.005337,5657663.0,30199.17,0.0,1645127140,BDOGE/ADA_1.0,0.0,0.0,0.0,899.0
0.000851,33491967.69,28518.89,30.09,1645127140,MONET/ADA_0.3,0.0,0.0,0.0,899.0
0.129244,219936.9,28425.66,214.17,1645127140,MELD/ADA_1.0,0.0,0.0,0.0,899.0
0.01657,1704265.0,28239.73,2179.39,1645127140,QUID/ADA_0.3,0.0,0.0,0.0,899.0
0.000729,28266486.0,20617.5,0.0,1645127140,RAG/ADA_1.0,0.0,0.0,0.0,899.0
26.244705,745.0,19552.3,1657.51,1645127140,XDIA…ND/ADA_1.0,0.0,0.0,0.0,899.0
0.104083,183460.82,19095.19,3314.28,1645127140,MINt/ADA_0.05,0.0,0.0,0.0,899.0
0.0,319277235458.0,18544.66,2600.69,1645127140,HOSKY/ADA_0.05,0.0,0.0,0.0,899.0
0.305036,59977.33,18295.25,1510.13,1645127140,MIN/ADA_0.05,0.0,0.0,0.0,899.0
0.000638,26783605.0,17097.43,3595.89,1645127140,KIDZ/ADA_0.3,0.0,0.0,0.0,899.0
0.13661,124932.0,17067.03,1206.62,1645127140,SKULL/ADA_1.0,0.0,0.0,0.0,899.0
0.419855,40484.0,16997.43,1857.0,1645127140,CDX/ADA_1.0,0.0,0.0,0.0,899.0
0.40558,39232.56,15911.97,3965.51,1645127140,CARGO/ADA_0.3,0.0,0.0,0.0,899.0
0.032847,474709.0,15592.92,680.3,1645127140,cMETA/ADA_0.3,0.0,0.0,0.0,899.0
0.011386,1368804.0,15585.54,6543.0,1645127140,GOKEY/ADA_0.3,0.0,0.0,0.0,899.0
2.117409,6463.79,13686.49,1626.44,1645127140,DANA/ADA_0.3,0.0,0.0,0.0,899.0
0.0,15745841087.0,12902.35,1840.53,1645127140,MEOW/ADA_0.3,0.0,0.0,0.0,899.0
108.504183,118.29,12835.34,215.22,1645127140,LQ/ADA_0.05,0.0,0.0,0.0,899.0
0.849174,13355.9,11341.5,558.53,1645127140,WMT/ADA_1.0,0.0,0.0,0.0,899.0
0.109,97894.0,10670.52,0.0,1645127140,Card…rm/ADA_0.3,0.0,0.0,0.0,899.0
0.04938,195716.93,9664.52,90.85,1645127140,cbTHC/ADA_0.3,0.0,0.0,0.0,899.0
0.001187,8007922.0,9507.26,16.61,1645127140,FLANO/ADA_1.0,0.0,0.0,0.0,899.0
0.755351,26259934.49,19835484.21,1047532.51,1645128039,SUNDAE/ADA_0.3,1.799999999996249e-05,-216.77000000327826,321.85999999940395,899.0
110.09496,155892.94,17163027.54,935337.91,1645128039,LQ/ADA_0.3,-0.028543999999996572,22.589999999996508,-1962.230000000447,899.0
0.881501,15341942.78,13523953.13,828276.8,1645128039,WMT/ADA_0.3,0.00033399999999994545,-927.820000000298,4311.680000001565,899.0
0.130887,12793073.1,1674447.49,532276.36,1645128039,MELD/ADA_0.3,7.10000000000155e-05,-10401.259999999776,-455.03000000002794,899.0
0.094758,12766038.0,1209687.74,478797.25,1645128039,PAVIA/ADA_0.3,0.00038599999999999746,-23963.0,2663.2099999999627,899.0
0.146507,6566297.0,962012.5,111542.06,1645128039,XRAY/ADA_0.3,0.0,61.0,8.93999999994412,899.0
0.34935,2493172.0,870990.66,65643.25,1645128039,ADAX/ADA_0.3,-0.00020300000000000873,725.0,-252.5899999999674,899.0
2.023774,419443.3,848858.78,412611.09,1645128039,AADA/ADA_0.3,-0.010367000000000015,1161.890000000014,-1984.9399999999441,899.0
1.61334,331437.07,534720.92,308601.75,1645128039,VYFI/ADA_0.3,0.03235799999999989,-3369.539999999979,5397.5800000000745,899.0
5.747845,57258.0,329110.15,294016.86,1645128039,MILK/ADA_0.3,0.01992499999999975,-99.0,573.8000000000466,899.0
0.101516,1757940.85,178459.8,63474.9,1645128039,MINt/ADA_0.3,0.0,0.0,0.0,899.0
0.027022,6426548.29,173659.97,52257.76,1645128039,CLAP/ADA_0.3,0.0,0.0,0.0,899.0
2.130461,72794.7,155086.29,76692.23,1645128039,DANA/ADA_0.05,0.0,0.0,0.0,899.0
0.0,6834032618095.0,154489.37,513.65,1645128039,CHRLZ/ADA_0.3,0.0,0.0,0.0,899.0
0.867273,145993.0,126615.85,2801.4,1645128039,WMT/ADA_0.05,0.0,0.0,0.0,899.0
0.758378,155361.46,117822.82,5102.55,1645128039,SUNDAE/ADA_0.05,0.0,-32111.660000000003,-24352.79999999999,899.0
0.004749,23173450.0,110066.33,8568.21,1645128039,RAVE/ADA_1.0,0.0,0.0,0.0,899.0
0.0,93492105139678.0,99832.57,10366.91,1645128039,BISON/ADA_0.3,0.0,0.0,0.0,899.0
2.8e-05,3480339963.39,98520.58,7646.99,1645128039,ASHIB/ADA_1.0,0.0,0.0,0.0,899.0
0.033682,2691812.0,90667.89,6099.34,1645128039,FIRE/ADA_0.3,0.0,0.0,0.0,899.0
0.309472,272626.96,84370.6,69529.89,1645128039,MIN/ADA_0.3,0.0,0.0,0.0,899.0
0.006466,8852743.0,57245.09,2221.19,1645128039,FLICK/ADA_0.3,0.0,0.0,0.0,899.0
0.0,1234748186957.0,55563.8,38210.68,1645128039,HOSKY/ADA_0.3,0.0,167678234132.0,-8695.419999999998,899.0
0.093567,518027.0,48470.4,7189.84,1645128039,cNETA/ADA_0.3,0.0,50.0,4.680000000000291,899.0
0.011762,3444165.0,40512.19,2141.83,1645128039,CNFT/ADA_0.3,0.0,0.0,0.0,899.0
0.002769,12750135.46,35312.99,11902.52,1645128039,DRIP/ADA_1.0,0.0,0.0,0.0,899.0
0.119418,287507.87,34333.63,21980.8,1645128039,REVU/ADA_0.3,0.0,0.0,0.0,899.0
49.444592,665.0,32880.65,6852.11,1645128039,unsi…en/ADA_1.0,0.0,0.0,0.0,899.0
0.005337,5657663.0,30199.17,0.0,1645128039,BDOGE/ADA_1.0,0.0,0.0,0.0,899.0
0.000851,33491967.69,28518.89,30.09,1645128039,MONET/ADA_0.3,0.0,0.0,0.0,899.0
0.129244,219936.9,28425.66,214.17,1645128039,MELD/ADA_1.0,0.0,0.0,0.0,899.0
0.01657,1704265.0,28239.73,2179.39,1645128039,QUID/ADA_0.3,0.0,0.0,0.0,899.0
0.000729,28266486.0,20617.5,0.0,1645128039,RAG/ADA_1.0,0.0,0.0,0.0,899.0
26.244705,745.0,19552.3,1657.51,1645128039,XDIA…ND/ADA_1.0,0.0,0.0,0.0,899.0
0.104083,183460.82,19095.19,2449.24,1645128039,MINt/ADA_0.05,0.0,0.0,0.0,899.0
0.0,319277235458.0,18544.66,2600.69,1645128039,HOSKY/ADA_0.05,0.0,0.0,0.0,899.0
0.305036,59977.33,18295.25,1510.13,1645128039,MIN/ADA_0.05,0.0,0.0,0.0,899.0
0.138836,123932.0,17206.27,1347.26,1645128039,SKULL/ADA_1.0,0.002225999999999978,-1000.0,139.2400000000016,899.0
0.000643,26682470.0,17162.43,3652.52,1645128039,KIDZ/ADA_0.3,5.000000000000013e-06,-101135.0,65.0,899.0
0.419855,40484.0,16997.43,1857.0,1645128039,CDX/ADA_1.0,0.0,0.0,0.0,899.0
0.40558,39232.56,15911.97,3965.51,1645128039,CARGO/ADA_0.3,0.0,0.0,0.0,899.0
0.032847,474709.0,15592.92,478.54,1645128039,cMETA/ADA_0.3,0.0,0.0,0.0,899.0
0.011221,1378804.0,15472.84,6625.61,1645128039,GOKEY/ADA_0.3,-0.00016500000000000022,10000.0,-112.70000000000073,899.0
2.117409,6463.79,13686.49,1626.44,1645128039,DANA/ADA_0.3,0.0,0.0,0.0,899.0
0.0,15745841087.0,12902.35,1840.53,1645128039,MEOW/ADA_0.3,0.0,0.0,0.0,899.0
108.504183,118.29,12835.34,215.22,1645128039,LQ/ADA_0.05,0.0,0.0,0.0,899.0
0.849174,13355.9,11341.5,558.53,1645128039,WMT/ADA_1.0,0.0,0.0,0.0,899.0
0.109,97894.0,10670.52,0.0,1645128039,Card…rm/ADA_0.3,0.0,0.0,0.0,899.0
0.04938,195716.93,9664.52,90.85,1645128039,cbTHC/ADA_0.3,0.0,0.0,0.0,899.0
0.001187,8007922.0,9507.26,16.61,1645128039,FLANO/ADA_1.0,0.0,0.0,0.0,899.0
0.755261,26261605.14,19834370.27,1049360.44,1645128939,SUNDAE/ADA_0.3,-9.00000000000345e-05,1670.6500000022352,-1113.940000001341,900.0
109.973273,156017.0,17157700.36,948032.28,1645128939,LQ/ADA_0.3,-0.12168699999999433,124.05999999999767,-5327.179999999702,900.0
0.882747,15331214.02,13533592.71,831918.61,1645128939,WMT/ADA_0.3,0.0012459999999999694,-10728.759999999776,9639.580000000075,900.0
0.130938,12790573.86,1674775.66,521138.78,1645128939,MELD/ADA_0.3,5.099999999999549e-05,-2499.2400000002235,328.1699999999255,900.0
0.095578,12706508.0,1214472.87,467103.51,1645128939,PAVIA/ADA_0.3,0.0008200000000000013,-59530.0,4785.130000000121,900.0
0.146507,6566297.0,962012.5,110188.01,1645128939,XRAY/ADA_0.3,0.0,0.0,0.0,900.0
0.34921,2493672.0,870816.55,64612.17,1645128939,ADAX/ADA_0.3,-0.00013999999999997348,500.0,-174.10999999998603,900.0
2.023796,419441.04,848863.36,384426.96,1645128939,AADA/ADA_0.3,2.199999999996649e-05,-2.2600000000093132,4.5799999999580905,900.0
1.61334,331437.07,534720.92,304180.27,1645128939,VYFI/ADA_0.3,0.0,0.0,0.0,900.0
5.747777,57248.0,329048.75,281172.35,1645128939,MILK/ADA_0.3,-6.799999999973494e-05,-10.0,-61.40000000002328,900.0
0.100372,1767940.85,177453.39,64200.47,1645128939,MINt/ADA_0.3,-0.0011439999999999922,10000.0,-1006.4099999999744,900.0
0.02703,6425533.82,173687.47,51723.0,1645128939,CLAP/ADA_0.3,7.999999999997592e-06,-1014.4699999997392,27.5,900.0
2.130461,72794.7,155086.29,73742.98,1645128939,DANA/ADA_0.05,0.0,0.0,0.0,900.0
0.0,6834032618095.0,154489.37,513.65,1645128939,CHRLZ/ADA_0.3,0.0,0.0,0.0,900.0
0.867273,145993.0,126615.85,2801.4,1645128939,WMT/ADA_0.05,0.0,0.0,0.0,900.0
0.758378,155361.46,117822.82,5102.55,1645128939,SUNDAE/ADA_0.05,0.0,0.0,0.0,900.0
0.004749,23173450.0,110066.33,8568.21,1645128939,RAVE/ADA_1.0,0.0,0.0,0.0,900.0
0.0,93492105139678.0,99832.57,10366.91,1645128939,BISON/ADA_0.3,0.0,0.0,0.0,900.0
2.8e-05,3480339963.39,98520.58,7646.99,1645128939,ASHIB/ADA_1.0,0.0,0.0,0.0,900.0
0.033027,2718422.0,89783.0,6984.23,1645128939,FIRE/ADA_0.3,-0.0006549999999999959,26610.0,-884.8899999999994,900.0
0.309472,272626.96,84370.6,69529.89,1645128939,MIN/ADA_0.3,0.0,0.0,0.0,900.0
0.006466,8852743.0,57245.09,2221.19,1645128939,FLICK/ADA_0.3,0.0,0.0,0.0,900.0
0.0,1235120477852.0,55580.56,38210.68,1645128939,HOSKY/ADA_0.3,0.0,372290895.0,16.75999999999476,900.0
0.093189,519077.0,48372.64,7287.59,1645128939,cNETA/ADA_0.3,-0.00037800000000000333,1050.0,-97.76000000000204,900.0
0.011762,3444165.0,40512.19,2141.83,1645128939,CNFT/ADA_0.3,0.0,0.0,0.0,900.0
0.002769,12750135.46,35312.99,11902.52,1645128939,DRIP/ADA_1.0,0.0,0.0,0.0,900.0
0.119418,287507.87,34333.63,21980.8,1645128939,REVU/ADA_0.3,0.0,0.0,0.0,900.0
49.444592,665.0,32880.65,6852.11,1645128939,unsi…en/ADA_1.0,0.0,0.0,0.0,900.0
0.005337,5657663.0,30199.17,0.0,1645128939,BDOGE/ADA_1.0,0.0,0.0,0.0,900.0
0.000851,33491967.69,28518.89,30.09,1645128939,MONET/ADA_0.3,0.0,0.0,0.0,900.0
0.129244,219936.9,28425.66,214.17,1645128939,MELD/ADA_1.0,0.0,0.0,0.0,900.0
0.01657,1704265.0,28239.73,2179.39,1645128939,QUID/ADA_0.3,0.0,0.0,0.0,900.0
0.000729,28266486.0,20617.5,0.0,1645128939,RAG/ADA_1.0,0.0,0.0,0.0,900.0
26.244705,745.0,19552.3,1657.51,1645128939,XDIA…ND/ADA_1.0,0.0,0.0,0.0,900.0
0.104083,183460.82,19095.19,2449.24,1645128939,MINt/ADA_0.05,0.0,0.0,0.0,900.0
0.305036,59977.33,18295.25,1510.13,1645128939,MIN/ADA_0.05,0.0,0.0,0.0,900.0
0.138836,123932.0,17206.27,1347.26,1645128939,SKULL/ADA_1.0,0.0,0.0,0.0,900.0
0.000643,26682470.0,17162.43,3652.52,1645128939,KIDZ/ADA_0.3,0.0,0.0,0.0,900.0
0.419855,40484.0,16997.43,1857.0,1645128939,CDX/ADA_1.0,0.0,0.0,0.0,900.0
0.0,353198564463.0,16764.43,4380.92,1645128939,HOSKY/ADA_0.05,0.0,33921329005.0,-1780.2299999999996,900.0
0.40558,39232.56,15911.97,3965.51,1645128939,CARGO/ADA_0.3,0.0,0.0,0.0,900.0
0.032847,474709.0,15592.92,478.54,1645128939,cMETA/ADA_0.3,0.0,0.0,0.0,900.0
0.011221,1378804.0,15472.84,6625.61,1645128939,GOKEY/ADA_0.3,0.0,0.0,0.0,900.0
2.117409,6463.79,13686.49,1626.44,1645128939,DANA/ADA_0.3,0.0,0.0,0.0,900.0
0.0,15745841087.0,12902.35,1840.53,1645128939,MEOW/ADA_0.3,0.0,0.0,0.0,900.0
0.849174,13355.9,11341.5,558.53,1645128939,WMT/ADA_1.0,0.0,0.0,0.0,900.0
0.109,97894.0,10670.52,0.0,1645128939,Card…rm/ADA_0.3,0.0,0.0,0.0,900.0
0.04938,195716.93,9664.52,90.85,1645128939,cbTHC/ADA_0.3,0.0,0.0,0.0,900.0
0.001187,8007922.0,9507.26,16.61,1645128939,FLANO/ADA_1.0,0.0,0.0,0.0,900.0
108.504182,87.35,9478.81,215.22,1645128939,LQ/ADA_0.05,-9.999999974752427e-07,-30.940000000000012,-3356.5300000000007,900.0
0.755194,26263188.19,19833811.04,1052255.41,1645129839,SUNDAE/ADA_0.3,-6.699999999992823e-05,1583.050000000745,-559.230000000447,900.0
109.974015,156018.38,17157967.89,948090.45,1645129839,LQ/ADA_0.3,0.0007419999999882521,1.3800000000046566,267.5300000011921,900.0
0.882524,15334022.93,13532656.45,835623.85,1645129839,WMT/ADA_0.3,-0.00022299999999997322,2808.910000000149,-936.2600000016391,900.0
0.130783,12798187.16,1673785.81,523281.9,1645129839,MELD/ADA_0.3,-0.00015499999999998848,7613.300000000745,-989.8499999998603,900.0
0.095714,12698522.0,1215435.23,468352.92,1645129839,PAVIA/ADA_0.3,0.00013599999999999723,-7986.0,962.3599999998696,900.0
0.147879,6535817.0,966512.5,114701.51,1645129839,XRAY/ADA_0.3,0.001372000000000012,-30480.0,4500.0,900.0
0.349755,2491733.0,871496.55,65294.21,1645129839,ADAX/ADA_0.3,0.0005449999999999622,-1939.0,680.0,900.0
2.050113,417246.89,855403.56,389959.82,1645129839,AADA/ADA_0.3,0.026317000000000146,-2194.149999999965,6540.20000000007,900.0
1.618217,330938.07,535529.62,304991.4,1645129839,VYFI/ADA_0.3,0.00487700000000002,-499.0,808.6999999999534,900.0
5.846748,56763.0,331878.97,284771.78,1645129839,MILK/ADA_0.3,0.0989709999999997,-485.0,2830.219999999972,900.0
0.100372,1767940.85,177453.39,64200.47,1645129839,MINt/ADA_0.3,0.0,0.0,0.0,900.0
0.02703,6425533.82,173687.47,51723.0,1645129839,CLAP/ADA_0.3,0.0,0.0,0.0,900.0
2.119525,72982.3,154687.84,74141.43,1645129839,DANA/ADA_0.05,-0.010936000000000057,187.60000000000582,-398.45000000001164,900.0
0.0,6834032618095.0,154489.37,513.65,1645129839,CHRLZ/ADA_0.3,0.0,0.0,0.0,900.0
0.867273,145993.0,126615.85,2801.4,1645129839,WMT/ADA_0.05,0.0,0.0,0.0,900.0
0.758378,155361.46,117822.82,5102.55,1645129839,SUNDAE/ADA_0.05,0.0,0.0,0.0,900.0
0.004759,23148451.0,110186.4,8689.48,1645129839,RAVE/ADA_1.0,1.000000000000046e-05,-24999.0,120.06999999999243,900.0
0.0,93492105139678.0,99832.57,10366.91,1645129839,BISON/ADA_0.3,0.0,0.0,0.0,900.0
2.8e-05,3472488843.82,98745.58,7874.24,1645129839,ASHIB/ADA_1.0,0.0,-7851119.569999695,225.0,900.0
0.033027,2718422.0,89783.0,6984.23,1645129839,FIRE/ADA_0.3,0.0,0.0,0.0,900.0
0.309472,272626.96,84370.6,69529.89,1645129839,MIN/ADA_0.3,0.0,0.0,0.0,900.0
0.006466,8852743.0,57245.09,2221.19,1645129839,FLICK/ADA_0.3,0.0,0.0,0.0,900.0
0.0,1223765682267.0,56097.82,38729.5,1645129839,HOSKY/ADA_0.3,0.0,-11354795585.0,517.260000000002,900.0
0.093189,519077.0,48372.64,7287.59,1645129839,cNETA/ADA_0.3,0.0,0.0,0.0,900.0
0.011762,3444165.0,40512.19,2141.83,1645129839,CNFT/ADA_0.3,0.0,0.0,0.0,900.0
0.002769,12750135.46,35312.99,11902.52,1645129839,DRIP/ADA_1.0,0.0,0.0,0.0,900.0
0.119418,287507.87,34333.63,21980.8,1645129839,REVU/ADA_0.3,0.0,0.0,0.0,900.0
49.444592,665.0,32880.65,6852.11,1645129839,unsi…en/ADA_1.0,0.0,0.0,0.0,900.0
0.005337,5657663.0,30199.17,0.0,1645129839,BDOGE/ADA_1.0,0.0,0.0,0.0,900.0
0.000851,33491967.69,28518.89,30.09,1645129839,MONET/ADA_0.3,0.0,0.0,0.0,900.0
0.129244,219936.9,28425.66,214.17,1645129839,MELD/ADA_1.0,0.0,0.0,0.0,900.0
0.01657,1704265.0,28239.73,2179.39,1645129839,QUID/ADA_0.3,0.0,0.0,0.0,900.0
0.000729,28266486.0,20617.5,0.0,1645129839,RAG/ADA_1.0,0.0,0.0,0.0,900.0
26.244705,745.0,19552.3,1657.51,1645129839,XDIA…ND/ADA_1.0,0.0,0.0,0.0,900.0
0.104083,183460.82,19095.19,2449.24,1645129839,MINt/ADA_0.05,0.0,0.0,0.0,900.0
0.305036,59977.33,18295.25,1510.13,1645129839,MIN/ADA_0.05,0.0,0.0,0.0,900.0
0.138836,123932.0,17206.27,1347.26,1645129839,SKULL/ADA_1.0,0.0,0.0,0.0,900.0
0.000643,26682470.0,17162.43,3652.52,1645129839,KIDZ/ADA_0.3,0.0,0.0,0.0,900.0
0.0,353231945579.0,16766.01,4380.92,1645129839,HOSKY/ADA_0.05,0.0,33381116.0,1.5799999999981083,900.0
0.399954,41484.0,16591.7,2262.73,1645129839,CDX/ADA_1.0,-0.019901000000000002,1000.0,-405.72999999999956,900.0
0.40558,39232.56,15911.97,3965.51,1645129839,CARGO/ADA_0.3,0.0,0.0,0.0,900.0
0.032847,474709.0,15592.92,478.54,1645129839,cMETA/ADA_0.3,0.0,0.0,0.0,900.0
0.011221,1378804.0,15472.84,6625.61,1645129839,GOKEY/ADA_0.3,0.0,0.0,0.0,900.0
2.117409,6463.79,13686.49,1626.44,1645129839,DANA/ADA_0.3,0.0,0.0,0.0,900.0
0.0,15745841087.0,12902.35,1840.53,1645129839,MEOW/ADA_0.3,0.0,0.0,0.0,900.0
0.849174,13355.9,11341.5,558.53,1645129839,WMT/ADA_1.0,0.0,0.0,0.0,900.0
0.109,97894.0,10670.52,0.0,1645129839,Card…rm/ADA_0.3,0.0,0.0,0.0,900.0
0.04938,195716.93,9664.52,90.85,1645129839,cbTHC/ADA_0.3,0.0,0.0,0.0,900.0
0.001187,8007922.0,9507.26,16.61,1645129839,FLANO/ADA_1.0,0.0,0.0,0.0,900.0
108.504182,87.35,9478.81,215.22,1645129839,LQ/ADA_0.05,0.0,0.0,0.0,900.0
0.755196,26263156.27,19833842.08,1053478.07,1645130741,SUNDAE/ADA_0.3,1.999999999946489e-06,-31.92000000178814,31.03999999910593,901.0
109.974783,156048.27,17161375.31,948150.63,1645130741,LQ/ADA_0.3,0.0007680000000078735,29.889999999984866,3407.419999998063,901.0
0.882602,15333398.57,13533302.49,836572.51,1645130741,WMT/ADA_0.3,7.80000000000225e-05,-624.359999999404,646.0400000009686,901.0
0.130577,12809208.66,1672591.33,524625.52,1645130741,MELD/ADA_0.3,-0.00020600000000001173,11021.5,-1194.4799999999814,901.0
0.095431,12716810.0,1213584.7,470519.33,1645130741,PAVIA/ADA_0.3,-0.0002829999999999916,18288.0,-1850.530000000028,901.0
0.147802,6537517.0,966261.92,114952.08,1645130741,XRAY/ADA_0.3,-7.70000000000215e-05,1700.0,-250.5799999999581,901.0
0.349755,2491733.0,871496.55,65294.21,1645130741,ADAX/ADA_0.3,0.0,0.0,0.0,901.0
2.048152,417446.89,854994.96,390368.42,1645130741,AADA/ADA_0.3,-0.0019610000000001016,200.0,-408.60000000009313,901.0
1.618217,330938.07,535529.62,304991.4,1645130741,VYFI/ADA_0.3,0.0,0.0,0.0,901.0
6.055738,55777.0,337770.94,290681.43,1645130741,MILK/ADA_0.3,0.20899,-986.0,5891.97000000003,901.0
0.099326,1777245.82,176527.5,65266.57,1645130741,MINt/ADA_0.3,-0.0010460000000000053,9304.969999999972,-925.890000000014,901.0
0.027013,6427541.11,173633.39,51777.07,1645130741,CLAP/ADA_0.3,-1.6999999999999654e-05,2007.2900000000373,-54.079999999987194,901.0
0.0,6834032618095.0,154489.37,513.65,1645130741,CHRLZ/ADA_0.3,0.0,0.0,0.0,901.0
2.079725,73677.49,153228.99,75620.28,1645130741,DANA/ADA_0.05,-0.03980000000000006,695.1900000000023,-1458.8500000000058,901.0
0.867273,145993.0,126615.85,2801.4,1645130741,WMT/ADA_0.05,0.0,0.0,0.0,901.0
0.758378,155361.46,117822.82,5102.55,1645130741,SUNDAE/ADA_0.05,0.0,0.0,0.0,901.0
0.004759,23148451.0,110186.4,8689.48,1645130741,RAVE/ADA_1.0,0.0,0.0,0.0,901.0
0.0,93482769276942.0,99842.57,10376.94,1645130741,BISON/ADA_0.3,0.0,-9335862736.0,10.0,901.0
2.8e-05,3472488843.82,98745.58,7874.24,1645130741,ASHIB/ADA_1.0,0.0,0.0,0.0,901.0
0.033027,2718422.0,89783.0,6984.23,1645130741,FIRE/ADA_0.3,0.0,0.0,0.0,901.0
0.308486,273063.24,84236.2,69664.28,1645130741,MIN/ADA_0.3,-0.0009860000000000424,436.27999999996973,-134.40000000000873,901.0
0.0,1169415234000.0,59133.56,41664.88,1645130741,HOSKY/ADA_0.3,0.0,-54350448267.0,3035.739999999998,901.0
0.006466,8852743.0,57245.09,2221.19,1645130741,FLICK/ADA_0.3,0.0,0.0,0.0,901.0
0.093189,519077.0,48372.64,7287.59,1645130741,cNETA/ADA_0.3,0.0,0.0,0.0,901.0
0.011762,3444165.0,40512.19,2141.83,1645130741,CNFT/ADA_0.3,0.0,0.0,0.0,901.0
0.002768,12753135.46,35304.77,11918.97,1645130741,DRIP/ADA_1.0,-1.0000000000001327e-06,3000.0,-8.220000000001164,901.0
0.119418,287507.87,34333.63,21980.8,1645130741,REVU/ADA_0.3,0.0,0.0,0.0,901.0
49.444592,665.0,32880.65,6852.11,1645130741,unsi…en/ADA_1.0,0.0,0.0,0.0,901.0
0.005154,5757663.0,29679.82,519.35,1645130741,BDOGE/ADA_1.0,-0.000183,100000.0,-519.3499999999985,901.0
0.000851,33491967.69,28518.89,30.09,1645130741,MONET/ADA_0.3,0.0,0.0,0.0,901.0
0.129244,219936.9,28425.66,214.17,1645130741,MELD/ADA_1.0,0.0,0.0,0.0,901.0
0.01657,1704265.0,28239.73,2179.39,1645130741,QUID/ADA_0.3,0.0,0.0,0.0,901.0
0.000729,28266486.0,20617.5,0.0,1645130741,RAG/ADA_1.0,0.0,0.0,0.0,901.0
26.244705,745.0,19552.3,1657.51,1645130741,XDIA…ND/ADA_1.0,0.0,0.0,0.0,901.0
0.104083,183460.82,19095.19,2449.24,1645130741,MINt/ADA_0.05,0.0,0.0,0.0,901.0
0.305036,59977.33,18295.25,1510.13,1645130741,MIN/ADA_0.05,0.0,0.0,0.0,901.0
0.138836,123932.0,17206.27,1347.26,1645130741,SKULL/ADA_1.0,0.0,0.0,0.0,901.0
0.000643,26682470.0,17162.43,3652.52,1645130741,KIDZ/ADA_0.3,0.0,0.0,0.0,901.0
0.0,353231945579.0,16766.01,4380.92,1645130741,HOSKY/ADA_0.05,0.0,0.0,0.0,901.0
0.399954,41484.0,16591.7,2464.73,1645130741,CDX/ADA_1.0,0.0,0.0,0.0,901.0
0.40558,39232.56,15911.97,3965.51,1645130741,CARGO/ADA_0.3,0.0,0.0,0.0,901.0
0.032847,474709.0,15592.92,478.54,1645130741,cMETA/ADA_0.3,0.0,0.0,0.0,901.0
0.011221,1378804.0,15472.84,6625.61,1645130741,GOKEY/ADA_0.3,0.0,0.0,0.0,901.0
2.117409,6463.79,13686.49,1626.44,1645130741,DANA/ADA_0.3,0.0,0.0,0.0,901.0
0.0,15745841087.0,12902.35,1840.53,1645130741,MEOW/ADA_0.3,0.0,0.0,0.0,901.0
0.849174,13355.9,11341.5,558.53,1645130741,WMT/ADA_1.0,0.0,0.0,0.0,901.0
0.109,97894.0,10670.52,0.0,1645130741,Card…rm/ADA_0.3,0.0,0.0,0.0,901.0
0.04938,195716.93,9664.52,90.85,1645130741,cbTHC/ADA_0.3,0.0,0.0,0.0,901.0
0.001187,8007922.0,9507.26,16.61,1645130741,FLANO/ADA_1.0,0.0,0.0,0.0,901.0
108.504182,87.35,9478.81,215.22,1645130741,LQ/ADA_0.05,0.0,0.0,0.0,901.0
0.755202,26263613.82,19834341.39,1062055.73,1645131639,SUNDAE/ADA_0.3,6.000000000061512e-06,457.55000000074506,499.3100000023842,898.0
109.982722,156053.42,17163180.24,886849.85,1645131639,LQ/ADA_0.3,0.007938999999993257,5.150000000023283,1804.929999999702,898.0
0.883846,15322638.47,13542864.67,843106.1,1645131639,WMT/ADA_0.3,0.0012440000000000229,-10760.099999999627,9562.179999999702,898.0
0.130378,12820539.03,1671518.32,504000.57,1645131639,MELD/ADA_0.3,-0.00019900000000000473,11330.36999999918,-1073.0100000000093,898.0
0.095395,12719203.0,1213357.43,464076.34,1645131639,PAVIA/ADA_0.3,-3.600000000000825e-05,2393.0,-227.27000000001863,898.0
0.147927,6534758.0,966671.27,114569.88,1645131639,XRAY/ADA_0.3,0.000125000000000014,-2759.0,409.3499999999767,898.0
0.349755,2491733.0,871496.55,63473.97,1645131639,ADAX/ADA_0.3,0.0,0.0,0.0,898.0
2.022676,420073.14,849672.06,375448.23,1645131639,AADA/ADA_0.3,-0.025475999999999832,2626.25,-5322.899999999907,898.0
1.553456,337776.5,524720.98,314121.38,1645131639,VYFI/ADA_0.3,-0.06476100000000007,6838.429999999993,-10808.640000000014,898.0
6.055138,55780.0,337755.64,288498.73,1645131639,MILK/ADA_0.3,-0.0005999999999994898,3.0,-15.299999999988358,898.0
0.099326,1777245.82,176527.5,65266.57,1645131639,MINt/ADA_0.3,0.0,0.0,0.0,898.0
0.027013,6427541.11,173633.39,51777.07,1645131639,CLAP/ADA_0.3,0.0,0.0,0.0,898.0
0.0,6835126744319.0,154464.71,538.3,1645131639,CHRLZ/ADA_0.3,0.0,1094126224.0,-24.660000000003492,898.0
2.082296,73632.02,153323.67,75715.01,1645131639,DANA/ADA_0.05,0.002571000000000101,-45.470000000001164,94.68000000002212,898.0
0.867273,145993.0,126615.85,2801.4,1645131639,WMT/ADA_0.05,0.0,0.0,0.0,898.0
0.004759,23148451.0,110186.4,8689.48,1645131639,RAVE/ADA_1.0,0.0,0.0,0.0,898.0
0.758378,138889.36,105330.74,5102.55,1645131639,SUNDAE/ADA_0.05,0.0,-16472.100000000006,-12492.080000000002,898.0
0.0,93482769276942.0,99842.57,10376.94,1645131639,BISON/ADA_0.3,0.0,0.0,0.0,898.0
2.8e-05,3472488843.82,98745.58,7874.24,1645131639,ASHIB/ADA_1.0,0.0,0.0,0.0,898.0
0.033027,2718422.0,89783.0,6984.23,1645131639,FIRE/ADA_0.3,0.0,0.0,0.0,898.0
0.306685,273865.4,83990.57,70031.96,1645131639,MIN/ADA_0.3,-0.001800999999999997,802.1600000000326,-245.6299999999901,898.0
0.0,1169415234000.0,59133.56,41664.88,1645131639,HOSKY/ADA_0.3,0.0,0.0,0.0,898.0
0.006464,8853743.0,57238.65,2227.64,1645131639,FLICK/ADA_0.3,-2.0000000000002655e-06,1000.0,-6.439999999995052,898.0
0.093189,519077.0,48372.64,7287.59,1645131639,cNETA/ADA_0.3,0.0,0.0,0.0,898.0
0.011762,3444165.0,40512.19,2141.83,1645131639,CNFT/ADA_0.3,0.0,0.0,0.0,898.0
0.002766,12756335.46,35296.0,11936.5,1645131639,DRIP/ADA_1.0,-2.0000000000002655e-06,3200.0,-8.769999999996799,898.0
0.119335,287607.87,34321.72,21992.7,1645131639,REVU/ADA_0.3,-8.299999999999974e-05,100.0,-11.909999999996217,898.0
49.444592,665.0,32880.65,6852.11,1645131639,unsi…en/ADA_1.0,0.0,0.0,0.0,898.0
0.005154,5757663.0,29679.82,519.35,1645131639,BDOGE/ADA_1.0,0.0,0.0,0.0,898.0
0.000851,33491967.69,28518.89,30.09,1645131639,MONET/ADA_0.3,0.0,0.0,0.0,898.0
0.129244,219936.9,28425.66,214.17,1645131639,MELD/ADA_1.0,0.0,0.0,0.0,898.0
0.01657,1704265.0,28239.73,2179.39,1645131639,QUID/ADA_0.3,0.0,0.0,0.0,898.0
0.000729,28266486.0,20617.5,0.0,1645131639,RAG/ADA_1.0,0.0,0.0,0.0,898.0
26.244705,745.0,19552.3,1657.51,1645131639,XDIA…ND/ADA_1.0,0.0,0.0,0.0,898.0
0.104083,183460.82,19095.19,2449.24,1645131639,MINt/ADA_0.05,0.0,0.0,0.0,898.0
0.305036,59977.33,18295.25,1510.13,1645131639,MIN/ADA_0.05,0.0,0.0,0.0,898.0
0.138836,123932.0,17206.27,1347.26,1645131639,SKULL/ADA_1.0,0.0,0.0,0.0,898.0
0.000643,26682470.0,17162.43,3652.52,1645131639,KIDZ/ADA_0.3,0.0,0.0,0.0,898.0
0.409603,40995.0,16791.7,2666.73,1645131639,CDX/ADA_1.0,0.009649000000000019,-489.0,200.0,898.0
0.0,353198564484.0,16764.43,4380.92,1645131639,HOSKY/ADA_0.05,0.0,-33381095.0,-1.5799999999981083,898.0
0.406854,39171.2,15936.97,3990.59,1645131639,CARGO/ADA_0.3,0.0012739999999999974,-61.36000000000058,25.0,898.0
0.011221,1389743.0,15595.6,6625.61,1645131639,GOKEY/ADA_0.3,0.0,10939.0,122.76000000000022,898.0
0.032847,474709.0,15592.92,478.54,1645131639,cMETA/ADA_0.3,0.0,0.0,0.0,898.0
2.117409,6463.79,13686.49,1626.44,1645131639,DANA/ADA_0.3,0.0,0.0,0.0,898.0
0.0,15745841087.0,12902.35,1840.53,1645131639,MEOW/ADA_0.3,0.0,0.0,0.0,898.0
0.849174,13355.9,11341.5,558.53,1645131639,WMT/ADA_1.0,0.0,0.0,0.0,898.0
0.109,97894.0,10670.52,0.0,1645131639,Card…rm/ADA_0.3,0.0,0.0,0.0,898.0
0.04938,195716.93,9664.52,90.85,1645131639,cbTHC/ADA_0.3,0.0,0.0,0.0,898.0
0.001187,8007922.0,9507.26,16.61,1645131639,FLANO/ADA_1.0,0.0,0.0,0.0,898.0
108.504182,87.35,9478.81,215.22,1645131639,LQ/ADA_0.05,0.0,0.0,0.0,898.0
0.760952,26165362.36,19910586.57,1137757.15,1645132539,SUNDAE/ADA_0.3,0.005749999999999922,-98251.4600000009,76245.1799999997,900.0
109.988737,156049.16,17163650.24,887321.26,1645132539,LQ/ADA_0.3,0.006015000000004989,-4.260000000009313,470.0,900.0
0.883924,15322828.57,13544231.08,843708.01,1645132539,WMT/ADA_0.3,7.80000000000225e-05,190.09999999962747,1366.410000000149,900.0
0.130934,12793325.91,1675084.56,507577.52,1645132539,MELD/ADA_0.3,0.0005560000000000009,-27213.11999999918,3566.2399999999907,900.0
0.095362,12729298.0,1213898.25,464286.97,1645132539,PAVIA/ADA_0.3,-3.299999999999137e-05,10095.0,540.8200000000652,900.0
0.147927,6529525.0,965897.15,114569.88,1645132539,XRAY/ADA_0.3,0.0,-5233.0,-774.1199999999953,900.0
0.349755,2491968.0,871578.74,63473.97,1645132539,ADAX/ADA_0.3,0.0,235.0,82.18999999994412,900.0
2.022676,420073.14,849672.06,375448.23,1645132539,AADA/ADA_0.3,0.0,0.0,0.0,900.0
1.553456,337776.5,524720.98,314121.38,1645132539,VYFI/ADA_0.3,0.0,0.0,0.0,900.0
5.712693,57430.0,328079.98,298174.39,1645132539,MILK/ADA_0.3,-0.34244500000000055,1650.0,-9675.660000000033,900.0
0.099326,1777245.82,176527.5,60152.99,1645132539,MINt/ADA_0.3,0.0,0.0,0.0,900.0
0.027013,6427541.11,173633.39,54640.64,1645132539,CLAP/ADA_0.3,0.0,0.0,0.0,900.0
0.0,6835126744319.0,154464.71,438.0,1645132539,CHRLZ/ADA_0.3,0.0,0.0,0.0,900.0
2.085012,73584.05,153423.67,72472.91,1645132539,DANA/ADA_0.05,0.0027159999999999407,-47.970000000001164,100.0,900.0
0.867273,145993.0,126615.85,2801.4,1645132539,WMT/ADA_0.05,0.0,0.0,0.0,900.0
0.004759,23148451.0,110186.4,8689.48,1645132539,RAVE/ADA_1.0,0.0,0.0,0.0,900.0
0.758378,138894.36,105334.53,5102.55,1645132539,SUNDAE/ADA_0.05,0.0,5.0,3.789999999993597,900.0
0.0,93482769276942.0,99842.57,10206.94,1645132539,BISON/ADA_0.3,0.0,0.0,0.0,900.0
2.8e-05,3472488843.82,98745.58,7860.1,1645132539,ASHIB/ADA_1.0,0.0,0.0,0.0,900.0
0.033027,2718422.0,89783.0,6102.39,1645132539,FIRE/ADA_0.3,0.0,0.0,0.0,900.0
0.31177,271629.32,84685.92,66260.12,1645132539,MIN/ADA_0.3,0.005085000000000006,-2236.0800000000163,695.3499999999913,900.0
0.0,1163254331706.0,59447.69,41227.7,1645132539,HOSKY/ADA_0.3,0.0,-6160902294.0,314.13000000000466,900.0
0.006464,8854743.0,57245.11,2227.64,1645132539,FLICK/ADA_0.3,0.0,1000.0,6.459999999999127,900.0
0.089283,530327.0,47349.51,8310.72,1645132539,cNETA/ADA_0.3,-0.003905999999999993,11250.0,-1023.1299999999974,900.0
0.011762,3444165.0,40512.19,2012.18,1645132539,CNFT/ADA_0.3,0.0,0.0,0.0,900.0
0.002764,12801981.31,35394.78,11594.59,1645132539,DRIP/ADA_1.0,-1.9999999999998318e-06,45645.84999999963,98.77999999999884,900.0
0.119342,287599.51,34322.72,21730.39,1645132539,REVU/ADA_0.3,7.000000000007001e-06,-8.35999999998603,1.0,900.0
49.444592,665.0,32880.65,6266.15,1645132539,unsi…en/ADA_1.0,0.0,0.0,0.0,900.0
0.005154,5757663.0,29679.82,519.35,1645132539,BDOGE/ADA_1.0,0.0,0.0,0.0,900.0
0.000851,33491967.69,28518.89,30.09,1645132539,MONET/ADA_0.3,0.0,0.0,0.0,900.0
0.129244,219936.9,28425.66,214.17,1645132539,MELD/ADA_1.0,0.0,0.0,0.0,900.0
0.016605,1702462.0,28269.73,2209.48,1645132539,QUID/ADA_0.3,3.500000000000031e-05,-1803.0,30.0,900.0
0.000745,27964362.0,20842.5,235.76,1645132539,RAG/ADA_1.0,1.5999999999999955e-05,-302124.0,225.0,900.0
26.244705,745.0,19552.3,1630.52,1645132539,XDIA…ND/ADA_1.0,0.0,0.0,0.0,900.0
0.104083,183460.82,19095.19,2449.24,1645132539,MINt/ADA_0.05,0.0,0.0,0.0,900.0
0.305036,59977.33,18295.25,1510.13,1645132539,MIN/ADA_0.05,0.0,0.0,0.0,900.0
0.138836,123932.0,17206.27,1347.26,1645132539,SKULL/ADA_1.0,0.0,0.0,0.0,900.0
0.000643,26682470.0,17162.43,3652.52,1645132539,KIDZ/ADA_0.3,0.0,0.0,0.0,900.0
0.409603,40995.0,16791.7,2666.73,1645132539,CDX/ADA_1.0,0.0,0.0,0.0,900.0
0.0,353198564484.0,16764.43,4380.92,1645132539,HOSKY/ADA_0.05,0.0,0.0,0.0,900.0
0.439846,37675.63,16571.5,4417.41,1645132539,CARGO/ADA_0.3,0.03299200000000002,-1495.5699999999997,634.5300000000007,900.0
0.011221,1389743.0,15595.6,5196.46,1645132539,GOKEY/ADA_0.3,0.0,0.0,0.0,900.0
0.032847,474709.0,15592.92,478.54,1645132539,cMETA/ADA_0.3,0.0,0.0,0.0,900.0
2.117409,6463.79,13686.49,1626.44,1645132539,DANA/ADA_0.3,0.0,0.0,0.0,900.0
0.0,15745841087.0,12902.35,834.07,1645132539,MEOW/ADA_0.3,0.0,0.0,0.0,900.0
0.849174,13355.9,11341.5,558.53,1645132539,WMT/ADA_1.0,0.0,0.0,0.0,900.0
0.109,97894.0,10670.52,0.0,1645132539,Card…rm/ADA_0.3,0.0,0.0,0.0,900.0
0.04938,195716.93,9664.52,90.85,1645132539,cbTHC/ADA_0.3,0.0,0.0,0.0,900.0
0.001187,8007922.0,9507.26,16.61,1645132539,FLANO/ADA_1.0,0.0,0.0,0.0,900.0
108.504182,87.35,9478.81,215.22,1645132539,LQ/ADA_0.05,0.0,0.0,0.0,900.0
0.760841,26167622.43,19909403.46,1140864.78,1645133440,SUNDAE/ADA_0.3,-0.00011099999999997223,2260.070000000298,-1183.109999999404,901.0
110.001278,156042.27,17164850.2,888304.2,1645133440,LQ/ADA_0.3,0.012540999999998803,-6.89000000001397,1199.960000000894,901.0
0.883979,15324211.5,13546289.18,844127.75,1645133440,WMT/ADA_0.3,5.499999999991623e-05,1382.929999999702,2058.0999999996275,901.0
0.131001,12790096.97,1675519.16,511484.31,1645133440,MELD/ADA_0.3,6.70000000000115e-05,-3228.9399999994785,434.5999999998603,901.0
0.095273,12745717.0,1214333.39,465108.05,1645133440,PAVIA/ADA_0.3,-8.900000000000574e-05,16419.0,435.13999999989755,901.0
0.147927,6529525.0,965897.15,114569.88,1645133440,XRAY/ADA_0.3,0.0,0.0,0.0,901.0
0.349755,2491840.0,871533.73,63473.97,1645133440,ADAX/ADA_0.3,0.0,-128.0,-45.01000000000931,901.0
2.030172,419298.09,851247.48,377068.92,1645133440,AADA/ADA_0.3,0.007495999999999725,-775.0499999999884,1575.4199999999255,901.0
1.553456,338177.02,525343.17,314121.38,1645133440,VYFI/ADA_0.3,0.0,400.5200000000186,622.1900000000605,901.0
5.714741,57453.0,328329.07,298235.13,1645133440,MILK/ADA_0.3,0.002048000000000272,23.0,249.0900000000256,901.0
0.027909,6323776.06,176491.91,55070.84,1645133440,CLAP/ADA_0.3,0.000896000000000001,-103765.05000000075,2858.5199999999895,901.0
0.099152,1778832.99,176376.42,63310.08,1645133440,MINt/ADA_0.3,-0.0001739999999999936,1587.1699999999255,-151.0799999999872,901.0
0.0,6835126744319.0,154464.71,438.0,1645133440,CHRLZ/ADA_0.3,0.0,0.0,0.0,901.0
2.093172,73440.52,153723.67,72873.11,1645133440,DANA/ADA_0.05,0.008160000000000167,-143.52999999999884,300.0,901.0
0.867273,146164.92,126764.95,2801.4,1645133440,WMT/ADA_0.05,0.0,171.9200000000128,149.09999999999127,901.0
0.004759,23148451.0,110186.4,8689.48,1645133440,RAVE/ADA_1.0,0.0,0.0,0.0,901.0
0.758378,138940.51,105369.53,5102.55,1645133440,SUNDAE/ADA_0.05,0.0,46.15000000002328,35.0,901.0
0.0,93473435281331.0,99852.57,10216.97,1645133440,BISON/ADA_0.3,0.0,-9333995611.0,10.0,901.0
2.8e-05,3472140735.16,98755.58,7870.2,1645133440,ASHIB/ADA_1.0,0.0,-348108.66000032425,10.0,901.0
0.03286,2725349.0,89555.48,6329.91,1645133440,FIRE/ADA_0.3,-0.00016700000000000048,6927.0,-227.52000000000407,901.0
0.309456,272644.32,84371.59,66260.12,1645133440,MIN/ADA_0.3,-0.0023139999999999827,1015.0,-314.33000000000175,901.0
0.0,1164580769832.0,59380.3,41335.15,1645133440,HOSKY/ADA_0.3,0.0,1326438126.0,-67.38999999999942,901.0
0.006464,8854743.0,57245.11,2227.64,1645133440,FLICK/ADA_0.3,0.0,0.0,0.0,901.0
0.089283,530327.0,47349.51,8310.72,1645133440,cNETA/ADA_0.3,0.0,0.0,0.0,901.0
0.011762,3444165.0,40512.19,2012.18,1645133440,CNFT/ADA_0.3,0.0,0.0,0.0,901.0
0.002761,12808981.31,35375.63,11613.74,1645133440,DRIP/ADA_1.0,-2.9999999999999645e-06,7000.0,-19.150000000001455,901.0
0.116193,291476.51,33867.54,22185.57,1645133440,REVU/ADA_0.3,-0.003148999999999999,3877.0,-455.1800000000003,901.0
49.444592,665.0,32880.65,6266.15,1645133440,unsi…en/ADA_1.0,0.0,0.0,0.0,901.0
0.005154,5757663.0,29679.82,519.35,1645133440,BDOGE/ADA_1.0,0.0,0.0,0.0,901.0
0.000851,33491967.69,28518.89,30.09,1645133440,MONET/ADA_0.3,0.0,0.0,0.0,901.0
0.129244,219936.9,28425.66,214.17,1645133440,MELD/ADA_1.0,0.0,0.0,0.0,901.0
0.016605,1702462.0,28269.73,2209.48,1645133440,QUID/ADA_0.3,0.0,0.0,0.0,901.0
0.000745,27976106.0,20851.25,235.76,1645133440,RAG/ADA_1.0,0.0,11744.0,8.75,901.0
26.244705,745.0,19552.3,1630.52,1645133440,XDIA…ND/ADA_1.0,0.0,0.0,0.0,901.0
0.104083,183460.82,19095.19,2449.24,1645133440,MINt/ADA_0.05,0.0,0.0,0.0,901.0
0.305036,59977.33,18295.25,1510.13,1645133440,MIN/ADA_0.05,0.0,0.0,0.0,901.0
0.138836,123932.0,17206.27,1347.26,1645133440,SKULL/ADA_1.0,0.0,0.0,0.0,901.0
0.000643,26682470.0,17162.43,3652.52,1645133440,KIDZ/ADA_0.3,0.0,0.0,0.0,901.0
0.409603,40995.0,16791.7,2666.73,1645133440,CDX/ADA_1.0,0.0,0.0,0.0,901.0
0.0,353198564484.0,16764.43,4380.92,1645133440,HOSKY/ADA_0.05,0.0,0.0,0.0,901.0
0.439846,37675.63,16571.5,4417.41,1645133440,CARGO/ADA_0.3,0.0,0.0,0.0,901.0
0.011221,1389743.0,15595.6,5196.46,1645133440,GOKEY/ADA_0.3,0.0,0.0,0.0,901.0
0.032847,474709.0,15592.92,478.54,1645133440,cMETA/ADA_0.3,0.0,0.0,0.0,901.0
2.117409,6463.79,13686.49,1626.44,1645133440,DANA/ADA_0.3,0.0,0.0,0.0,901.0
0.0,15745841087.0,12902.35,834.07,1645133440,MEOW/ADA_0.3,0.0,0.0,0.0,901.0
0.849174,13355.9,11341.5,558.53,1645133440,WMT/ADA_1.0,0.0,0.0,0.0,901.0
0.109,97894.0,10670.52,0.0,1645133440,Card…rm/ADA_0.3,0.0,0.0,0.0,901.0
0.04938,195716.93,9664.52,90.85,1645133440,cbTHC/ADA_0.3,0.0,0.0,0.0,901.0
0.001187,8007922.0,9507.26,16.61,1645133440,FLANO/ADA_1.0,0.0,0.0,0.0,901.0
108.504182,87.35,9478.81,215.22,1645133440,LQ/ADA_0.05,0.0,0.0,0.0,901.0
0.760854,26167486.19,19909657.81,1141806.04,1645134340,SUNDAE/ADA_0.3,1.3000000000040757e-05,-136.23999999836087,254.34999999776483,899.0
110.021921,156032.39,17166984.16,891022.17,1645134340,LQ/ADA_0.3,0.02064300000000685,-9.879999999975553,2133.960000000894,899.0
0.88424,15328234.62,13553840.7,846133.65,1645134340,WMT/ADA_0.3,0.00026100000000006673,4023.1199999991804,7551.519999999553,899.0
0.131026,12789134.58,1675721.59,511649.3,1645134340,MELD/ADA_0.3,2.4999999999997247e-05,-962.390000000596,202.43000000016764,899.0
0.096931,12843726.0,1244963.19,476954.59,1645134340,PAVIA/ADA_0.3,0.0016580000000000067,98009.0,30629.800000000047,899.0
0.147927,6529525.0,965897.15,114569.88,1645134340,XRAY/ADA_0.3,0.0,0.0,0.0,899.0
0.349755,2491840.0,871533.73,63473.97,1645134340,ADAX/ADA_0.3,0.0,0.0,0.0,899.0
2.031106,419197.74,851435.1,377265.5,1645134340,AADA/ADA_0.3,0.0009339999999999904,-100.35000000003492,187.61999999999534,899.0
1.553456,338177.02,525343.17,314121.38,1645134340,VYFI/ADA_0.3,0.0,0.0,0.0,899.0
5.400567,59103.0,319189.72,316513.83,1645134340,MILK/ADA_0.3,-0.3141740000000004,1650.0,-9139.350000000035,899.0
0.027981,6315690.26,176720.29,55589.49,1645134340,CLAP/ADA_0.3,7.199999999999915e-05,-8085.799999999814,228.38000000000466,899.0
0.099175,1779631.91,176495.57,63330.14,1645134340,MINt/ADA_0.3,2.2999999999995246e-05,798.9199999999255,119.14999999999418,899.0
0.0,6835126744319.0,154464.71,438.0,1645134340,CHRLZ/ADA_0.3,0.0,0.0,0.0,899.0
2.095895,73392.8,153823.67,72973.16,1645134340,DANA/ADA_0.05,0.002723000000000031,-47.720000000001164,100.0,899.0
0.867273,146164.92,126764.95,2801.4,1645134340,WMT/ADA_0.05,0.0,0.0,0.0,899.0
0.004759,23148451.0,110186.4,8689.48,1645134340,RAVE/ADA_1.0,0.0,0.0,0.0,899.0
0.758378,138940.51,105369.53,5102.55,1645134340,SUNDAE/ADA_0.05,0.0,0.0,0.0,899.0
0.0,93473435281331.0,99852.57,10216.97,1645134340,BISON/ADA_0.3,0.0,0.0,0.0,899.0
2.8e-05,3472140735.16,98755.58,7870.2,1645134340,ASHIB/ADA_1.0,0.0,0.0,0.0,899.0
0.03286,2725349.0,89555.48,6329.91,1645134340,FIRE/ADA_0.3,0.0,0.0,0.0,899.0
0.312393,271361.68,84771.59,66661.32,1645134340,MIN/ADA_0.3,0.0029369999999999674,-1282.640000000014,400.0,899.0
0.0,1129327803393.0,61239.54,43199.96,1645134340,HOSKY/ADA_0.3,0.0,-35252966439.0,1859.239999999998,899.0
0.006464,8854743.0,57245.11,2227.64,1645134340,FLICK/ADA_0.3,0.0,0.0,0.0,899.0
0.089283,530327.0,47349.51,8310.72,1645134340,cNETA/ADA_0.3,0.0,0.0,0.0,899.0
0.011762,3444165.0,40512.19,2012.18,1645134340,CNFT/ADA_0.3,0.0,0.0,0.0,899.0
0.002761,12808981.31,35375.63,11613.74,1645134340,DRIP/ADA_1.0,0.0,0.0,0.0,899.0
0.116193,291476.51,33867.54,22185.57,1645134340,REVU/ADA_0.3,0.0,0.0,0.0,899.0
49.444592,665.0,32880.65,6266.15,1645134340,unsi…en/ADA_1.0,0.0,0.0,0.0,899.0
0.005154,5757663.0,29679.82,519.35,1645134340,BDOGE/ADA_1.0,0.0,0.0,0.0,899.0
0.000851,33491967.69,28518.89,30.09,1645134340,MONET/ADA_0.3,0.0,0.0,0.0,899.0
0.129244,219936.9,28425.66,214.17,1645134340,MELD/ADA_1.0,0.0,0.0,0.0,899.0
0.016628,1701263.0,28289.73,2229.54,1645134340,QUID/ADA_0.3,2.2999999999998716e-05,-1199.0,20.0,899.0
0.000745,27976106.0,20851.25,235.76,1645134340,RAG/ADA_1.0,0.0,0.0,0.0,899.0
26.244705,745.0,19552.3,1630.52,1645134340,XDIA…ND/ADA_1.0,0.0,0.0,0.0,899.0
0.104083,183460.82,19095.19,2449.24,1645134340,MINt/ADA_0.05,0.0,0.0,0.0,899.0
0.305036,59977.33,18295.25,1510.13,1645134340,MIN/ADA_0.05,0.0,0.0,0.0,899.0
0.138836,123932.0,17206.27,1347.26,1645134340,SKULL/ADA_1.0,0.0,0.0,0.0,899.0
0.000644,26651506.0,17182.43,3672.58,1645134340,KIDZ/ADA_0.3,1.0000000000000243e-06,-30964.0,20.0,899.0
0.409603,40995.0,16791.7,2666.73,1645134340,CDX/ADA_1.0,0.0,0.0,0.0,899.0
0.0,353198564484.0,16764.43,4380.92,1645134340,HOSKY/ADA_0.05,0.0,0.0,0.0,899.0
0.439846,37675.63,16571.5,4417.41,1645134340,CARGO/ADA_0.3,0.0,0.0,0.0,899.0
0.011221,1389743.0,15595.6,5196.46,1645134340,GOKEY/ADA_0.3,0.0,0.0,0.0,899.0
0.032847,474709.0,15592.92,478.54,1645134340,cMETA/ADA_0.3,0.0,0.0,0.0,899.0
2.117409,6463.79,13686.49,1626.44,1645134340,DANA/ADA_0.3,0.0,0.0,0.0,899.0
0.0,15845841087.0,12821.17,915.25,1645134340,MEOW/ADA_0.3,0.0,100000000.0,-81.18000000000029,899.0
0.849174,13355.9,11341.5,558.53,1645134340,WMT/ADA_1.0,0.0,0.0,0.0,899.0
0.109,97894.0,10670.52,0.0,1645134340,Card…rm/ADA_0.3,0.0,0.0,0.0,899.0
0.04938,195716.93,9664.52,90.85,1645134340,cbTHC/ADA_0.3,0.0,0.0,0.0,899.0
0.001187,8007922.0,9507.26,16.61,1645134340,FLANO/ADA_1.0,0.0,0.0,0.0,899.0
108.504182,87.35,9478.81,215.22,1645134340,LQ/ADA_0.05,0.0,0.0,0.0,899.0
0.760128,26180036.81,19900181.84,1156399.69,1645135241,SUNDAE/ADA_0.3,-0.0007260000000000044,12550.619999997318,-9475.969999998808,900.0
110.016416,156045.02,17167514.24,891690.97,1645135241,LQ/ADA_0.3,-0.005504999999999427,12.629999999975553,530.0799999982119,900.0
0.884461,15326718.61,13555894.96,847838.75,1645135241,WMT/ADA_0.3,0.00022100000000002673,-1516.0099999997765,2054.260000001639,900.0
0.131024,12789374.84,1675716.43,511667.59,1645135241,MELD/ADA_0.3,-2.000000000002e-06,240.25999999977648,-5.160000000149012,900.0
0.099259,12692466.0,1259847.75,492877.59,1645135241,PAVIA/ADA_0.3,0.0023279999999999967,-151260.0,14884.560000000056,900.0
0.147927,6529459.0,965887.33,114569.88,1645135241,XRAY/ADA_0.3,0.0,-66.0,-9.820000000065193,900.0
0.349755,2491840.0,871533.73,63473.97,1645135241,ADAX/ADA_0.3,0.0,0.0,0.0,900.0
2.028927,419423.2,850979.09,377821.67,1645135241,AADA/ADA_0.3,-0.002178999999999931,225.46000000002095,-456.0100000000093,900.0
1.554708,338041.02,525555.16,314334.01,1645135241,VYFI/ADA_0.3,0.0012520000000000309,-136.0,211.9899999999907,900.0
5.475029,58701.0,321389.72,318720.43,1645135241,MILK/ADA_0.3,0.07446200000000047,-402.0,2200.0,900.0
0.027936,6320696.27,176580.75,55729.03,1645135241,CLAP/ADA_0.3,-4.49999999999999e-05,5006.0099999997765,-139.54000000000815,900.0
0.099247,1778998.09,176561.22,64257.03,1645135241,MINt/ADA_0.3,7.200000000000262e-05,-633.8199999998324,65.64999999999418,900.0
0.0,6835126744319.0,154464.71,438.0,1645135241,CHRLZ/ADA_0.3,0.0,0.0,0.0,900.0
2.095895,73392.8,153823.67,72973.16,1645135241,DANA/ADA_0.05,0.0,0.0,0.0,900.0
0.867273,146164.92,126764.95,2801.4,1645135241,WMT/ADA_0.05,0.0,0.0,0.0,900.0
0.004766,23132863.0,110261.4,8765.23,1645135241,RAVE/ADA_1.0,7.000000000000062e-06,-15588.0,75.0,900.0
0.758378,141440.51,107265.47,5102.55,1645135241,SUNDAE/ADA_0.05,0.0,2500.0,1895.9400000000023,900.0
0.0,93473435281331.0,99852.57,10216.97,1645135241,BISON/ADA_0.3,0.0,0.0,0.0,900.0
2.8e-05,3472142735.16,98755.64,7870.2,1645135241,ASHIB/ADA_1.0,0.0,2000.0,0.059999999997671694,900.0
0.03286,2725349.0,89555.48,6329.91,1645135241,FIRE/ADA_0.3,0.0,0.0,0.0,900.0
0.311006,271966.95,84583.49,66849.42,1645135241,MIN/ADA_0.3,-0.0013869999999999716,605.2700000000186,-188.09999999999127,900.0
0.0,1136269245199.0,61615.95,43199.96,1645135241,HOSKY/ADA_0.3,0.0,6941441806.0,376.4099999999962,900.0
0.006464,8854743.0,57245.11,2227.64,1645135241,FLICK/ADA_0.3,0.0,0.0,0.0,900.0
0.089283,530327.0,47349.51,8310.72,1645135241,cNETA/ADA_0.3,0.0,0.0,0.0,900.0
0.011762,3444165.0,40512.19,2012.18,1645135241,CNFT/ADA_0.3,0.0,0.0,0.0,900.0
0.00276,12812981.31,35364.69,11624.67,1645135241,DRIP/ADA_1.0,-1.0000000000001327e-06,4000.0,-10.939999999995052,900.0
0.116193,291476.51,33867.54,22185.57,1645135241,REVU/ADA_0.3,0.0,0.0,0.0,900.0
49.444592,665.0,32880.65,6266.15,1645135241,unsi…en/ADA_1.0,0.0,0.0,0.0,900.0
0.005154,5757663.0,29679.82,519.35,1645135241,BDOGE/ADA_1.0,0.0,0.0,0.0,900.0
0.000851,33491967.69,28518.89,30.09,1645135241,MONET/ADA_0.3,0.0,0.0,0.0,900.0
0.129244,219936.9,28425.66,214.17,1645135241,MELD/ADA_1.0,0.0,0.0,0.0,900.0
0.016648,1700267.0,28306.36,2246.22,1645135241,QUID/ADA_0.3,1.9999999999999185e-05,-996.0,16.63000000000102,900.0
0.000745,27976106.0,20851.25,235.76,1645135241,RAG/ADA_1.0,0.0,0.0,0.0,900.0
26.244705,745.0,19552.3,1630.52,1645135241,XDIA…ND/ADA_1.0,0.0,0.0,0.0,900.0
0.104083,183460.82,19095.19,2449.24,1645135241,MINt/ADA_0.05,0.0,0.0,0.0,900.0
0.305036,59977.33,18295.25,1510.13,1645135241,MIN/ADA_0.05,0.0,0.0,0.0,900.0
0.138836,123932.0,17206.27,1347.26,1645135241,SKULL/ADA_1.0,0.0,0.0,0.0,900.0
0.000644,26651506.0,17182.43,3672.58,1645135241,KIDZ/ADA_0.3,0.0,0.0,0.0,900.0
0.409603,40995.0,16791.7,2666.73,1645135241,CDX/ADA_1.0,0.0,0.0,0.0,900.0
0.0,353198564484.0,16764.43,4380.92,1645135241,HOSKY/ADA_0.05,0.0,0.0,0.0,900.0
0.439846,37675.63,16571.5,4417.41,1645135241,CARGO/ADA_0.3,0.0,0.0,0.0,900.0
0.011221,1389743.0,15595.6,5196.46,1645135241,GOKEY/ADA_0.3,0.0,0.0,0.0,900.0
0.032847,474709.0,15592.92,478.54,1645135241,cMETA/ADA_0.3,0.0,0.0,0.0,900.0
2.117409,6463.79,13686.49,1626.44,1645135241,DANA/ADA_0.3,0.0,0.0,0.0,900.0
0.0,15845841087.0,12821.17,915.25,1645135241,MEOW/ADA_0.3,0.0,0.0,0.0,900.0
0.849174,13355.9,11341.5,558.53,1645135241,WMT/ADA_1.0,0.0,0.0,0.0,900.0
0.109,97894.0,10670.52,0.0,1645135241,Card…rm/ADA_0.3,0.0,0.0,0.0,900.0
0.04938,195716.93,9664.52,90.85,1645135241,cbTHC/ADA_0.3,0.0,0.0,0.0,900.0
0.001187,8007922.0,9507.26,16.61,1645135241,FLANO/ADA_1.0,0.0,0.0,0.0,900.0
108.504182,87.35,9478.81,215.22,1645135241,LQ/ADA_0.05,0.0,0.0,0.0,900.0
0.760622,26172517.65,19907407.72,1162900.6,1645136141,SUNDAE/ADA_0.3,0.0004939999999999944,-7519.160000000149,7225.879999998957,899.0
110.023839,156046.62,17168848.27,829150.01,1645136141,LQ/ADA_0.3,0.007422999999988633,1.6000000000058208,1334.030000001192,899.0
0.885076,15321400.29,13560614.59,838446.84,1645136141,WMT/ADA_0.3,0.0006149999999999212,-5318.320000000298,4719.629999998957,899.0
0.130987,12791307.5,1675495.19,497059.75,1645136141,MELD/ADA_0.3,-3.700000000000925e-05,1932.660000000149,-221.2399999999907,899.0
0.100048,12637401.0,1264347.19,494943.32,1645136141,PAVIA/ADA_0.3,0.000788999999999998,-55065.0,4499.439999999944,899.0
0.147955,6528853.0,965977.33,114444.23,1645136141,XRAY/ADA_0.3,2.8000000000000247e-05,-606.0,90.0,899.0
0.35021,2490222.0,872101.93,62439.07,1645136141,ADAX/ADA_0.3,0.0004550000000000387,-1618.0,568.2000000000698,899.0
2.029412,419373.15,851080.96,356563.56,1645136141,AADA/ADA_0.3,0.00048500000000029075,-50.04999999998836,101.86999999999534,899.0
1.55655,337841.18,525866.97,313720.79,1645136141,VYFI/ADA_0.3,0.0018420000000001213,-199.8400000000256,311.80999999993946,899.0
5.548993,58310.0,323561.78,319081.23,1645136141,MILK/ADA_0.3,0.07396400000000014,-391.0,2172.060000000056,899.0
0.027968,6317129.53,176680.75,55829.33,1645136141,CLAP/ADA_0.3,3.200000000000078e-05,-3566.739999999292,100.0,899.0
0.099247,1778998.09,176561.22,63563.88,1645136141,MINt/ADA_0.3,0.0,0.0,0.0,899.0
0.0,6835126744319.0,154464.71,438.0,1645136141,CHRLZ/ADA_0.3,0.0,0.0,0.0,899.0
2.095895,73392.8,153823.67,71864.86,1645136141,DANA/ADA_0.05,0.0,0.0,0.0,899.0
0.867273,146164.92,126764.95,1400.7,1645136141,WMT/ADA_0.05,0.0,0.0,0.0,899.0
0.00477,23122483.0,110311.4,8582.35,1645136141,RAVE/ADA_1.0,3.9999999999996635e-06,-10380.0,50.0,899.0
0.758378,141658.27,107430.62,5102.55,1645136141,SUNDAE/ADA_0.05,0.0,217.7599999999802,165.14999999999418,899.0
0.0,93473435281331.0,99852.57,10216.97,1645136141,BISON/ADA_0.3,0.0,0.0,0.0,899.0
2.8e-05,3472142735.16,98755.64,7870.2,1645136141,ASHIB/ADA_1.0,0.0,0.0,0.0,899.0
0.03286,2725349.0,89555.48,5099.23,1645136141,FIRE/ADA_0.3,0.0,0.0,0.0,899.0
0.311006,271966.95,84583.49,66688.94,1645136141,MIN/ADA_0.3,0.0,0.0,0.0,899.0
0.0,1147349010181.0,61022.7,42426.77,1645136141,HOSKY/ADA_0.3,0.0,11079764982.0,-593.25,899.0
0.006464,8854743.0,57245.11,2227.64,1645136141,FLICK/ADA_0.3,0.0,0.0,0.0,899.0
0.089283,530327.0,47349.51,8310.72,1645136141,cNETA/ADA_0.3,0.0,0.0,0.0,899.0
0.011762,3444165.0,40512.19,1989.58,1645136141,CNFT/ADA_0.3,0.0,0.0,0.0,899.0
0.00276,12812981.31,35364.69,11566.14,1645136141,DRIP/ADA_1.0,0.0,0.0,0.0,899.0
0.116193,291476.51,33867.54,21684.07,1645136141,REVU/ADA_0.3,0.0,0.0,0.0,899.0
49.444592,665.0,32880.65,6266.15,1645136141,unsi…en/ADA_1.0,0.0,0.0,0.0,899.0
0.005154,5757663.0,29679.82,519.35,1645136141,BDOGE/ADA_1.0,0.0,0.0,0.0,899.0
0.000851,33491967.69,28518.89,30.09,1645136141,MONET/ADA_0.3,0.0,0.0,0.0,899.0
0.129244,219936.9,28425.66,214.17,1645136141,MELD/ADA_1.0,0.0,0.0,0.0,899.0
0.016647,1700306.0,28305.72,2246.87,1645136141,QUID/ADA_0.3,-1.000000000001e-06,39.0,-0.6399999999994179,899.0
0.000745,27976106.0,20851.25,235.76,1645136141,RAG/ADA_1.0,0.0,0.0,0.0,899.0
26.421747,743.0,19631.35,1710.36,1645136141,XDIA…ND/ADA_1.0,0.17704200000000014,-2.0,79.04999999999927,899.0
0.104083,183460.82,19095.19,2449.24,1645136141,MINt/ADA_0.05,0.0,0.0,0.0,899.0
0.305036,59977.33,18295.25,1510.13,1645136141,MIN/ADA_0.05,0.0,0.0,0.0,899.0
0.0,337291999660.0,17555.43,5172.32,1645136141,HOSKY/ADA_0.05,0.0,-15906564824.0,791.0,899.0
0.138836,123932.0,17206.27,1347.26,1645136141,SKULL/ADA_1.0,0.0,0.0,0.0,899.0
0.000644,26651506.0,17182.43,3672.58,1645136141,KIDZ/ADA_0.3,0.0,0.0,0.0,899.0
0.409603,40995.0,16791.7,2666.73,1645136141,CDX/ADA_1.0,0.0,0.0,0.0,899.0
0.439846,37675.63,16571.5,4417.41,1645136141,CARGO/ADA_0.3,0.0,0.0,0.0,899.0
0.011221,1389743.0,15595.6,5196.46,1645136141,GOKEY/ADA_0.3,0.0,0.0,0.0,899.0
0.032847,474709.0,15592.92,478.54,1645136141,cMETA/ADA_0.3,0.0,0.0,0.0,899.0
2.117409,6463.79,13686.49,1626.44,1645136141,DANA/ADA_0.3,0.0,0.0,0.0,899.0
0.0,15845841087.0,12821.17,915.25,1645136141,MEOW/ADA_0.3,0.0,0.0,0.0,899.0
0.849174,13355.9,11341.5,558.53,1645136141,WMT/ADA_1.0,0.0,0.0,0.0,899.0
0.109,97894.0,10670.52,0.0,1645136141,Card…rm/ADA_0.3,0.0,0.0,0.0,899.0
0.04938,195716.93,9664.52,90.85,1645136141,cbTHC/ADA_0.3,0.0,0.0,0.0,899.0
0.001187,8007922.0,9507.26,16.61,1645136141,FLANO/ADA_1.0,0.0,0.0,0.0,899.0
108.504182,87.35,9478.81,215.22,1645136141,LQ/ADA_0.05,0.0,0.0,0.0,899.0
0.760643,26172928.36,19908259.3,1163171.41,1645137042,SUNDAE/ADA_0.3,2.0999999999937735e-05,410.71000000089407,851.5800000019372,900.0
110.215885,155915.17,17184328.92,844195.01,1645137042,LQ/ADA_0.3,0.19204600000000482,-131.44999999998254,15480.650000002235,900.0
0.88509,15330606.5,13568972.94,838552.39,1645137042,WMT/ADA_0.3,1.4000000000069512e-05,9206.210000000894,8358.349999999627,900.0
0.131061,12787877.55,1675992.59,497535.28,1645137042,MELD/ADA_0.3,7.40000000000185e-05,-3429.949999999255,497.4000000001397,900.0
0.099737,12657067.0,1262388.59,496901.92,1645137042,PAVIA/ADA_0.3,-0.00031099999999999184,19666.0,-1958.5999999998603,900.0
0.147955,6530543.0,966227.33,114444.23,1645137042,XRAY/ADA_0.3,0.0,1690.0,250.0,900.0
0.35021,2490222.0,872101.93,62439.07,1645137042,ADAX/ADA_0.3,0.0,0.0,0.0,900.0
2.02541,419789.32,850245.73,359401.79,1645137042,AADA/ADA_0.3,-0.004002000000000283,416.1699999999837,-835.2299999999814,900.0
1.55655,337841.18,525866.97,313720.79,1645137042,VYFI/ADA_0.3,0.0,0.0,0.0,900.0
5.603822,58025.0,325161.78,320686.03,1645137042,MILK/ADA_0.3,0.054828999999999795,-285.0,1600.0,900.0
0.027978,6316060.29,176710.75,55859.42,1645137042,CLAP/ADA_0.3,9.999999999999593e-06,-1069.2400000002235,30.0,900.0
0.099258,1778897.63,176571.22,63573.91,1645137042,MINt/ADA_0.3,1.0999999999997123e-05,-100.46000000019558,10.0,900.0
0.0,6835126744319.0,154464.71,438.0,1645137042,CHRLZ/ADA_0.3,0.0,0.0,0.0,900.0
2.095895,73362.61,153760.41,71864.86,1645137042,DANA/ADA_0.05,0.0,-30.19000000000233,-63.26000000000931,900.0
0.867273,146164.92,126764.95,1400.7,1645137042,WMT/ADA_0.05,0.0,0.0,0.0,900.0
0.00477,23122483.0,110311.4,8582.35,1645137042,RAVE/ADA_1.0,0.0,0.0,0.0,900.0
0.758378,141658.27,107430.62,5102.55,1645137042,SUNDAE/ADA_0.05,0.0,0.0,0.0,900.0
0.0,93473435281331.0,99852.57,10216.97,1645137042,BISON/ADA_0.3,0.0,0.0,0.0,900.0
2.8e-05,3471447727.88,98775.66,7890.4,1645137042,ASHIB/ADA_1.0,0.0,-695007.279999733,20.020000000004075,900.0
0.03286,2725349.0,89555.48,5099.23,1645137042,FIRE/ADA_0.3,0.0,0.0,0.0,900.0
0.311439,271777.95,84642.49,66748.11,1645137042,MIN/ADA_0.3,0.0004330000000000167,-189.0,59.0,900.0
0.0,1163255575005.0,60190.73,43258.74,1645137042,HOSKY/ADA_0.3,0.0,15906564824.0,-831.9699999999939,900.0
0.006271,8990292.0,56384.56,3088.19,1645137042,FLICK/ADA_0.3,-0.00019300000000000046,135549.0,-860.5500000000029,900.0
0.089283,530327.0,47349.51,8310.72,1645137042,cNETA/ADA_0.3,0.0,0.0,0.0,900.0
0.011762,3444165.0,40512.19,1989.58,1645137042,CNFT/ADA_0.3,0.0,0.0,0.0,900.0
0.00276,12812981.31,35364.69,11566.14,1645137042,DRIP/ADA_1.0,0.0,0.0,0.0,900.0
0.116193,291476.51,33867.54,21684.07,1645137042,REVU/ADA_0.3,0.0,0.0,0.0,900.0
49.444592,665.0,32880.65,6266.15,1645137042,unsi…en/ADA_1.0,0.0,0.0,0.0,900.0
0.005154,5757663.0,29679.82,519.35,1645137042,BDOGE/ADA_1.0,0.0,0.0,0.0,900.0
0.000851,33491967.69,28518.89,30.09,1645137042,MONET/ADA_0.3,0.0,0.0,0.0,900.0
0.129244,219936.9,28425.66,214.17,1645137042,MELD/ADA_1.0,0.0,0.0,0.0,900.0
0.016647,1700306.0,28305.72,2246.87,1645137042,QUID/ADA_0.3,0.0,0.0,0.0,900.0
0.000745,27976106.0,20851.25,235.76,1645137042,RAG/ADA_1.0,0.0,0.0,0.0,900.0
26.421747,743.0,19631.35,1710.36,1645137042,XDIA…ND/ADA_1.0,0.0,0.0,0.0,900.0
0.104083,183460.82,19095.19,2449.24,1645137042,MINt/ADA_0.05,0.0,0.0,0.0,900.0
0.305036,59977.33,18295.25,1510.13,1645137042,MIN/ADA_0.05,0.0,0.0,0.0,900.0
0.0,337291999660.0,17555.43,5172.32,1645137042,HOSKY/ADA_0.05,0.0,0.0,0.0,900.0
0.138836,123932.0,17206.27,1347.26,1645137042,SKULL/ADA_1.0,0.0,0.0,0.0,900.0
0.000645,26641507.0,17188.9,3679.07,1645137042,KIDZ/ADA_0.3,9.999999999999159e-07,-9999.0,6.470000000001164,900.0
0.409603,40995.0,16791.7,2666.73,1645137042,CDX/ADA_1.0,0.0,0.0,0.0,900.0
0.439846,37675.63,16571.5,4417.41,1645137042,CARGO/ADA_0.3,0.0,0.0,0.0,900.0
0.011221,1389743.0,15595.6,5196.46,1645137042,GOKEY/ADA_0.3,0.0,0.0,0.0,900.0
0.032847,474709.0,15592.92,478.54,1645137042,cMETA/ADA_0.3,0.0,0.0,0.0,900.0
2.117409,6463.79,13686.49,1626.44,1645137042,DANA/ADA_0.3,0.0,0.0,0.0,900.0
0.0,15845841087.0,12821.17,915.25,1645137042,MEOW/ADA_0.3,0.0,0.0,0.0,900.0
0.849174,13355.9,11341.5,558.53,1645137042,WMT/ADA_1.0,0.0,0.0,0.0,900.0
0.109,97894.0,10670.52,0.0,1645137042,Card…rm/ADA_0.3,0.0,0.0,0.0,900.0
0.04938,195716.93,9664.52,90.85,1645137042,cbTHC/ADA_0.3,0.0,0.0,0.0,900.0
108.504182,87.74,9520.95,215.22,1645137042,LQ/ADA_0.05,0.0,0.39000000000000057,42.14000000000124,900.0
0.001187,8007922.0,9507.26,16.61,1645137042,FLANO/ADA_1.0,0.0,0.0,0.0,900.0
0.760707,26171835.87,19909118.93,1164020.55,1645137939,SUNDAE/ADA_0.3,6.4000000000064e-05,-1092.4899999983609,859.6299999989569,897.0
110.197021,155937.06,17183799.65,845803.48,1645137939,LQ/ADA_0.3,-0.018863999999993553,21.889999999984866,-529.2700000032783,897.0
0.88509,15331005.04,13569325.68,838552.39,1645137939,WMT/ADA_0.3,0.0,398.53999999910593,352.7400000002235,897.0
0.130756,12793914.78,1672884.43,499505.07,1645137939,MELD/ADA_0.3,-0.0003049999999999997,6037.229999998584,-3108.160000000149,897.0
0.099649,12662676.0,1261832.34,497858.78,1645137939,PAVIA/ADA_0.3,-8.800000000000474e-05,5609.0,-556.25,897.0
0.147955,6530543.0,966227.33,114444.23,1645137939,XRAY/ADA_0.3,0.0,0.0,0.0,897.0
0.35021,2490222.0,872101.93,62439.07,1645137939,ADAX/ADA_0.3,0.0,0.0,0.0,897.0
2.02541,419789.32,850245.73,359401.79,1645137939,AADA/ADA_0.3,0.0,0.0,0.0,897.0
1.55655,337841.18,525866.97,313720.79,1645137939,VYFI/ADA_0.3,0.0,0.0,0.0,897.0
5.603822,58025.0,325161.78,320686.03,1645137939,MILK/ADA_0.3,0.0,0.0,0.0,897.0
0.028346,6274907.97,177873.14,57025.31,1645137939,CLAP/ADA_0.3,0.00036800000000000027,-41152.3200000003,1162.390000000014,897.0
0.099343,1778144.63,176646.22,63649.14,1645137939,MINt/ADA_0.3,8.500000000000174e-05,-753.0,75.0,897.0
0.0,6835126744319.0,154464.71,438.0,1645137939,CHRLZ/ADA_0.3,0.0,0.0,0.0,897.0
2.098622,73314.95,153860.41,71964.91,1645137939,DANA/ADA_0.05,0.002727000000000146,-47.66000000000349,100.0,897.0
0.867273,146052.92,126667.81,1400.7,1645137939,WMT/ADA_0.05,0.0,-112.0,-97.13999999999942,897.0
0.00477,23122483.0,110311.4,8582.35,1645137939,RAVE/ADA_1.0,0.0,0.0,0.0,897.0
0.758378,141467.68,107286.08,5102.55,1645137939,SUNDAE/ADA_0.05,0.0,-190.5899999999965,-144.5399999999936,897.0
0.0,93481440281331.0,99844.04,10225.5,1645137939,BISON/ADA_0.3,0.0,8005000000.0,-8.530000000013388,897.0
2.8e-05,3471447727.88,98775.66,7890.4,1645137939,ASHIB/ADA_1.0,0.0,0.0,0.0,897.0
0.03286,2725349.0,89555.48,5099.23,1645137939,FIRE/ADA_0.3,0.0,0.0,0.0,897.0
0.311439,271777.95,84642.49,66748.11,1645137939,MIN/ADA_0.3,0.0,0.0,0.0,897.0
0.0,1157427418089.0,60494.73,43563.65,1645137939,HOSKY/ADA_0.3,0.0,-5828156916.0,304.0,897.0
0.006271,8990292.0,56384.56,3088.19,1645137939,FLICK/ADA_0.3,0.0,0.0,0.0,897.0
0.089283,530327.0,47349.51,8310.72,1645137939,cNETA/ADA_0.3,0.0,0.0,0.0,897.0
0.011762,3444165.0,40512.19,1989.58,1645137939,CNFT/ADA_0.3,0.0,0.0,0.0,897.0
0.002759,12813981.31,35361.96,11568.87,1645137939,DRIP/ADA_1.0,-9.99999999999699e-07,1000.0,-2.7300000000032014,897.0
0.116147,291533.58,33860.93,21690.68,1645137939,REVU/ADA_0.3,-4.600000000000437e-05,57.070000000006985,-6.610000000000582,897.0
49.444592,665.0,32880.65,6266.15,1645137939,unsi…en/ADA_1.0,0.0,0.0,0.0,897.0
0.005154,5757663.0,29679.82,519.35,1645137939,BDOGE/ADA_1.0,0.0,0.0,0.0,897.0
0.000851,33491967.69,28518.89,30.09,1645137939,MONET/ADA_0.3,0.0,0.0,0.0,897.0
0.129244,219936.9,28425.66,214.17,1645137939,MELD/ADA_1.0,0.0,0.0,0.0,897.0
0.016647,1700306.0,28305.72,2246.87,1645137939,QUID/ADA_0.3,0.0,0.0,0.0,897.0
0.000745,27976106.0,20851.25,235.76,1645137939,RAG/ADA_1.0,0.0,0.0,0.0,897.0
26.421747,743.0,19631.35,1710.36,1645137939,XDIA…ND/ADA_1.0,0.0,0.0,0.0,897.0
0.104083,183460.82,19095.19,2449.24,1645137939,MINt/ADA_0.05,0.0,0.0,0.0,897.0
0.305036,59977.33,18295.25,1510.13,1645137939,MIN/ADA_0.05,0.0,0.0,0.0,897.0
0.0,337291999660.0,17555.43,5172.32,1645137939,HOSKY/ADA_0.05,0.0,0.0,0.0,897.0
0.43045,39995.0,17215.85,3095.13,1645137939,CDX/ADA_1.0,0.020847000000000004,-1000.0,424.1499999999978,897.0
0.138836,123932.0,17206.27,1347.26,1645137939,SKULL/ADA_1.0,0.0,0.0,0.0,897.0
0.000645,26641507.0,17188.9,3679.07,1645137939,KIDZ/ADA_0.3,0.0,0.0,0.0,897.0
0.439846,37675.63,16571.5,4417.41,1645137939,CARGO/ADA_0.3,0.0,0.0,0.0,897.0
0.011221,1389743.0,15595.6,5196.46,1645137939,GOKEY/ADA_0.3,0.0,0.0,0.0,897.0
0.032847,474709.0,15592.92,478.54,1645137939,cMETA/ADA_0.3,0.0,0.0,0.0,897.0
2.117409,6463.79,13686.49,1626.44,1645137939,DANA/ADA_0.3,0.0,0.0,0.0,897.0
0.0,15845841087.0,12821.17,915.25,1645137939,MEOW/ADA_0.3,0.0,0.0,0.0,897.0
0.849174,13355.9,11341.5,558.53,1645137939,WMT/ADA_1.0,0.0,0.0,0.0,897.0
0.109,97894.0,10670.52,0.0,1645137939,Card…rm/ADA_0.3,0.0,0.0,0.0,897.0
0.04938,195716.93,9664.52,90.85,1645137939,cbTHC/ADA_0.3,0.0,0.0,0.0,897.0
108.504182,87.74,9520.95,215.22,1645137939,LQ/ADA_0.05,0.0,0.0,0.0,897.0
0.001187,8007922.0,9507.26,16.61,1645137939,FLANO/ADA_1.0,0.0,0.0,0.0,897.0
0.760911,26168357.53,19911804.56,1169361.53,1645138839,SUNDAE/ADA_0.3,0.00020399999999998197,-3478.339999999851,2685.629999998957,899.0
110.197021,155937.06,17183799.65,743794.0,1645138839,LQ/ADA_0.3,0.0,0.0,0.0,899.0
0.884855,15341846.41,13575312.57,804317.95,1645138839,WMT/ADA_0.3,-0.00023500000000009624,10841.370000001043,5986.890000000596,899.0
0.130642,12799509.41,1672159.09,474381.02,1645138839,MELD/ADA_0.3,-0.00011400000000000299,5594.63000000082,-725.339999999851,899.0
0.099221,12689109.0,1259036.81,485250.9,1645138839,PAVIA/ADA_0.3,-0.0004279999999999978,26433.0,-2795.530000000028,899.0
0.147985,6530045.0,966353.22,114250.16,1645138839,XRAY/ADA_0.3,3.0000000000002247e-05,-498.0,125.89000000001397,899.0
0.35021,2490222.0,872101.93,61890.49,1645138839,ADAX/ADA_0.3,0.0,0.0,0.0,899.0
2.02754,419569.35,850694.06,346789.54,1645138839,AADA/ADA_0.3,0.0021300000000001873,-219.97000000003027,448.3300000000745,899.0
1.553137,338213.13,525291.58,312636.9,1645138839,VYFI/ADA_0.3,-0.0034130000000001104,371.95000000001164,-575.390000000014,899.0
5.64068,57836.0,326234.37,319338.32,1645138839,MILK/ADA_0.3,0.03685799999999961,-189.0,1072.5899999999674,899.0
0.028414,6267383.74,178087.33,57238.13,1645138839,CLAP/ADA_0.3,6.799999999999862e-05,-7524.229999999516,214.18999999997322,899.0
0.099683,1775108.94,176949.22,63551.85,1645138839,MINt/ADA_0.3,0.0003399999999999931,-3035.689999999944,303.0,899.0
2.120414,72937.33,154657.41,67720.69,1645138839,DANA/ADA_0.05,0.02179199999999959,-377.61999999999534,797.0,899.0
0.0,6835126744319.0,154464.71,438.0,1645138839,CHRLZ/ADA_0.3,0.0,0.0,0.0,899.0
0.867273,146052.92,126667.81,1400.7,1645138839,WMT/ADA_0.05,0.0,0.0,0.0,899.0
0.00477,23122483.0,110311.4,8169.25,1645138839,RAVE/ADA_1.0,0.0,0.0,0.0,899.0
0.758378,141561.94,107357.57,5102.55,1645138839,SUNDAE/ADA_0.05,0.0,94.26000000000931,71.49000000000524,899.0
0.0,93481440281331.0,99844.04,10225.5,1645138839,BISON/ADA_0.3,0.0,0.0,0.0,899.0
2.8e-05,3470752000.99,98795.66,7870.2,1645138839,ASHIB/ADA_1.0,0.0,-695726.8900003433,20.0,899.0
0.033671,2692379.0,90655.48,6202.53,1645138839,FIRE/ADA_0.3,0.0008109999999999992,-32970.0,1100.0,899.0
0.308598,273027.95,84256.13,65515.57,1645138839,MIN/ADA_0.3,-0.002841000000000038,1250.0,-386.3600000000006,899.0
0.0,1147526836947.0,61018.24,43985.19,1645138839,HOSKY/ADA_0.3,0.0,-9900581142.0,523.5099999999948,899.0
0.006271,8990292.0,56384.56,3088.19,1645138839,FLICK/ADA_0.3,0.0,0.0,0.0,899.0
0.089283,530327.0,47349.51,7768.24,1645138839,cNETA/ADA_0.3,0.0,0.0,0.0,899.0
0.011762,3444165.0,40512.19,1989.58,1645138839,CNFT/ADA_0.3,0.0,0.0,0.0,899.0
0.002803,12708890.52,35628.77,11814.64,1645138839,DRIP/ADA_1.0,4.399999999999977e-05,-105090.79000000097,266.8099999999977,899.0
0.116147,291533.58,33860.93,21690.68,1645138839,REVU/ADA_0.3,0.0,0.0,0.0,899.0
45.943205,690.0,31700.81,7445.99,1645138839,unsi…en/ADA_1.0,-3.501387000000001,25.0,-1179.8400000000001,899.0
0.005154,5757663.0,29679.82,519.35,1645138839,BDOGE/ADA_1.0,0.0,0.0,0.0,899.0
0.000851,33491967.69,28518.89,30.09,1645138839,MONET/ADA_0.3,0.0,0.0,0.0,899.0
0.129244,219936.9,28425.66,214.17,1645138839,MELD/ADA_1.0,0.0,0.0,0.0,899.0
0.016647,1700306.0,28305.72,2246.87,1645138839,QUID/ADA_0.3,0.0,0.0,0.0,899.0
0.000745,27976106.0,20851.25,235.76,1645138839,RAG/ADA_1.0,0.0,0.0,0.0,899.0
26.600465,741.0,19710.94,1791.23,1645138839,XDIA…ND/ADA_1.0,0.17871799999999993,-2.0,79.59000000000015,899.0
0.104083,183460.82,19095.19,2449.24,1645138839,MINt/ADA_0.05,0.0,0.0,0.0,899.0
0.305036,59977.33,18295.25,1510.13,1645138839,MIN/ADA_0.05,0.0,0.0,0.0,899.0
0.0,337291999660.0,17555.43,5172.32,1645138839,HOSKY/ADA_0.05,0.0,0.0,0.0,899.0
0.43045,39995.0,17215.85,3095.13,1645138839,CDX/ADA_1.0,0.0,0.0,0.0,899.0
0.138836,123932.0,17206.27,1347.26,1645138839,SKULL/ADA_1.0,0.0,0.0,0.0,899.0
0.000645,26641507.0,17188.9,3679.07,1645138839,KIDZ/ADA_0.3,0.0,0.0,0.0,899.0
0.439846,37675.63,16571.5,4317.11,1645138839,CARGO/ADA_0.3,0.0,0.0,0.0,899.0
0.011221,1389743.0,15595.6,4386.22,1645138839,GOKEY/ADA_0.3,0.0,0.0,0.0,899.0
0.032847,474709.0,15592.92,478.54,1645138839,cMETA/ADA_0.3,0.0,0.0,0.0,899.0
2.117409,6463.79,13686.49,1626.44,1645138839,DANA/ADA_0.3,0.0,0.0,0.0,899.0
0.0,15845841087.0,12821.17,915.25,1645138839,MEOW/ADA_0.3,0.0,0.0,0.0,899.0
0.849174,13355.9,11341.5,558.53,1645138839,WMT/ADA_1.0,0.0,0.0,0.0,899.0
0.109,97894.0,10670.52,0.0,1645138839,Card…rm/ADA_0.3,0.0,0.0,0.0,899.0
0.04938,195716.93,9664.52,90.85,1645138839,cbTHC/ADA_0.3,0.0,0.0,0.0,899.0
108.504182,87.74,9520.95,0.0,1645138839,LQ/ADA_0.05,0.0,0.0,0.0,899.0
0.001187,8007922.0,9507.26,16.61,1645138839,FLANO/ADA_1.0,0.0,0.0,0.0,899.0
0.760918,26168382.12,19912003.0,1169542.07,1645139740,SUNDAE/ADA_0.3,6.999999999979245e-06,24.58999999985099,198.4400000013411,901.0
111.519079,155145.85,17301722.95,850600.2,1645139740,LQ/ADA_0.3,1.3220579999999984,-791.2099999999919,117923.30000000075,901.0
0.885438,15336903.25,13579891.08,809503.49,1645139740,WMT/ADA_0.3,0.0005830000000000002,-4943.160000000149,4578.5099999997765,901.0
0.130642,12799738.84,1672189.06,474381.02,1645139740,MELD/ADA_0.3,0.0,229.42999999970198,29.96999999997206,901.0
0.099226,12690111.0,1259196.09,485306.07,1645139740,PAVIA/ADA_0.3,4.999999999991123e-06,1002.0,159.28000000002794,901.0
0.141423,6680045.0,944717.46,157521.68,1645139740,XRAY/ADA_0.3,-0.006562000000000012,150000.0,-21635.76000000001,901.0
0.350127,2490519.0,871998.24,61994.18,1645139740,ADAX/ADA_0.3,-8.299999999999974e-05,297.0,-103.69000000006054,901.0
2.027592,419564.06,850704.82,346800.34,1645139740,AADA/ADA_0.3,5.199999999971894e-05,-5.289999999979045,10.759999999892898,901.0
1.554909,338020.66,525591.58,313238.7,1645139740,VYFI/ADA_0.3,0.0017720000000001068,-192.47000000003027,300.0,901.0
5.791698,57079.0,330584.37,323701.37,1645139740,MILK/ADA_0.3,0.15101800000000054,-757.0,4350.0,901.0
0.029633,6137314.73,181872.97,61035.13,1645139740,CLAP/ADA_0.3,0.0012190000000000013,-130069.00999999978,3785.640000000014,901.0
0.101946,1754381.27,178852.65,65557.85,1645139740,MINt/ADA_0.3,0.002263000000000001,-20727.669999999925,1903.429999999993,901.0
2.11649,73004.95,154514.32,68077.86,1645139740,DANA/ADA_0.05,-0.0039239999999995945,67.61999999999534,-143.0899999999965,901.0
0.0,6835126744319.0,154464.71,438.0,1645139740,CHRLZ/ADA_0.3,0.0,0.0,0.0,901.0
0.867273,146052.92,126667.81,1400.7,1645139740,WMT/ADA_0.05,0.0,0.0,0.0,901.0
0.00477,23122483.0,110311.4,8169.25,1645139740,RAVE/ADA_1.0,0.0,0.0,0.0,901.0
0.758378,141572.45,107365.53,5102.55,1645139740,SUNDAE/ADA_0.05,0.0,10.510000000009313,7.959999999991851,901.0
0.0,93481440281331.0,99844.04,10225.5,1645139740,BISON/ADA_0.3,0.0,0.0,0.0,901.0
2.8e-05,3470753000.19,98795.69,7870.2,1645139740,ASHIB/ADA_1.0,0.0,999.2000002861023,0.029999999998835847,901.0
0.033069,2716782.0,89843.61,7014.4,1645139740,FIRE/ADA_0.3,-0.0006019999999999984,24403.0,-811.8699999999953,901.0
0.308598,273027.95,84256.13,65515.57,1645139740,MIN/ADA_0.3,0.0,0.0,0.0,901.0
0.0,1148032595553.0,60991.44,44011.99,1645139740,HOSKY/ADA_0.3,0.0,505758606.0,-26.799999999995634,901.0
0.006271,8990292.0,56384.56,3088.19,1645139740,FLICK/ADA_0.3,0.0,0.0,0.0,901.0
0.089283,530273.0,47344.67,7768.24,1645139740,cNETA/ADA_0.3,0.0,-54.0,-4.8400000000037835,901.0
0.011762,3444165.0,40512.19,1989.58,1645139740,CNFT/ADA_0.3,0.0,0.0,0.0,901.0
0.002799,12716890.52,35606.58,11836.83,1645139740,DRIP/ADA_1.0,-4.000000000000097e-06,8000.0,-22.189999999995052,901.0
0.116147,291533.58,33860.93,21690.68,1645139740,REVU/ADA_0.3,0.0,0.0,0.0,901.0
46.081757,689.0,31750.33,7496.0,1645139740,unsi…en/ADA_1.0,0.13855200000000423,-1.0,49.52000000000044,901.0
0.005154,5757663.0,29679.82,519.35,1645139740,BDOGE/ADA_1.0,0.0,0.0,0.0,901.0
0.000851,33491967.69,28518.89,30.09,1645139740,MONET/ADA_0.3,0.0,0.0,0.0,901.0
0.129244,219936.9,28425.66,214.17,1645139740,MELD/ADA_1.0,0.0,0.0,0.0,901.0
0.016647,1700306.0,28305.72,2246.87,1645139740,QUID/ADA_0.3,0.0,0.0,0.0,901.0
0.000745,27976106.0,20851.25,243.36,1645139740,RAG/ADA_1.0,0.0,0.0,0.0,901.0
26.600465,741.0,19710.94,1791.23,1645139740,XDIA…ND/ADA_1.0,0.0,0.0,0.0,901.0
0.104083,183460.82,19095.19,2449.24,1645139740,MINt/ADA_0.05,0.0,0.0,0.0,901.0
0.305036,59977.33,18295.25,1510.13,1645139740,MIN/ADA_0.05,0.0,0.0,0.0,901.0
0.0,337291999660.0,17555.43,5172.32,1645139740,HOSKY/ADA_0.05,0.0,0.0,0.0,901.0
0.00065,26541507.0,17253.86,3744.23,1645139740,KIDZ/ADA_0.3,5.000000000000013e-06,-100000.0,64.95999999999913,901.0
0.43045,39995.0,17215.85,3095.13,1645139740,CDX/ADA_1.0,0.0,0.0,0.0,901.0
0.138836,123932.0,17206.27,1347.26,1645139740,SKULL/ADA_1.0,0.0,0.0,0.0,901.0
0.439846,37675.63,16571.5,4317.11,1645139740,CARGO/ADA_0.3,0.0,0.0,0.0,901.0
0.011221,1389743.0,15595.6,4386.22,1645139740,GOKEY/ADA_0.3,0.0,0.0,0.0,901.0
0.032847,474709.0,15592.92,478.54,1645139740,cMETA/ADA_0.3,0.0,0.0,0.0,901.0
2.117409,6463.79,13686.49,1626.44,1645139740,DANA/ADA_0.3,0.0,0.0,0.0,901.0
0.0,15845841087.0,12821.17,915.25,1645139740,MEOW/ADA_0.3,0.0,0.0,0.0,901.0
0.849174,13355.9,11341.5,558.53,1645139740,WMT/ADA_1.0,0.0,0.0,0.0,901.0
0.109,97894.0,10670.52,0.0,1645139740,Card…rm/ADA_0.3,0.0,0.0,0.0,901.0
0.04938,195716.93,9664.52,90.85,1645139740,cbTHC/ADA_0.3,0.0,0.0,0.0,901.0
108.504182,87.74,9520.95,0.0,1645139740,LQ/ADA_0.05,0.0,0.0,0.0,901.0
0.001187,8007922.0,9507.26,16.61,1645139740,FLANO/ADA_1.0,0.0,0.0,0.0,901.0
0.760945,26168590.14,19912862.25,1169894.12,1645140640,SUNDAE/ADA_0.3,2.6999999999999247e-05,208.01999999955297,859.25,899.0
111.524035,156040.23,17402236.13,851006.41,1645140640,LQ/ADA_0.3,0.004955999999992855,894.3800000000047,100513.1799999997,899.0
0.885438,15327409.91,13571485.31,815923.27,1645140640,WMT/ADA_0.3,0.0,-9493.339999999851,-8405.769999999553,899.0
0.131497,12759400.46,1677828.47,479906.24,1645140640,MELD/ADA_0.3,0.0008549999999999947,-40338.37999999896,5639.409999999916,899.0
0.099628,12704680.0,1265747.45,487865.08,1645140640,PAVIA/ADA_0.3,0.0004019999999999996,14569.0,6551.35999999987,899.0
0.141449,6679436.0,944803.97,157608.45,1645140640,XRAY/ADA_0.3,2.5999999999998247e-05,-609.0,86.51000000000931,899.0
0.350127,2490519.0,871998.24,61994.18,1645140640,ADAX/ADA_0.3,0.0,0.0,0.0,899.0
2.032435,419089.05,851771.5,347850.95,1645140640,AADA/ADA_0.3,0.004843000000000153,-475.0100000000093,1066.6800000000512,899.0
1.554736,338041.29,525565.24,315164.87,1645140640,VYFI/ADA_0.3,-0.00017300000000020077,20.630000000004657,-26.339999999967404,899.0
5.805623,57011.0,330984.37,324102.57,1645140640,MILK/ADA_0.3,0.013924999999999521,-68.0,400.0,899.0
0.029566,6144362.24,181664.99,61243.11,1645140640,CLAP/ADA_0.3,-6.700000000000109e-05,7047.5099999997765,-207.98000000001048,899.0
0.102151,1752622.69,179032.65,65738.39,1645140640,MINt/ADA_0.3,0.00020500000000001073,-1758.5800000000745,180.0,899.0
2.119817,72947.67,154635.72,68199.32,1645140640,DANA/ADA_0.05,0.003326999999999636,-57.279999999998836,121.39999999999418,899.0
0.0,6834685596227.0,154474.71,448.03,1645140640,CHRLZ/ADA_0.3,0.0,-441148092.0,10.0,899.0
0.867273,146052.92,126667.81,1400.7,1645140640,WMT/ADA_0.05,0.0,0.0,0.0,899.0
0.00477,23163344.0,110506.34,8169.25,1645140640,RAVE/ADA_1.0,0.0,40861.0,194.94000000000233,899.0
0.758378,141586.23,107375.99,5102.55,1645140640,SUNDAE/ADA_0.05,0.0,13.779999999998836,10.460000000006403,899.0
0.0,93481440281331.0,99844.04,10225.5,1645140640,BISON/ADA_0.3,0.0,0.0,0.0,899.0
2.8e-05,3470753000.19,98795.69,7870.2,1645140640,ASHIB/ADA_1.0,0.0,0.0,0.0,899.0
0.033069,2716782.0,89843.61,7014.4,1645140640,FIRE/ADA_0.3,0.0,0.0,0.0,899.0
0.308598,273027.95,84256.13,65515.57,1645140640,MIN/ADA_0.3,0.0,0.0,0.0,899.0
0.0,1187740911583.0,58958.97,46272.57,1645140640,HOSKY/ADA_0.3,0.0,39708316030.0,-2032.4700000000012,899.0
0.006271,8990292.0,56384.56,3088.19,1645140640,FLICK/ADA_0.3,0.0,0.0,0.0,899.0
0.089283,530273.0,47344.67,7768.24,1645140640,cNETA/ADA_0.3,0.0,0.0,0.0,899.0
0.011762,3444165.0,40512.19,1989.58,1645140640,CNFT/ADA_0.3,0.0,0.0,0.0,899.0
0.002799,12716890.52,35606.58,11836.83,1645140640,DRIP/ADA_1.0,0.0,0.0,0.0,899.0
0.116147,291533.58,33860.93,21690.68,1645140640,REVU/ADA_0.3,0.0,0.0,0.0,899.0
46.081757,689.0,31750.33,7496.0,1645140640,unsi…en/ADA_1.0,0.0,0.0,0.0,899.0
0.005154,5757663.0,29679.82,519.35,1645140640,BDOGE/ADA_1.0,0.0,0.0,0.0,899.0
0.000851,33491967.69,28518.89,30.09,1645140640,MONET/ADA_0.3,0.0,0.0,0.0,899.0
0.129244,219936.9,28425.66,214.17,1645140640,MELD/ADA_1.0,0.0,0.0,0.0,899.0
0.016647,1700306.0,28305.72,2246.87,1645140640,QUID/ADA_0.3,0.0,0.0,0.0,899.0
0.439846,49043.22,21571.5,4317.11,1645140640,CARGO/ADA_0.3,0.0,11367.590000000004,5000.0,899.0
0.000745,27966106.0,20858.79,243.36,1645140640,RAG/ADA_1.0,0.0,-10000.0,7.540000000000873,899.0
26.600465,741.0,19710.94,1791.23,1645140640,XDIA…ND/ADA_1.0,0.0,0.0,0.0,899.0
0.104083,183460.82,19095.19,2759.91,1645140640,MINt/ADA_0.05,0.0,0.0,0.0,899.0
0.305036,59977.33,18295.25,1510.13,1645140640,MIN/ADA_0.05,0.0,0.0,0.0,899.0
0.0,337291999660.0,17555.43,5172.32,1645140640,HOSKY/ADA_0.05,0.0,0.0,0.0,899.0
0.00065,26541507.0,17253.86,3744.23,1645140640,KIDZ/ADA_0.3,0.0,0.0,0.0,899.0
0.43045,39995.0,17215.85,3095.13,1645140640,CDX/ADA_1.0,0.0,0.0,0.0,899.0
0.138836,123932.0,17206.27,1347.26,1645140640,SKULL/ADA_1.0,0.0,0.0,0.0,899.0
0.011221,1389743.0,15595.6,4386.22,1645140640,GOKEY/ADA_0.3,0.0,0.0,0.0,899.0
0.032847,474709.0,15592.92,478.54,1645140640,cMETA/ADA_0.3,0.0,0.0,0.0,899.0
2.117409,6463.79,13686.49,1626.44,1645140640,DANA/ADA_0.3,0.0,0.0,0.0,899.0
0.0,15845841087.0,12821.17,915.25,1645140640,MEOW/ADA_0.3,0.0,0.0,0.0,899.0
0.849174,13355.9,11341.5,558.53,1645140640,WMT/ADA_1.0,0.0,0.0,0.0,899.0
0.109,97894.0,10670.52,0.0,1645140640,Card…rm/ADA_0.3,0.0,0.0,0.0,899.0
0.04938,195716.93,9664.52,90.85,1645140640,cbTHC/ADA_0.3,0.0,0.0,0.0,899.0
108.504182,87.74,9520.95,0.0,1645140640,LQ/ADA_0.05,0.0,0.0,0.0,899.0
0.001187,8007922.0,9507.26,16.61,1645140640,FLANO/ADA_1.0,0.0,0.0,0.0,899.0
0.760961,26168572.17,19913277.93,1170109.76,1645141541,SUNDAE/ADA_0.3,1.6000000000016e-05,-17.969999998807907,415.679999999702,901.0
111.524291,156176.75,17417502.18,851026.47,1645141541,LQ/ADA_0.3,0.00025600000000736145,136.51999999998952,15266.050000000745,901.0
0.885134,15334569.24,13573156.65,816013.54,1645141541,WMT/ADA_0.3,-0.00030399999999997096,7159.3300000000745,1671.339999999851,901.0
0.131622,12753337.82,1678628.47,480708.64,1645141541,MELD/ADA_0.3,0.00012499999999998623,-6062.640000000596,800.0,901.0
0.099752,12696812.0,1266535.52,489080.02,1645141541,PAVIA/ADA_0.3,0.0001239999999999991,-7868.0,788.0700000000652,901.0
0.141449,6679436.0,944803.97,157608.45,1645141541,XRAY/ADA_0.3,0.0,0.0,0.0,901.0
0.350127,2490519.0,871998.24,61994.18,1645141541,ADAX/ADA_0.3,0.0,0.0,0.0,901.0
2.03258,419173.84,852004.76,347850.95,1645141541,AADA/ADA_0.3,0.0001449999999998397,84.79000000003725,233.2600000000093,901.0
1.556948,337801.5,525939.53,315555.78,1645141541,VYFI/ADA_0.3,0.0022120000000001028,-239.78999999997905,374.29000000003725,901.0
5.804055,57019.0,330941.45,324546.1,1645141541,MILK/ADA_0.3,-0.0015679999999997918,8.0,-42.9199999999837,901.0
0.029281,6174228.4,180788.86,62119.24,1645141541,CLAP/ADA_0.3,-0.00028499999999999706,29866.16000000015,-876.1300000000047,901.0
0.102151,1752622.69,179032.65,65738.39,1645141541,MINt/ADA_0.3,0.0,0.0,0.0,901.0
0.0,6834685596227.0,154474.71,448.03,1645141541,CHRLZ/ADA_0.3,0.0,0.0,0.0,901.0
2.080038,73642.07,153178.32,69656.72,1645141541,DANA/ADA_0.05,-0.03977899999999979,694.4000000000087,-1457.3999999999942,901.0
0.867273,145993.0,126615.85,1400.7,1645141541,WMT/ADA_0.05,0.0,-59.920000000012806,-51.95999999999185,901.0
0.004776,23148828.0,110576.34,8239.95,1645141541,RAVE/ADA_1.0,5.999999999999929e-06,-14516.0,70.0,901.0
0.758378,139086.23,105480.04,5102.55,1645141541,SUNDAE/ADA_0.05,0.0,-2500.0,-1895.9500000000116,901.0
0.0,93481440281331.0,99844.04,10225.5,1645141541,BISON/ADA_0.3,0.0,0.0,0.0,901.0
2.8e-05,3470753000.19,98795.69,7870.2,1645141541,ASHIB/ADA_1.0,0.0,0.0,0.0,901.0
0.032892,2724100.0,89602.98,7255.03,1645141541,FIRE/ADA_0.3,-0.00017700000000000354,7318.0,-240.63000000000466,901.0
0.309734,272527.95,84411.18,65671.08,1645141541,MIN/ADA_0.3,0.0011360000000000259,-500.0,155.04999999998836,901.0
0.0,1184567995089.0,59117.37,46431.44,1645141541,HOSKY/ADA_0.3,0.0,-3172916494.0,158.40000000000146,901.0
0.006271,8990292.0,56384.56,3088.19,1645141541,FLICK/ADA_0.3,0.0,0.0,0.0,901.0
0.089283,530273.0,47344.67,7768.24,1645141541,cNETA/ADA_0.3,0.0,0.0,0.0,901.0
0.011762,3444165.0,40512.19,1989.58,1645141541,CNFT/ADA_0.3,0.0,0.0,0.0,901.0
0.002844,12616882.58,35891.66,12124.77,1645141541,DRIP/ADA_1.0,4.5000000000000335e-05,-100007.93999999948,285.08000000000175,901.0
0.116147,291533.58,33860.93,21690.68,1645141541,REVU/ADA_0.3,0.0,0.0,0.0,901.0
46.081757,689.0,31750.33,7496.0,1645141541,unsi…en/ADA_1.0,0.0,0.0,0.0,901.0
0.005154,5757663.0,29679.82,519.35,1645141541,BDOGE/ADA_1.0,0.0,0.0,0.0,901.0
0.000851,33491967.69,28518.89,30.09,1645141541,MONET/ADA_0.3,0.0,0.0,0.0,901.0
0.129244,219936.9,28425.66,214.17,1645141541,MELD/ADA_1.0,0.0,0.0,0.0,901.0
0.016647,1700306.0,28305.72,2246.87,1645141541,QUID/ADA_0.3,0.0,0.0,0.0,901.0
0.439846,49043.22,21571.5,4317.11,1645141541,CARGO/ADA_0.3,0.0,0.0,0.0,901.0
0.000745,27966106.0,20858.79,243.36,1645141541,RAG/ADA_1.0,0.0,0.0,0.0,901.0
26.600465,741.0,19710.94,1791.23,1645141541,XDIA…ND/ADA_1.0,0.0,0.0,0.0,901.0
0.100723,186496.52,18784.52,2759.91,1645141541,MINt/ADA_0.05,-0.003360000000000002,3035.6999999999825,-310.66999999999825,901.0
0.305036,59977.33,18295.25,1510.13,1645141541,MIN/ADA_0.05,0.0,0.0,0.0,901.0
0.0,337291999660.0,17555.43,5172.32,1645141541,HOSKY/ADA_0.05,0.0,0.0,0.0,901.0
0.00065,26541507.0,17253.86,3744.23,1645141541,KIDZ/ADA_0.3,0.0,0.0,0.0,901.0
0.43045,39995.0,17215.85,3095.13,1645141541,CDX/ADA_1.0,0.0,0.0,0.0,901.0
0.138836,123932.0,17206.27,1347.26,1645141541,SKULL/ADA_1.0,0.0,0.0,0.0,901.0
0.011221,1389743.0,15595.6,4386.22,1645141541,GOKEY/ADA_0.3,0.0,0.0,0.0,901.0
0.032847,474709.0,15592.92,478.54,1645141541,cMETA/ADA_0.3,0.0,0.0,0.0,901.0
2.117409,6463.79,13686.49,1626.44,1645141541,DANA/ADA_0.3,0.0,0.0,0.0,901.0
0.0,15845841087.0,12821.17,915.25,1645141541,MEOW/ADA_0.3,0.0,0.0,0.0,901.0
0.849174,13355.9,11341.5,558.53,1645141541,WMT/ADA_1.0,0.0,0.0,0.0,901.0
0.109,97894.0,10670.52,0.0,1645141541,Card…rm/ADA_0.3,0.0,0.0,0.0,901.0
0.04938,195716.93,9664.52,90.85,1645141541,cbTHC/ADA_0.3,0.0,0.0,0.0,901.0
108.504182,87.74,9520.95,0.0,1645141541,LQ/ADA_0.05,0.0,0.0,0.0,901.0
0.001187,8007922.0,9507.26,16.61,1645141541,FLANO/ADA_1.0,0.0,0.0,0.0,901.0
0.760961,26169213.08,19913762.19,0.0,1645142441,SUNDAE/ADA_0.3,0.0,640.9099999964237,484.2600000016391,899.0
111.524291,156176.75,17417502.18,0.0,1645142441,LQ/ADA_0.3,0.0,0.0,0.0,899.0
0.88513,15335905.66,13574283.52,0.0,1645142441,WMT/ADA_0.3,-4.000000000004e-06,1336.4199999999255,1126.8699999991804,899.0
0.130606,12836524.9,1676531.7,0.0,1645142441,MELD/ADA_0.3,-0.0010159999999999891,83187.08000000007,-2096.7700000000186,899.0
0.099767,12695813.0,1266635.52,0.0,1645142441,PAVIA/ADA_0.3,1.5000000000001124e-05,-999.0,100.0,899.0
0.141449,6679436.0,944803.97,0.0,1645142441,XRAY/ADA_0.3,0.0,0.0,0.0,899.0
0.350127,2490519.0,871998.24,0.0,1645142441,ADAX/ADA_0.3,0.0,0.0,0.0,899.0
2.03258,419173.84,852004.76,0.0,1645142441,AADA/ADA_0.3,0.0,0.0,0.0,899.0
1.549739,338587.42,524722.4,0.0,1645142441,VYFI/ADA_0.3,-0.007209000000000021,785.9199999999837,-1217.1300000000047,899.0
5.804055,57019.0,330941.45,0.0,1645142441,MILK/ADA_0.3,0.0,0.0,0.0,899.0
0.105598,1723823.72,182032.65,0.0,1645142441,MINt/ADA_0.3,0.0034469999999999917,-28798.969999999972,3000.0,899.0
0.029281,6184228.4,181081.67,0.0,1645142441,CLAP/ADA_0.3,0.0,10000.0,292.8100000000268,899.0
0.0,6834685596227.0,154474.71,0.0,1645142441,CHRLZ/ADA_0.3,0.0,0.0,0.0,899.0
2.068996,73838.37,152771.3,0.0,1645142441,DANA/ADA_0.05,-0.011042000000000218,196.29999999998836,-407.0200000000186,899.0
0.867273,146004.53,126625.85,1400.7,1645142441,WMT/ADA_0.05,0.0,11.529999999998836,10.0,899.0
0.004776,23148828.0,110576.34,0.0,1645142441,RAVE/ADA_1.0,0.0,0.0,0.0,899.0
0.758378,139086.23,105480.04,0.0,1645142441,SUNDAE/ADA_0.05,0.0,0.0,0.0,899.0
0.0,93481440281331.0,99844.04,0.0,1645142441,BISON/ADA_0.3,0.0,0.0,0.0,899.0
2.8e-05,3470753000.19,98795.69,0.0,1645142441,ASHIB/ADA_1.0,0.0,0.0,0.0,899.0
0.032892,2724100.0,89602.98,0.0,1645142441,FIRE/ADA_0.3,0.0,0.0,0.0,899.0
0.309734,272527.95,84411.18,0.0,1645142441,MIN/ADA_0.3,0.0,0.0,0.0,899.0
0.006271,8990292.0,56384.56,0.0,1645142441,FLICK/ADA_0.3,0.0,0.0,0.0,899.0
0.0,1245514263829.0,56232.96,0.0,1645142441,HOSKY/ADA_0.3,0.0,60946268740.0,-2884.4100000000035,899.0
0.089283,530273.0,47344.67,0.0,1645142441,cNETA/ADA_0.3,0.0,0.0,0.0,899.0
0.011762,3444165.0,40512.19,0.0,1645142441,CNFT/ADA_0.3,0.0,0.0,0.0,899.0
0.002844,12616882.58,35891.66,0.0,1645142441,DRIP/ADA_1.0,0.0,0.0,0.0,899.0
0.116147,291533.58,33860.93,0.0,1645142441,REVU/ADA_0.3,0.0,0.0,0.0,899.0
46.081757,689.0,31750.33,0.0,1645142441,unsi…en/ADA_1.0,0.0,0.0,0.0,899.0
0.005154,5757663.0,29679.82,0.0,1645142441,BDOGE/ADA_1.0,0.0,0.0,0.0,899.0
0.000851,33491967.69,28518.89,0.0,1645142441,MONET/ADA_0.3,0.0,0.0,0.0,899.0
0.129244,219936.9,28425.66,0.0,1645142441,MELD/ADA_1.0,0.0,0.0,0.0,899.0
0.016647,1700306.0,28305.72,0.0,1645142441,QUID/ADA_0.3,0.0,0.0,0.0,899.0
0.439846,49043.22,21571.5,0.0,1645142441,CARGO/ADA_0.3,0.0,0.0,0.0,899.0
0.000745,27966106.0,20858.79,0.0,1645142441,RAG/ADA_1.0,0.0,0.0,0.0,899.0
26.600465,741.0,19710.94,0.0,1645142441,XDIA…ND/ADA_1.0,0.0,0.0,0.0,899.0
0.100723,186496.52,18784.52,0.0,1645142441,MINt/ADA_0.05,0.0,0.0,0.0,899.0
0.305036,59977.33,18295.25,0.0,1645142441,MIN/ADA_0.05,0.0,0.0,0.0,899.0
0.0,337291999660.0,17555.43,0.0,1645142441,HOSKY/ADA_0.05,0.0,0.0,0.0,899.0
0.141119,122931.0,17347.93,0.0,1645142441,SKULL/ADA_1.0,0.0022830000000000072,-1001.0,141.65999999999985,899.0
0.00065,26526180.0,17263.86,0.0,1645142441,KIDZ/ADA_0.3,0.0,-15327.0,10.0,899.0
0.43045,39995.0,17215.85,3036.14,1645142441,CDX/ADA_1.0,0.0,0.0,0.0,899.0
0.011221,1389743.0,15595.6,0.0,1645142441,GOKEY/ADA_0.3,0.0,0.0,0.0,899.0
0.032847,474709.0,15592.92,0.0,1645142441,cMETA/ADA_0.3,0.0,0.0,0.0,899.0
2.117409,6463.79,13686.49,0.0,1645142441,DANA/ADA_0.3,0.0,0.0,0.0,899.0
0.0,15845841087.0,12821.17,0.0,1645142441,MEOW/ADA_0.3,0.0,0.0,0.0,899.0
0.849174,13355.9,11341.5,0.0,1645142441,WMT/ADA_1.0,0.0,0.0,0.0,899.0
0.109,97894.0,10670.52,0.0,1645142441,Card…rm/ADA_0.3,0.0,0.0,0.0,899.0
0.04938,195716.93,9664.52,0.0,1645142441,cbTHC/ADA_0.3,0.0,0.0,0.0,899.0
108.504182,87.74,9520.95,0.0,1645142441,LQ/ADA_0.05,0.0,0.0,0.0,899.0
0.001187,8007922.0,9507.26,0.0,1645142441,FLANO/ADA_1.0,0.0,0.0,0.0,899.0
0.760961,26169394.83,19913900.49,1171553.87,1645143340,SUNDAE/ADA_0.3,0.0,181.75,138.29999999701977,899.0
111.53123,156171.9,17418044.89,821915.79,1645143340,LQ/ADA_0.3,0.006938999999988482,-4.850000000005821,542.7100000008941,899.0
0.873858,15436478.08,13489301.47,891468.65,1645143340,WMT/ADA_0.3,-0.011271999999999949,100572.41999999993,-84982.04999999888,899.0
0.130429,12845222.54,1675400.93,476391.39,1645143340,MELD/ADA_0.3,-0.00017700000000001048,8697.639999998733,-1130.7700000000186,899.0
0.099589,12707283.0,1265508.77,482893.5,1645143340,PAVIA/ADA_0.3,-0.0001779999999999976,11470.0,-1126.75,899.0
0.141449,6679436.0,944803.97,0.0,1645143340,XRAY/ADA_0.3,0.0,0.0,0.0,899.0
0.350127,2490519.0,871998.24,0.0,1645143340,ADAX/ADA_0.3,0.0,0.0,0.0,899.0
2.050073,417384.71,855669.25,348043.36,1645143340,AADA/ADA_0.3,0.01749299999999998,-1789.1300000000047,3664.4899999999907,899.0
1.540564,339595.67,523169.17,318275.83,1645143340,VYFI/ADA_0.3,-0.009174999999999933,1008.25,-1553.2300000000396,899.0
5.701161,57533.0,328004.89,316678.15,1645143340,MILK/ADA_0.3,-0.10289400000000004,514.0,-2936.5599999999977,899.0
0.105598,1723823.72,182032.65,0.0,1645143340,MINt/ADA_0.3,0.0,0.0,0.0,899.0
0.029281,6184228.4,181081.67,0.0,1645143340,CLAP/ADA_0.3,0.0,0.0,0.0,899.0
0.0,6834685596227.0,154474.71,0.0,1645143340,CHRLZ/ADA_0.3,0.0,0.0,0.0,899.0
2.055316,74083.74,152265.56,65273.89,1645143340,DANA/ADA_0.05,-0.013679999999999914,245.3700000000099,-505.7399999999907,899.0
0.867273,145903.48,126538.21,1400.7,1645143340,WMT/ADA_0.05,0.0,-101.04999999998836,-87.63999999999942,899.0
0.004776,23148828.0,110576.34,0.0,1645143340,RAVE/ADA_1.0,0.0,0.0,0.0,899.0
0.752817,139969.56,105371.55,5489.17,1645143340,SUNDAE/ADA_0.05,-0.005561000000000038,883.3299999999872,-108.48999999999069,899.0
0.0,93481428537381.0,99844.03,10135.23,1645143340,BISON/ADA_0.3,0.0,-11743950.0,-0.00999999999476131,899.0
2.8e-05,3470753000.19,98795.69,0.0,1645143340,ASHIB/ADA_1.0,0.0,0.0,0.0,899.0
0.032892,2724100.0,89602.98,0.0,1645143340,FIRE/ADA_0.3,0.0,0.0,0.0,899.0
0.309734,269468.0,83463.41,60333.84,1645143340,MIN/ADA_0.3,0.0,-3059.9500000000116,-947.7699999999895,899.0
0.0,1217335237004.0,57538.58,50624.4,1645143340,HOSKY/ADA_0.3,0.0,-28179026825.0,1305.6200000000026,899.0
0.006271,8990292.0,56384.56,0.0,1645143340,FLICK/ADA_0.3,0.0,0.0,0.0,899.0
0.089283,530273.0,47344.67,0.0,1645143340,cNETA/ADA_0.3,0.0,0.0,0.0,899.0
0.011762,3444165.0,40512.19,0.0,1645143340,CNFT/ADA_0.3,0.0,0.0,0.0,899.0
0.002842,12621882.58,35877.59,11791.12,1645143340,DRIP/ADA_1.0,-2.0000000000002655e-06,5000.0,-14.070000000006985,899.0
0.116284,291362.0,33880.93,21660.59,1645143340,REVU/ADA_0.3,0.00013699999999999823,-171.5800000000163,20.0,899.0
46.081757,689.0,31750.33,0.0,1645143340,unsi…en/ADA_1.0,0.0,0.0,0.0,899.0
0.005154,5757663.0,29679.82,0.0,1645143340,BDOGE/ADA_1.0,0.0,0.0,0.0,899.0
0.000851,33491967.69,28518.89,0.0,1645143340,MONET/ADA_0.3,0.0,0.0,0.0,899.0
0.129244,219936.9,28425.66,0.0,1645143340,MELD/ADA_1.0,0.0,0.0,0.0,899.0
0.016647,1700306.0,28305.72,0.0,1645143340,QUID/ADA_0.3,0.0,0.0,0.0,899.0
0.439846,49043.22,21571.5,0.0,1645143340,CARGO/ADA_0.3,0.0,0.0,0.0,899.0
0.000745,27966106.0,20858.79,0.0,1645143340,RAG/ADA_1.0,0.0,0.0,0.0,899.0
26.600465,741.0,19710.94,0.0,1645143340,XDIA…ND/ADA_1.0,0.0,0.0,0.0,899.0
0.100723,186496.52,18784.52,0.0,1645143340,MINt/ADA_0.05,0.0,0.0,0.0,899.0
0.305036,59977.33,18295.25,0.0,1645143340,MIN/ADA_0.05,0.0,0.0,0.0,899.0
0.0,337291999660.0,17555.43,0.0,1645143340,HOSKY/ADA_0.05,0.0,0.0,0.0,899.0
0.141119,122931.0,17347.93,0.0,1645143340,SKULL/ADA_1.0,0.0,0.0,0.0,899.0
0.000651,26515693.0,17270.71,3761.12,1645143340,KIDZ/ADA_0.3,1.0000000000000243e-06,-10487.0,6.849999999998545,899.0
0.422238,40384.0,17051.66,3036.14,1645143340,CDX/ADA_1.0,-0.008211999999999997,389.0,-164.1899999999987,899.0
0.011221,1389743.0,15595.6,0.0,1645143340,GOKEY/ADA_0.3,0.0,0.0,0.0,899.0
0.032847,474709.0,15592.92,0.0,1645143340,cMETA/ADA_0.3,0.0,0.0,0.0,899.0
2.117409,6463.79,13686.49,0.0,1645143340,DANA/ADA_0.3,0.0,0.0,0.0,899.0
0.0,15845841087.0,12821.17,0.0,1645143340,MEOW/ADA_0.3,0.0,0.0,0.0,899.0
0.849174,13355.9,11341.5,0.0,1645143340,WMT/ADA_1.0,0.0,0.0,0.0,899.0
0.109,97894.0,10670.52,0.0,1645143340,Card…rm/ADA_0.3,0.0,0.0,0.0,899.0
0.04938,195716.93,9664.52,0.0,1645143340,cbTHC/ADA_0.3,0.0,0.0,0.0,899.0
108.504182,87.74,9520.95,0.0,1645143340,LQ/ADA_0.05,0.0,0.0,0.0,899.0
0.001187,8007922.0,9507.26,0.0,1645143340,FLANO/ADA_1.0,0.0,0.0,0.0,899.0
0.761044,26168429.66,19915332.32,1172641.92,1645144239,SUNDAE/ADA_0.3,8.300000000005525e-05,-965.1699999980628,1431.8300000019372,899.0
111.552844,156156.83,17419739.45,826510.65,1645144239,LQ/ADA_0.3,0.021613999999999578,-15.070000000006985,1694.559999998659,899.0
0.874117,15438649.61,13495187.23,893471.87,1645144239,WMT/ADA_0.3,0.0002590000000000092,2171.5299999993294,5885.7599999997765,899.0
0.130341,12850504.6,1674960.02,478233.6,1645144239,MELD/ADA_0.3,-8.799999999997699e-05,5282.0600000005215,-440.9099999999162,899.0
0.098459,12780126.0,1258318.67,490554.31,1645144239,PAVIA/ADA_0.3,-0.0011299999999999921,72843.0,-7190.100000000093,899.0
0.141449,6679436.0,944803.97,0.0,1645144239,XRAY/ADA_0.3,0.0,0.0,0.0,899.0
0.350127,2490519.0,871998.24,0.0,1645144239,ADAX/ADA_0.3,0.0,0.0,0.0,899.0
2.059862,416393.23,857712.84,352142.8,1645144239,AADA/ADA_0.3,0.009789000000000048,-991.4800000000396,2043.5899999999674,899.0
1.540761,339574.13,523202.72,318398.7,1645144239,VYFI/ADA_0.3,0.00019700000000000273,-21.539999999979045,33.54999999998836,899.0
5.677039,57650.0,327281.3,318262.89,1645144239,MILK/ADA_0.3,-0.0241220000000002,117.0,-723.5900000000256,899.0
0.105598,1723823.72,182032.65,0.0,1645144239,MINt/ADA_0.3,0.0,0.0,0.0,899.0
0.029281,6184228.4,181081.67,0.0,1645144239,CLAP/ADA_0.3,0.0,0.0,0.0,899.0
0.0,6834685596227.0,154474.71,0.0,1645144239,CHRLZ/ADA_0.3,0.0,0.0,0.0,899.0
2.055316,74083.74,152265.56,65273.89,1645144239,DANA/ADA_0.05,0.0,0.0,0.0,899.0
0.867273,145903.48,126538.21,1400.7,1645144239,WMT/ADA_0.05,0.0,0.0,0.0,899.0
0.004776,23148828.0,110576.34,0.0,1645144239,RAVE/ADA_1.0,0.0,0.0,0.0,899.0
0.752817,140027.63,105415.26,5489.17,1645144239,SUNDAE/ADA_0.05,0.0,58.070000000006985,43.70999999999185,899.0
0.0,93481428537381.0,99844.03,10135.23,1645144239,BISON/ADA_0.3,0.0,0.0,0.0,899.0
2.8e-05,3470753000.19,98795.69,0.0,1645144239,ASHIB/ADA_1.0,0.0,0.0,0.0,899.0
0.032892,2724100.0,89602.98,0.0,1645144239,FIRE/ADA_0.3,0.0,0.0,0.0,899.0
0.309734,269468.0,83463.41,60333.84,1645144239,MIN/ADA_0.3,0.0,0.0,0.0,899.0
0.0,1215965709892.0,57603.58,50689.59,1645144239,HOSKY/ADA_0.3,0.0,-1369527112.0,65.0,899.0
0.006271,8990292.0,56384.56,0.0,1645144239,FLICK/ADA_0.3,0.0,0.0,0.0,899.0
0.089283,528342.0,47172.21,7573.95,1645144239,cNETA/ADA_0.3,0.0,-1931.0,-172.45999999999913,899.0
0.011762,3444165.0,40512.19,0.0,1645144239,CNFT/ADA_0.3,0.0,0.0,0.0,899.0
0.002887,12523365.73,36162.67,12079.06,1645144239,DRIP/ADA_1.0,4.49999999999999e-05,-98516.84999999963,285.08000000000175,899.0
0.116284,291362.0,33880.93,21660.59,1645144239,REVU/ADA_0.3,0.0,0.0,0.0,899.0
46.081757,689.0,31750.33,0.0,1645144239,unsi…en/ADA_1.0,0.0,0.0,0.0,899.0
0.005154,5757663.0,29679.82,0.0,1645144239,BDOGE/ADA_1.0,0.0,0.0,0.0,899.0
0.000851,33491967.69,28518.89,0.0,1645144239,MONET/ADA_0.3,0.0,0.0,0.0,899.0
0.129244,219936.9,28425.66,0.0,1645144239,MELD/ADA_1.0,0.0,0.0,0.0,899.0
0.016647,1700306.0,28305.72,0.0,1645144239,QUID/ADA_0.3,0.0,0.0,0.0,899.0
0.439846,49043.22,21571.5,0.0,1645144239,CARGO/ADA_0.3,0.0,0.0,0.0,899.0
0.000745,27966106.0,20858.79,0.0,1645144239,RAG/ADA_1.0,0.0,0.0,0.0,899.0
26.600465,741.0,19710.94,0.0,1645144239,XDIA…ND/ADA_1.0,0.0,0.0,0.0,899.0
0.100723,186496.52,18784.52,0.0,1645144239,MINt/ADA_0.05,0.0,0.0,0.0,899.0
0.305036,59977.33,18295.25,0.0,1645144239,MIN/ADA_0.05,0.0,0.0,0.0,899.0
0.0,337291999660.0,17555.43,0.0,1645144239,HOSKY/ADA_0.05,0.0,0.0,0.0,899.0
0.141119,122931.0,17347.93,0.0,1645144239,SKULL/ADA_1.0,0.0,0.0,0.0,899.0
0.000651,26515693.0,17270.71,3761.12,1645144239,KIDZ/ADA_0.3,0.0,0.0,0.0,899.0
0.422238,40384.0,17051.66,3036.14,1645144239,CDX/ADA_1.0,0.0,0.0,0.0,899.0
0.011221,1389743.0,15595.6,0.0,1645144239,GOKEY/ADA_0.3,0.0,0.0,0.0,899.0
0.032847,474709.0,15592.92,0.0,1645144239,cMETA/ADA_0.3,0.0,0.0,0.0,899.0
2.117409,6463.79,13686.49,0.0,1645144239,DANA/ADA_0.3,0.0,0.0,0.0,899.0
0.0,15845841087.0,12821.17,0.0,1645144239,MEOW/ADA_0.3,0.0,0.0,0.0,899.0
0.849174,13355.9,11341.5,0.0,1645144239,WMT/ADA_1.0,0.0,0.0,0.0,899.0
0.109,97894.0,10670.52,0.0,1645144239,Card…rm/ADA_0.3,0.0,0.0,0.0,899.0
0.04938,195716.93,9664.52,0.0,1645144239,cbTHC/ADA_0.3,0.0,0.0,0.0,899.0
108.504182,87.74,9520.95,0.0,1645144239,LQ/ADA_0.05,0.0,0.0,0.0,899.0
0.001187,8007922.0,9507.26,0.0,1645144239,FLANO/ADA_1.0,0.0,0.0,0.0,899.0
0.761175,26171643.32,19921201.93,1175420.97,1645145139,SUNDAE/ADA_0.3,0.00013099999999999223,3213.660000000149,5869.609999999404,899.0
111.433409,156241.07,17410476.04,838054.26,1645145139,LQ/ADA_0.3,-0.11943499999999574,84.24000000001979,-9263.410000000149,899.0
0.874234,15437723.71,13496186.52,894556.88,1645145139,WMT/ADA_0.3,0.00011699999999992272,-925.8999999985099,999.2899999991059,899.0
0.130046,12866351.41,1673217.81,480283.36,1645145139,MELD/ADA_0.3,-0.00029500000000001747,15846.810000000522,-1742.2099999999627,899.0
0.098502,12777297.0,1258599.55,491298.97,1645145139,PAVIA/ADA_0.3,4.300000000000137e-05,-2829.0,280.8800000001211,899.0
0.141419,6680146.0,944703.85,157562.93,1645145139,XRAY/ADA_0.3,-3.0000000000002247e-05,710.0,-100.11999999999534,899.0
0.350127,2491038.0,872179.96,61475.63,1645145139,ADAX/ADA_0.3,0.0,519.0,181.71999999997206,899.0
2.060465,416338.07,857850.08,360017.55,1645145139,AADA/ADA_0.3,0.0006030000000003533,-55.15999999997439,137.2399999999907,899.0
1.541937,339444.76,523402.72,318599.3,1645145139,VYFI/ADA_0.3,0.0011759999999998438,-129.36999999999534,200.0,899.0
5.681462,57628.0,327411.3,318393.28,1645145139,MILK/ADA_0.3,0.004423000000000066,-22.0,130.0,899.0
0.105598,1723823.72,182032.65,0.0,1645145139,MINt/ADA_0.3,0.0,0.0,0.0,899.0
0.029281,6184228.4,181081.67,0.0,1645145139,CLAP/ADA_0.3,0.0,0.0,0.0,899.0
0.0,6834685596227.0,154474.71,0.0,1645145139,CHRLZ/ADA_0.3,0.0,0.0,0.0,899.0
2.095285,73373.92,153739.31,66748.37,1645145139,DANA/ADA_0.05,0.03996900000000014,-709.820000000007,1473.75,899.0
0.867273,145903.48,126538.21,1400.7,1645145139,WMT/ADA_0.05,0.0,0.0,0.0,899.0
0.004889,22881030.0,111883.62,9560.31,1645145139,RAVE/ADA_1.0,0.00011300000000000025,-267798.0,1307.2799999999988,899.0
0.752817,140022.61,105411.49,5489.17,1645145139,SUNDAE/ADA_0.05,0.0,-5.0200000000186265,-3.7699999999895226,899.0
0.0,93481428537381.0,99844.03,10135.23,1645145139,BISON/ADA_0.3,0.0,0.0,0.0,899.0
2.8e-05,3470753000.19,98795.69,0.0,1645145139,ASHIB/ADA_1.0,0.0,0.0,0.0,899.0
0.032546,2738560.0,89131.27,7717.11,1645145139,FIRE/ADA_0.3,-0.0003459999999999991,14460.0,-471.70999999999185,899.0
0.298588,274978.12,82105.38,61849.87,1645145139,MIN/ADA_0.3,-0.01114599999999999,5510.119999999995,-1358.0299999999988,899.0
0.0,1206245932836.0,58069.14,51156.55,1645145139,HOSKY/ADA_0.3,0.0,-9719777056.0,465.5599999999977,899.0
0.00639,8906594.0,56916.03,3621.25,1645145139,FLICK/ADA_0.3,0.00011900000000000018,-83698.0,531.4700000000012,899.0
0.089283,528303.0,47168.68,7573.95,1645145139,cNETA/ADA_0.3,0.0,-39.0,-3.529999999998836,899.0
0.011762,3444165.0,40512.19,0.0,1645145139,CNFT/ADA_0.3,0.0,0.0,0.0,899.0
0.002825,12661487.95,35772.08,12469.65,1645145139,DRIP/ADA_1.0,-6.199999999999999e-05,138122.2199999988,-390.5899999999965,899.0
0.116284,291362.0,33880.93,21660.59,1645145139,REVU/ADA_0.3,0.0,0.0,0.0,899.0
46.081757,689.0,31750.33,0.0,1645145139,unsi…en/ADA_1.0,0.0,0.0,0.0,899.0
0.005154,5757663.0,29679.82,0.0,1645145139,BDOGE/ADA_1.0,0.0,0.0,0.0,899.0
0.000851,33491967.69,28518.89,0.0,1645145139,MONET/ADA_0.3,0.0,0.0,0.0,899.0
0.129244,219936.9,28425.66,0.0,1645145139,MELD/ADA_1.0,0.0,0.0,0.0,899.0
0.016647,1700306.0,28305.72,0.0,1645145139,QUID/ADA_0.3,0.0,0.0,0.0,899.0
0.439846,49043.22,21571.5,0.0,1645145139,CARGO/ADA_0.3,0.0,0.0,0.0,899.0
0.000745,27966106.0,20858.79,0.0,1645145139,RAG/ADA_1.0,0.0,0.0,0.0,899.0
26.600465,741.0,19710.94,0.0,1645145139,XDIA…ND/ADA_1.0,0.0,0.0,0.0,899.0
0.100723,186496.52,18784.52,0.0,1645145139,MINt/ADA_0.05,0.0,0.0,0.0,899.0
0.305036,59977.33,18295.25,0.0,1645145139,MIN/ADA_0.05,0.0,0.0,0.0,899.0
0.141119,122931.0,17347.93,0.0,1645145139,SKULL/ADA_1.0,0.0,0.0,0.0,899.0
0.000651,26515693.0,17270.71,3761.12,1645145139,KIDZ/ADA_0.3,0.0,0.0,0.0,899.0
0.422238,40384.0,17051.66,3036.14,1645145139,CDX/ADA_1.0,0.0,0.0,0.0,899.0
0.0,353385932767.0,16756.3,5971.45,1645145139,HOSKY/ADA_0.05,0.0,16093933107.0,-799.130000000001,899.0
0.011221,1389743.0,15595.6,0.0,1645145139,GOKEY/ADA_0.3,0.0,0.0,0.0,899.0
0.032847,474709.0,15592.92,0.0,1645145139,cMETA/ADA_0.3,0.0,0.0,0.0,899.0
2.117409,6463.79,13686.49,0.0,1645145139,DANA/ADA_0.3,0.0,0.0,0.0,899.0
0.0,15845841087.0,12821.17,0.0,1645145139,MEOW/ADA_0.3,0.0,0.0,0.0,899.0
0.849174,13355.9,11341.5,0.0,1645145139,WMT/ADA_1.0,0.0,0.0,0.0,899.0
0.109,97894.0,10670.52,0.0,1645145139,Card…rm/ADA_0.3,0.0,0.0,0.0,899.0
0.04938,195716.93,9664.52,0.0,1645145139,cbTHC/ADA_0.3,0.0,0.0,0.0,899.0
108.504182,87.74,9520.95,0.0,1645145139,LQ/ADA_0.05,0.0,0.0,0.0,899.0
0.001187,8007922.0,9507.26,0.0,1645145139,FLANO/ADA_1.0,0.0,0.0,0.0,899.0
0.761175,26171643.32,19921201.93,1175420.97,1645146039,SUNDAE/ADA_0.3,0.0,0.0,0.0,899.0
111.444489,156251.05,17413319.47,822948.06,1645146039,LQ/ADA_0.3,0.011080000000006862,9.979999999981374,2843.429999999702,899.0
0.875561,15427265.87,13507518.0,893024.64,1645146039,WMT/ADA_0.3,0.0013270000000000781,-10457.840000001714,11331.480000000447,899.0
0.130387,12849507.42,1675417.99,459892.35,1645146039,MELD/ADA_0.3,0.00034100000000000796,-16843.990000000224,2200.179999999935,899.0
0.098554,12775958.0,1259126.55,487742.22,1645146039,PAVIA/ADA_0.3,5.1999999999996493e-05,-1339.0,527.0,899.0
0.141377,6681146.0,944562.87,155172.3,1645146039,XRAY/ADA_0.3,-4.199999999998649e-05,1000.0,-140.97999999998137,899.0
0.350127,2491038.0,872179.96,61136.97,1645146039,ADAX/ADA_0.3,0.0,0.0,0.0,899.0
2.060944,416289.69,857950.08,337109.77,1645146039,AADA/ADA_0.3,0.0004789999999998962,-48.38000000000466,100.0,899.0
1.541937,339444.76,523402.72,318294.38,1645146039,VYFI/ADA_0.3,0.0,0.0,0.0,899.0
5.681462,57628.0,327411.3,311298.41,1645146039,MILK/ADA_0.3,0.0,0.0,0.0,899.0
0.105598,1723823.72,182032.65,0.0,1645146039,MINt/ADA_0.3,0.0,0.0,0.0,899.0
0.028458,6273116.4,178523.39,64463.5,1645146039,CLAP/ADA_0.3,-0.0008230000000000008,88888.0,-2558.279999999999,899.0
0.0,6834685596227.0,154474.71,0.0,1645146039,CHRLZ/ADA_0.3,0.0,0.0,0.0,899.0
2.09277,73418.01,153647.03,62848.9,1645146039,DANA/ADA_0.05,-0.002515000000000267,44.08999999999651,-92.27999999999884,899.0
0.867273,145903.48,126538.21,1400.7,1645146039,WMT/ADA_0.05,0.0,0.0,0.0,899.0
0.004889,22881030.0,111883.62,8797.07,1645146039,RAVE/ADA_1.0,0.0,0.0,0.0,899.0
0.752817,141265.88,106347.44,5489.17,1645146039,SUNDAE/ADA_0.05,0.0,1243.2700000000186,935.9499999999971,899.0
0.0,93481428537381.0,99844.03,10038.68,1645146039,BISON/ADA_0.3,0.0,0.0,0.0,899.0
2.8e-05,3470753000.19,98795.69,0.0,1645146039,ASHIB/ADA_1.0,0.0,0.0,0.0,899.0
0.032546,2738560.0,89131.27,7077.44,1645146039,FIRE/ADA_0.3,0.0,0.0,0.0,899.0
0.3015,273648.96,82505.38,58469.54,1645146039,MIN/ADA_0.3,0.00291199999999997,-1329.1599999999744,400.0,899.0
0.0,1211245932836.0,57830.15,47352.15,1645146039,HOSKY/ADA_0.3,0.0,5000000000.0,-238.98999999999796,899.0
0.00639,8906594.0,56916.03,3621.25,1645146039,FLICK/ADA_0.3,0.0,0.0,0.0,899.0
0.089283,528303.0,47168.68,5746.77,1645146039,cNETA/ADA_0.3,0.0,0.0,0.0,899.0
0.011762,3444165.0,40512.19,0.0,1645146039,CNFT/ADA_0.3,0.0,0.0,0.0,899.0
0.002825,12661487.95,35772.08,11176.91,1645146039,DRIP/ADA_1.0,0.0,0.0,0.0,899.0
0.116284,291362.0,33880.93,21660.59,1645146039,REVU/ADA_0.3,0.0,0.0,0.0,899.0
46.081757,689.0,31750.33,0.0,1645146039,unsi…en/ADA_1.0,0.0,0.0,0.0,899.0
0.005154,5757663.0,29679.82,0.0,1645146039,BDOGE/ADA_1.0,0.0,0.0,0.0,899.0
0.000851,33491967.69,28518.89,0.0,1645146039,MONET/ADA_0.3,0.0,0.0,0.0,899.0
0.129244,219936.9,28425.66,0.0,1645146039,MELD/ADA_1.0,0.0,0.0,0.0,899.0
0.016647,1700306.0,28305.72,0.0,1645146039,QUID/ADA_0.3,0.0,0.0,0.0,899.0
0.422469,50043.22,21141.71,4206.72,1645146039,CARGO/ADA_0.3,-0.01737700000000003,1000.0,-429.7900000000009,899.0
0.000745,27966106.0,20858.79,0.0,1645146039,RAG/ADA_1.0,0.0,0.0,0.0,899.0
26.600465,741.0,19710.94,0.0,1645146039,XDIA…ND/ADA_1.0,0.0,0.0,0.0,899.0
0.100723,186496.52,18784.52,0.0,1645146039,MINt/ADA_0.05,0.0,0.0,0.0,899.0
0.305036,59977.33,18295.25,0.0,1645146039,MIN/ADA_0.05,0.0,0.0,0.0,899.0
0.141119,122931.0,17347.93,0.0,1645146039,SKULL/ADA_1.0,0.0,0.0,0.0,899.0
0.000651,26515693.0,17270.71,3761.12,1645146039,KIDZ/ADA_0.3,0.0,0.0,0.0,899.0
0.422238,40384.0,17051.66,3036.14,1645146039,CDX/ADA_1.0,0.0,0.0,0.0,899.0
0.0,353385932767.0,16756.3,5971.45,1645146039,HOSKY/ADA_0.05,0.0,0.0,0.0,899.0
0.011221,1389743.0,15595.6,0.0,1645146039,GOKEY/ADA_0.3,0.0,0.0,0.0,899.0
0.032847,474709.0,15592.92,0.0,1645146039,cMETA/ADA_0.3,0.0,0.0,0.0,899.0
2.117409,6463.79,13686.49,0.0,1645146039,DANA/ADA_0.3,0.0,0.0,0.0,899.0
0.0,15845841087.0,12821.17,0.0,1645146039,MEOW/ADA_0.3,0.0,0.0,0.0,899.0
0.849174,13355.9,11341.5,0.0,1645146039,WMT/ADA_1.0,0.0,0.0,0.0,899.0
0.109,97894.0,10670.52,0.0,1645146039,Card…rm/ADA_0.3,0.0,0.0,0.0,899.0
0.04938,195716.93,9664.52,0.0,1645146039,cbTHC/ADA_0.3,0.0,0.0,0.0,899.0
108.504182,87.74,9520.95,0.0,1645146039,LQ/ADA_0.05,0.0,0.0,0.0,899.0
0.001187,8007922.0,9507.26,0.0,1645146039,FLANO/ADA_1.0,0.0,0.0,0.0,899.0
0.761327,26172316.54,19925712.06,1178190.04,1645146942,SUNDAE/ADA_0.3,0.00015199999999992997,673.2199999988079,4510.129999998957,902.0
111.45115,156248.6,17414086.96,827928.42,1645146942,LQ/ADA_0.3,0.006660999999994033,-2.4499999999825377,767.4900000020862,902.0
0.876645,15417964.94,13516090.43,901422.76,1645146942,WMT/ADA_0.3,0.0010839999999999739,-9300.929999999702,8572.429999999702,902.0
0.129159,12909034.54,1667319.44,470181.22,1645146942,MELD/ADA_0.3,-0.0012280000000000069,59527.11999999918,-8098.550000000047,902.0
0.098387,12786808.0,1258061.5,488847.33,1645146942,PAVIA/ADA_0.3,-0.00016700000000000048,10850.0,-1065.0500000000466,902.0
0.141377,6681146.0,944562.87,155172.3,1645146942,XRAY/ADA_0.3,0.0,0.0,0.0,902.0
0.350127,2491038.0,872179.96,61136.97,1645146942,ADAX/ADA_0.3,0.0,0.0,0.0,902.0
2.060944,416289.69,857950.08,337109.77,1645146942,AADA/ADA_0.3,0.0,0.0,0.0,902.0
1.542526,339380.12,523502.72,318394.68,1645146942,VYFI/ADA_0.3,0.0005890000000001727,-64.64000000001397,100.0,902.0
5.508329,58528.0,322391.49,316318.22,1645146942,MILK/ADA_0.3,-0.17313299999999998,900.0,-5019.809999999998,902.0
0.105598,1718094.7,181427.68,65245.68,1645146942,MINt/ADA_0.3,0.0,-5729.020000000019,-604.9700000000012,902.0
0.028458,6273116.4,178523.39,64463.5,1645146942,CLAP/ADA_0.3,0.0,0.0,0.0,902.0
0.0,6834685596227.0,154474.71,0.0,1645146942,CHRLZ/ADA_0.3,0.0,0.0,0.0,902.0
2.081671,73613.51,153239.18,63256.75,1645146942,DANA/ADA_0.05,-0.011098999999999748,195.5,-407.8500000000058,902.0
0.867273,145903.48,126538.21,1400.7,1645146942,WMT/ADA_0.05,0.0,0.0,0.0,902.0
0.004889,22881030.0,111883.62,8797.07,1645146942,RAVE/ADA_1.0,0.0,0.0,0.0,902.0
0.752817,141265.88,106347.44,5489.17,1645146942,SUNDAE/ADA_0.05,0.0,0.0,0.0,902.0
0.0,93434778543439.0,99894.03,10088.83,1645146942,BISON/ADA_0.3,0.0,-46649993942.0,50.0,902.0
2.8e-05,3470753000.19,98795.69,0.0,1645146942,ASHIB/ADA_1.0,0.0,0.0,0.0,902.0
0.032546,2738560.0,89131.27,7077.44,1645146942,FIRE/ADA_0.3,0.0,0.0,0.0,902.0
0.3015,273648.96,82505.38,58469.54,1645146942,MIN/ADA_0.3,0.0,0.0,0.0,902.0
0.0,1203220178635.0,58217.05,48165.38,1645146942,HOSKY/ADA_0.3,0.0,-8025754201.0,386.90000000000146,902.0
0.006471,8850594.0,57277.24,3983.55,1645146942,FLICK/ADA_0.3,8.100000000000034e-05,-56000.0,361.2099999999991,902.0
0.089283,528303.0,47168.68,5746.77,1645146942,cNETA/ADA_0.3,0.0,0.0,0.0,902.0
0.011762,3444165.0,40512.19,0.0,1645146942,CNFT/ADA_0.3,0.0,0.0,0.0,902.0
0.00286,12584051.49,35999.9,11954.09,1645146942,DRIP/ADA_1.0,3.500000000000031e-05,-77436.45999999903,227.8199999999997,902.0
0.116284,291362.0,33880.93,21660.59,1645146942,REVU/ADA_0.3,0.0,0.0,0.0,902.0
46.081757,689.0,31750.33,0.0,1645146942,unsi…en/ADA_1.0,0.0,0.0,0.0,902.0
0.005154,5757663.0,29679.82,0.0,1645146942,BDOGE/ADA_1.0,0.0,0.0,0.0,902.0
0.000851,33491967.69,28518.89,0.0,1645146942,MONET/ADA_0.3,0.0,0.0,0.0,902.0
0.129244,219936.9,28425.66,0.0,1645146942,MELD/ADA_1.0,0.0,0.0,0.0,902.0
0.016647,1700306.0,28305.72,0.0,1645146942,QUID/ADA_0.3,0.0,0.0,0.0,902.0
0.422469,50043.22,21141.71,4206.72,1645146942,CARGO/ADA_0.3,0.0,0.0,0.0,902.0
0.000745,27966106.0,20858.79,0.0,1645146942,RAG/ADA_1.0,0.0,0.0,0.0,902.0
26.600465,741.0,19710.94,0.0,1645146942,XDIA…ND/ADA_1.0,0.0,0.0,0.0,902.0
0.100723,186496.52,18784.52,0.0,1645146942,MINt/ADA_0.05,0.0,0.0,0.0,902.0
0.305036,59977.33,18295.25,0.0,1645146942,MIN/ADA_0.05,0.0,0.0,0.0,902.0
0.141119,122931.0,17347.93,0.0,1645146942,SKULL/ADA_1.0,0.0,0.0,0.0,902.0
0.000651,26515693.0,17270.71,3761.12,1645146942,KIDZ/ADA_0.3,0.0,0.0,0.0,902.0
0.422238,40384.0,17051.66,3036.14,1645146942,CDX/ADA_1.0,0.0,0.0,0.0,902.0
0.0,353385932767.0,16756.3,5343.13,1645146942,HOSKY/ADA_0.05,0.0,0.0,0.0,902.0
0.011221,1389743.0,15595.6,0.0,1645146942,GOKEY/ADA_0.3,0.0,0.0,0.0,902.0
0.032847,474709.0,15592.92,0.0,1645146942,cMETA/ADA_0.3,0.0,0.0,0.0,902.0
2.117409,6463.79,13686.49,0.0,1645146942,DANA/ADA_0.3,0.0,0.0,0.0,902.0
0.0,15845841087.0,12821.17,0.0,1645146942,MEOW/ADA_0.3,0.0,0.0,0.0,902.0
0.849174,13355.9,11341.5,0.0,1645146942,WMT/ADA_1.0,0.0,0.0,0.0,902.0
0.109,97894.0,10670.52,0.0,1645146942,Card…rm/ADA_0.3,0.0,0.0,0.0,902.0
0.04938,195716.93,9664.52,0.0,1645146942,cbTHC/ADA_0.3,0.0,0.0,0.0,902.0
0.001187,8007922.0,9507.26,0.0,1645146942,FLANO/ADA_1.0,0.0,0.0,0.0,902.0
108.504181,87.35,9478.81,0.0,1645146942,LQ/ADA_0.05,-9.999999974752427e-07,-0.39000000000000057,-42.14000000000124,902.0
0.761351,26173763.89,19927433.08,1179207.59,1645147841,SUNDAE/ADA_0.3,2.4000000000024002e-05,1447.3500000014901,1721.019999999553,898.0
111.45115,156250.3,17414275.69,827928.42,1645147841,LQ/ADA_0.3,0.0,1.6999999999825377,188.73000000044703,898.0
0.878608,15398699.16,13529426.65,923290.8,1645147841,WMT/ADA_0.3,0.001962999999999937,-19265.77999999933,13336.22000000067,898.0
0.129532,12889359.66,1669587.84,470209.36,1645147841,MELD/ADA_0.3,0.0003730000000000122,-19674.879999998957,2268.4000000001397,898.0
0.098389,12786649.0,1258077.35,489654.55,1645147841,PAVIA/ADA_0.3,2.000000000002e-06,-159.0,15.850000000093132,898.0
0.141377,6681146.0,944562.87,155172.3,1645147841,XRAY/ADA_0.3,0.0,0.0,0.0,898.0
0.349843,2492048.0,871827.53,61489.39,1645147841,ADAX/ADA_0.3,-0.00028400000000000647,1010.0,-352.4299999999348,898.0
2.061184,416265.51,858000.08,337159.92,1645147841,AADA/ADA_0.3,0.00023999999999979593,-24.179999999993015,50.0,898.0
1.542526,339380.12,523502.72,321526.45,1645147841,VYFI/ADA_0.3,0.0,0.0,0.0,898.0
5.520629,58463.0,322752.57,316680.39,1645147841,MILK/ADA_0.3,0.012299999999999756,-65.0,361.0800000000163,898.0
0.105589,1718166.47,181420.12,65253.24,1645147841,MINt/ADA_0.3,-8.999999999995123e-06,71.77000000001863,-7.559999999997672,898.0
0.028554,6262623.94,178823.39,64764.4,1645147841,CLAP/ADA_0.3,9.599999999999886e-05,-10492.459999999963,300.0,898.0
0.0,6834685596227.0,154474.71,0.0,1645147841,CHRLZ/ADA_0.3,0.0,0.0,0.0,898.0
2.087362,73513.12,153448.56,63466.23,1645147841,DANA/ADA_0.05,0.005691000000000113,-100.38999999999942,209.38000000000466,898.0
0.867273,145903.48,126538.21,1400.7,1645147841,WMT/ADA_0.05,0.0,0.0,0.0,898.0
0.004885,22891030.0,111835.24,8845.46,1645147841,RAVE/ADA_1.0,-4.000000000000531e-06,10000.0,-48.379999999990105,898.0
0.752817,141527.92,106544.71,5489.17,1645147841,SUNDAE/ADA_0.05,0.0,262.04000000000815,197.27000000000407,898.0
0.0,93434778543439.0,99894.03,10088.83,1645147841,BISON/ADA_0.3,0.0,0.0,0.0,898.0
2.8e-05,3470753000.19,98795.69,0.0,1645147841,ASHIB/ADA_1.0,0.0,0.0,0.0,898.0
0.032546,2738560.0,89131.27,7077.44,1645147841,FIRE/ADA_0.3,0.0,0.0,0.0,898.0
0.303108,272923.4,82725.38,58690.2,1645147841,MIN/ADA_0.3,0.0016079999999999983,-725.5599999999977,220.0,898.0
0.0,1202468691197.0,58256.21,48631.05,1645147841,HOSKY/ADA_0.3,0.0,-751487438.0,39.15999999999622,898.0
0.006471,8850594.0,57277.24,3983.55,1645147841,FLICK/ADA_0.3,0.0,0.0,0.0,898.0
0.089453,527801.0,47213.68,5791.9,1645147841,cNETA/ADA_0.3,0.00017000000000000348,-502.0,45.0,898.0
0.011762,3444165.0,40512.19,0.0,1645147841,CNFT/ADA_0.3,0.0,0.0,0.0,898.0
0.002852,12602051.49,35948.99,12005.0,1645147841,DRIP/ADA_1.0,-8.000000000000194e-06,18000.0,-50.91000000000349,898.0
0.116284,291362.0,33880.93,21660.59,1645147841,REVU/ADA_0.3,0.0,0.0,0.0,898.0
46.081757,689.0,31750.33,0.0,1645147841,unsi…en/ADA_1.0,0.0,0.0,0.0,898.0
0.005154,5757663.0,29679.82,0.0,1645147841,BDOGE/ADA_1.0,0.0,0.0,0.0,898.0
0.000851,33491967.69,28518.89,0.0,1645147841,MONET/ADA_0.3,0.0,0.0,0.0,898.0
0.129244,219936.9,28425.66,0.0,1645147841,MELD/ADA_1.0,0.0,0.0,0.0,898.0
0.016647,1700306.0,28305.72,0.0,1645147841,QUID/ADA_0.3,0.0,0.0,0.0,898.0
0.000745,27966106.0,20858.79,0.0,1645147841,RAG/ADA_1.0,0.0,0.0,0.0,898.0
0.409458,50833.27,20814.1,4534.33,1645147841,CARGO/ADA_0.3,-0.013010999999999995,790.0499999999956,-327.6100000000006,898.0
26.600465,741.0,19710.94,0.0,1645147841,XDIA…ND/ADA_1.0,0.0,0.0,0.0,898.0
0.100723,186496.52,18784.52,0.0,1645147841,MINt/ADA_0.05,0.0,0.0,0.0,898.0
0.305036,59977.33,18295.25,0.0,1645147841,MIN/ADA_0.05,0.0,0.0,0.0,898.0
0.141119,122931.0,17347.93,0.0,1645147841,SKULL/ADA_1.0,0.0,0.0,0.0,898.0
0.000651,26515693.0,17270.71,3761.12,1645147841,KIDZ/ADA_0.3,0.0,0.0,0.0,898.0
0.422238,40384.0,17051.66,3036.14,1645147841,CDX/ADA_1.0,0.0,0.0,0.0,898.0
0.0,353385932767.0,16756.3,5343.13,1645147841,HOSKY/ADA_0.05,0.0,0.0,0.0,898.0
0.011221,1389743.0,15595.6,0.0,1645147841,GOKEY/ADA_0.3,0.0,0.0,0.0,898.0
0.032847,474709.0,15592.92,0.0,1645147841,cMETA/ADA_0.3,0.0,0.0,0.0,898.0
2.117409,6463.79,13686.49,0.0,1645147841,DANA/ADA_0.3,0.0,0.0,0.0,898.0
0.0,15845841087.0,12821.17,0.0,1645147841,MEOW/ADA_0.3,0.0,0.0,0.0,898.0
0.849174,13355.9,11341.5,0.0,1645147841,WMT/ADA_1.0,0.0,0.0,0.0,898.0
0.109,97894.0,10670.52,0.0,1645147841,Card…rm/ADA_0.3,0.0,0.0,0.0,898.0
0.04938,195716.93,9664.52,0.0,1645147841,cbTHC/ADA_0.3,0.0,0.0,0.0,898.0
0.001187,8007922.0,9507.26,0.0,1645147841,FLANO/ADA_1.0,0.0,0.0,0.0,898.0
108.504181,87.35,9478.81,0.0,1645147841,LQ/ADA_0.05,0.0,0.0,0.0,898.0
0.762144,26160425.64,19938026.09,1189277.71,1645148741,SUNDAE/ADA_0.3,0.0007930000000000437,-13338.25,10593.01000000164,900.0
111.446171,156256.56,17414195.69,828652.17,1645148741,LQ/ADA_0.3,-0.004978999999991629,6.260000000009313,-80.0,900.0
0.879463,15391278.41,13536064.79,923461.31,1645148741,WMT/ADA_0.3,0.0008550000000000502,-7420.75,6638.139999998733,900.0
0.129552,12888353.05,1669718.63,470340.54,1645148741,MELD/ADA_0.3,1.9999999999992246e-05,-1006.609999999404,130.78999999980442,900.0
0.098511,12778747.0,1258857.81,489704.7,1645148741,PAVIA/ADA_0.3,0.00012199999999999711,-7902.0,780.4599999999627,900.0
0.144015,6619753.0,953349.53,163985.32,1645148741,XRAY/ADA_0.3,0.0026380000000000015,-61393.0,8786.660000000033,900.0
0.349836,2492073.0,871818.81,61498.11,1645148741,ADAX/ADA_0.3,-7.000000000034756e-06,25.0,-8.71999999997206,900.0
2.069675,415412.21,859768.32,339105.25,1645148741,AADA/ADA_0.3,0.008491000000000248,-853.2999999999884,1768.2399999999907,900.0
1.533298,340401.37,521936.83,321526.45,1645148741,VYFI/ADA_0.3,-0.009228000000000014,1021.25,-1565.8899999999558,900.0
5.579427,58155.0,324471.61,318404.58,1645148741,MILK/ADA_0.3,0.05879800000000035,-308.0,1719.039999999979,900.0
0.105589,1718166.47,181420.12,65253.24,1645148741,MINt/ADA_0.3,0.0,0.0,0.0,900.0
0.028495,6269090.26,178640.09,65148.0,1645148741,CLAP/ADA_0.3,-5.9000000000000025e-05,6466.319999999367,-183.30000000001746,900.0
0.0,6834685596227.0,154474.71,0.0,1645148741,CHRLZ/ADA_0.3,0.0,0.0,0.0,900.0
2.087362,73513.12,153448.56,63466.23,1645148741,DANA/ADA_0.05,0.0,0.0,0.0,900.0
0.867273,154565.88,134050.88,1400.7,1645148741,WMT/ADA_0.05,0.0,8662.399999999994,7512.669999999998,900.0
0.004886,22889004.0,111845.24,8855.56,1645148741,RAVE/ADA_1.0,1.0000000000001327e-06,-2026.0,10.0,900.0
0.752817,141344.89,106406.92,5489.17,1645148741,SUNDAE/ADA_0.05,0.0,-183.02999999999884,-137.79000000000815,900.0
0.0,93434778543439.0,99894.03,10088.83,1645148741,BISON/ADA_0.3,0.0,0.0,0.0,900.0
2.8e-05,3470753000.19,98795.69,0.0,1645148741,ASHIB/ADA_1.0,0.0,0.0,0.0,900.0
0.032546,2738560.0,89131.27,7077.44,1645148741,FIRE/ADA_0.3,0.0,0.0,0.0,900.0
0.30384,272594.87,82825.38,58790.5,1645148741,MIN/ADA_0.3,0.0007320000000000104,-328.53000000002794,100.0,900.0
0.0,1196521357546.0,58546.64,48922.36,1645148741,HOSKY/ADA_0.3,0.0,-5947333651.0,290.4300000000003,900.0
0.006471,8850594.0,57277.24,3983.55,1645148741,FLICK/ADA_0.3,0.0,0.0,0.0,900.0
0.089324,528184.0,47179.99,5945.78,1645148741,cNETA/ADA_0.3,-0.0001290000000000041,383.0,-33.69000000000233,900.0
0.01203,3405612.0,40972.19,2333.89,1645148741,CNFT/ADA_0.3,0.0002680000000000009,-38553.0,460.0,900.0
0.002852,12602051.49,35948.99,12005.0,1645148741,DRIP/ADA_1.0,0.0,0.0,0.0,900.0
0.116284,291362.0,33880.93,21660.59,1645148741,REVU/ADA_0.3,0.0,0.0,0.0,900.0
46.081757,689.0,31750.33,0.0,1645148741,unsi…en/ADA_1.0,0.0,0.0,0.0,900.0
0.005154,5757663.0,29679.82,0.0,1645148741,BDOGE/ADA_1.0,0.0,0.0,0.0,900.0
0.000851,33491967.69,28518.89,0.0,1645148741,MONET/ADA_0.3,0.0,0.0,0.0,900.0
0.129244,219936.9,28425.66,0.0,1645148741,MELD/ADA_1.0,0.0,0.0,0.0,900.0
0.016647,1700306.0,28305.72,0.0,1645148741,QUID/ADA_0.3,0.0,0.0,0.0,900.0
0.000745,27966106.0,20858.79,0.0,1645148741,RAG/ADA_1.0,0.0,0.0,0.0,900.0
0.409458,50833.27,20814.1,4534.33,1645148741,CARGO/ADA_0.3,0.0,0.0,0.0,900.0
27.073365,735.0,19898.92,1981.09,1645148741,XDIA…ND/ADA_1.0,0.4728999999999992,-6.0,187.97999999999956,900.0
0.100723,186496.52,18784.52,0.0,1645148741,MINt/ADA_0.05,0.0,0.0,0.0,900.0
0.305036,59977.33,18295.25,0.0,1645148741,MIN/ADA_0.05,0.0,0.0,0.0,900.0
0.141119,122931.0,17347.93,0.0,1645148741,SKULL/ADA_1.0,0.0,0.0,0.0,900.0
0.000651,26515693.0,17270.71,3761.12,1645148741,KIDZ/ADA_0.3,0.0,0.0,0.0,900.0
0.422238,40384.0,17051.66,3036.14,1645148741,CDX/ADA_1.0,0.0,0.0,0.0,900.0
0.0,353385932767.0,16756.3,5343.13,1645148741,HOSKY/ADA_0.05,0.0,0.0,0.0,900.0
0.011221,1389743.0,15595.6,0.0,1645148741,GOKEY/ADA_0.3,0.0,0.0,0.0,900.0
0.032847,474709.0,15592.92,0.0,1645148741,cMETA/ADA_0.3,0.0,0.0,0.0,900.0
2.117409,6463.79,13686.49,0.0,1645148741,DANA/ADA_0.3,0.0,0.0,0.0,900.0
0.0,15845841087.0,12821.17,0.0,1645148741,MEOW/ADA_0.3,0.0,0.0,0.0,900.0
0.849174,13355.9,11341.5,0.0,1645148741,WMT/ADA_1.0,0.0,0.0,0.0,900.0
0.109,97894.0,10670.52,0.0,1645148741,Card…rm/ADA_0.3,0.0,0.0,0.0,900.0
0.04938,195716.93,9664.52,0.0,1645148741,cbTHC/ADA_0.3,0.0,0.0,0.0,900.0
108.504181,87.74,9520.95,0.0,1645148741,LQ/ADA_0.05,0.0,0.39000000000000057,42.14000000000124,900.0
0.001187,8007922.0,9507.26,0.0,1645148741,FLANO/ADA_1.0,0.0,0.0,0.0,900.0
0.762413,26156074.82,19941733.34,1192805.42,1645149640,SUNDAE/ADA_0.3,0.0002689999999999637,-4350.820000000298,3707.25,898.0
111.447474,156255.65,17414297.69,828754.48,1645149640,LQ/ADA_0.3,0.0013029999999929487,-0.9100000000034925,102.0,898.0
0.879669,15393744.45,13541405.31,925054.0,1645149640,WMT/ADA_0.3,0.00020600000000003948,2466.039999999106,5340.520000001416,898.0
0.129337,12902530.5,1668786.74,456409.62,1645149640,MELD/ADA_0.3,-0.00021499999999999297,14177.449999999255,-931.8899999998976,898.0
0.098273,12794264.0,1257335.79,491266.19,1645149640,PAVIA/ADA_0.3,-0.0002380000000000021,15517.0,-1522.0200000000186,898.0
0.144013,6620801.0,953481.43,163994.8,1645149640,XRAY/ADA_0.3,-2.000000000002e-06,1048.0,131.90000000002328,898.0
0.349836,2492073.0,871818.81,61498.11,1645149640,ADAX/ADA_0.3,0.0,0.0,0.0,898.0
2.052372,417162.21,856172.36,342701.21,1645149640,AADA/ADA_0.3,-0.01730300000000007,1750.0,-3595.9599999999627,898.0
1.535352,340173.94,522286.83,321877.5,1645149640,VYFI/ADA_0.3,0.0020540000000000003,-227.42999999999302,350.0,898.0
5.579427,58155.0,324471.61,318404.58,1645149640,MILK/ADA_0.3,0.0,0.0,0.0,898.0
0.105589,1718166.47,181420.12,65253.24,1645149640,MINt/ADA_0.3,0.0,0.0,0.0,898.0
0.028495,6269090.26,178640.09,65148.0,1645149640,CLAP/ADA_0.3,0.0,0.0,0.0,898.0
0.0,6834685596227.0,154474.71,0.0,1645149640,CHRLZ/ADA_0.3,0.0,0.0,0.0,898.0
2.076268,73709.32,153040.32,63874.48,1645149640,DANA/ADA_0.05,-0.011094000000000381,196.20000000001164,-408.2399999999907,898.0
0.867273,154565.88,134050.88,1400.7,1645149640,WMT/ADA_0.05,0.0,0.0,0.0,898.0
0.004886,22889004.0,111845.24,8855.56,1645149640,RAVE/ADA_1.0,0.0,0.0,0.0,898.0
0.752817,141420.61,106463.92,5489.17,1645149640,SUNDAE/ADA_0.05,0.0,75.71999999997206,57.0,898.0
0.0,93434778543439.0,99894.03,10088.83,1645149640,BISON/ADA_0.3,0.0,0.0,0.0,898.0
2.8e-05,3465831916.81,98937.39,8013.31,1645149640,ASHIB/ADA_1.0,0.0,-4921083.380000114,141.6999999999971,898.0
0.032546,2738560.0,89131.27,7077.44,1645149640,FIRE/ADA_0.3,0.0,0.0,0.0,898.0
0.285768,281094.87,80328.12,61078.58,1645149640,MIN/ADA_0.3,-0.018071999999999977,8500.0,-2497.2600000000093,898.0
0.0,1196521357546.0,58546.64,46882.38,1645149640,HOSKY/ADA_0.3,0.0,0.0,0.0,898.0
0.006471,8850594.0,57277.24,3600.85,1645149640,FLICK/ADA_0.3,0.0,0.0,0.0,898.0
0.089347,528118.0,47185.99,5575.81,1645149640,cNETA/ADA_0.3,2.2999999999995246e-05,-66.0,6.0,898.0
0.01203,3405612.0,40972.19,2333.89,1645149640,CNFT/ADA_0.3,0.0,0.0,0.0,898.0
0.002826,12696007.28,35882.85,11165.47,1645149640,DRIP/ADA_1.0,-2.599999999999998e-05,93955.7899999991,-66.13999999999942,898.0
0.116284,291362.0,33880.93,21510.9,1645149640,REVU/ADA_0.3,0.0,0.0,0.0,898.0
46.081757,689.0,31750.33,0.0,1645149640,unsi…en/ADA_1.0,0.0,0.0,0.0,898.0
0.005154,5757663.0,29679.82,0.0,1645149640,BDOGE/ADA_1.0,0.0,0.0,0.0,898.0
0.000851,33491967.69,28518.89,0.0,1645149640,MONET/ADA_0.3,0.0,0.0,0.0,898.0
0.129244,219936.9,28425.66,0.0,1645149640,MELD/ADA_1.0,0.0,0.0,0.0,898.0
0.016647,1700306.0,28305.72,0.0,1645149640,QUID/ADA_0.3,0.0,0.0,0.0,898.0
0.000745,27966106.0,20858.79,0.0,1645149640,RAG/ADA_1.0,0.0,0.0,0.0,898.0
0.409458,50833.27,20814.1,3899.3,1645149640,CARGO/ADA_0.3,0.0,0.0,0.0,898.0
27.073365,735.0,19898.92,1677.97,1645149640,XDIA…ND/ADA_1.0,0.0,0.0,0.0,898.0
0.100723,186496.52,18784.52,0.0,1645149640,MINt/ADA_0.05,0.0,0.0,0.0,898.0
0.305036,59977.33,18295.25,0.0,1645149640,MIN/ADA_0.05,0.0,0.0,0.0,898.0
0.141119,122931.0,17347.93,0.0,1645149640,SKULL/ADA_1.0,0.0,0.0,0.0,898.0
0.000651,26515693.0,17270.71,3630.73,1645149640,KIDZ/ADA_0.3,0.0,0.0,0.0,898.0
0.422238,40384.0,17051.66,2834.14,1645149640,CDX/ADA_1.0,0.0,0.0,0.0,898.0
0.0,353385932767.0,16756.3,5343.13,1645149640,HOSKY/ADA_0.05,0.0,0.0,0.0,898.0
0.011221,1389743.0,15595.6,0.0,1645149640,GOKEY/ADA_0.3,0.0,0.0,0.0,898.0
0.032847,474709.0,15592.92,0.0,1645149640,cMETA/ADA_0.3,0.0,0.0,0.0,898.0
2.117409,6463.79,13686.49,0.0,1645149640,DANA/ADA_0.3,0.0,0.0,0.0,898.0
0.0,15845841087.0,12821.17,0.0,1645149640,MEOW/ADA_0.3,0.0,0.0,0.0,898.0
0.849174,13343.27,11330.77,255.53,1645149640,WMT/ADA_1.0,0.0,-12.6299999999992,-10.729999999999563,898.0
0.109,97894.0,10670.52,0.0,1645149640,Card…rm/ADA_0.3,0.0,0.0,0.0,898.0
0.04938,195716.93,9664.52,0.0,1645149640,cbTHC/ADA_0.3,0.0,0.0,0.0,898.0
108.504181,87.74,9520.95,0.0,1645149640,LQ/ADA_0.05,0.0,0.0,0.0,898.0
0.001187,8007922.0,9507.26,0.0,1645149640,FLANO/ADA_1.0,0.0,0.0,0.0,898.0
0.762439,26156003.5,19942372.99,1194678.93,1645150539,SUNDAE/ADA_0.3,2.599999999997049e-05,-71.32000000029802,639.6499999985099,899.0
111.473672,156506.68,17446374.46,812872.19,1645150539,LQ/ADA_0.3,0.026197999999993726,251.02999999999884,32076.769999999553,899.0
0.879725,15393847.16,13542353.31,906500.33,1645150539,WMT/ADA_0.3,5.599999999994498e-05,102.71000000089407,948.0,899.0
0.12907,12916199.8,1667105.18,461304.5,1645150539,MELD/ADA_0.3,-0.0002670000000000172,13669.300000000745,-1681.5600000000559,899.0
0.098206,12798533.0,1256895.42,476538.98,1645150539,PAVIA/ADA_0.3,-6.699999999999762e-05,4269.0,-440.37000000011176,899.0
0.144013,6620801.0,953481.43,163508.19,1645150539,XRAY/ADA_0.3,0.0,0.0,0.0,899.0
0.349836,2492073.0,871818.81,61397.81,1645150539,ADAX/ADA_0.3,0.0,0.0,0.0,899.0
2.053336,417064.44,856373.67,331536.36,1645150539,AADA/ADA_0.3,0.0009639999999997428,-97.77000000001863,201.31000000005588,899.0
1.54442,339175.27,523829.29,314915.13,1645150539,VYFI/ADA_0.3,0.009067999999999854,-998.6699999999837,1542.4599999999627,899.0
5.732288,57376.0,328895.75,321364.64,1645150539,MILK/ADA_0.3,0.1528609999999997,-779.0,4424.140000000014,899.0
0.105589,1718166.47,181420.12,64081.12,1645150539,MINt/ADA_0.3,0.0,0.0,0.0,899.0
0.027802,6346867.26,176457.45,65665.48,1645150539,CLAP/ADA_0.3,-0.0006929999999999992,77777.0,-2182.639999999985,899.0
0.0,6834685596227.0,154474.71,0.0,1645150539,CHRLZ/ADA_0.3,0.0,0.0,0.0,899.0
2.078048,73677.83,153106.16,63961.31,1645150539,DANA/ADA_0.05,0.0017800000000001148,-31.49000000000524,65.83999999999651,899.0
0.867273,154565.88,134050.88,1400.7,1645150539,WMT/ADA_0.05,0.0,0.0,0.0,899.0
0.004929,22789000.0,112341.0,9305.54,1645150539,RAVE/ADA_1.0,4.30000000000005e-05,-100004.0,495.75999999999476,899.0
0.752817,141420.61,106463.92,5489.17,1645150539,SUNDAE/ADA_0.05,0.0,0.0,0.0,899.0
0.0,93434778543439.0,99894.03,9896.31,1645150539,BISON/ADA_0.3,0.0,0.0,0.0,899.0
2.8e-05,3465831916.81,98937.39,8013.31,1645150539,ASHIB/ADA_1.0,0.0,0.0,0.0,899.0
0.032546,2738560.0,89131.27,7077.44,1645150539,FIRE/ADA_0.3,0.0,0.0,0.0,899.0
0.293897,277186.27,81464.24,62218.11,1645150539,MIN/ADA_0.3,0.008128999999999997,-3908.5999999999767,1136.12000000001,899.0
0.0,1173349422911.0,59706.34,48045.55,1645150539,HOSKY/ADA_0.3,0.0,-23171934635.0,1159.699999999997,899.0
0.006486,8840122.0,57345.3,3669.12,1645150539,FLICK/ADA_0.3,1.4999999999999389e-05,-10472.0,68.06000000000495,899.0
0.089517,527617.0,47230.99,5620.94,1645150539,cNETA/ADA_0.3,0.00017000000000000348,-501.0,45.0,899.0
0.01203,3405612.0,40972.19,2333.89,1645150539,CNFT/ADA_0.3,0.0,0.0,0.0,899.0
0.002824,12699007.28,35874.46,11173.86,1645150539,DRIP/ADA_1.0,-1.9999999999998318e-06,3000.0,-8.389999999999418,899.0
0.116284,291362.0,33880.93,21510.9,1645150539,REVU/ADA_0.3,0.0,0.0,0.0,899.0
46.081757,689.0,31750.33,0.0,1645150539,unsi…en/ADA_1.0,0.0,0.0,0.0,899.0
0.005154,5757663.0,29679.82,0.0,1645150539,BDOGE/ADA_1.0,0.0,0.0,0.0,899.0
0.000851,33491967.69,28518.89,0.0,1645150539,MONET/ADA_0.3,0.0,0.0,0.0,899.0
0.129244,219936.9,28425.66,0.0,1645150539,MELD/ADA_1.0,0.0,0.0,0.0,899.0
0.016647,1700306.0,28305.72,0.0,1645150539,QUID/ADA_0.3,0.0,0.0,0.0,899.0
0.000745,27966106.0,20858.79,0.0,1645150539,RAG/ADA_1.0,0.0,0.0,0.0,899.0
0.411076,50733.27,20855.25,3940.57,1645150539,CARGO/ADA_0.3,0.0016180000000000083,-100.0,41.150000000001455,899.0
27.073365,735.0,19898.92,1677.97,1645150539,XDIA…ND/ADA_1.0,0.0,0.0,0.0,899.0
0.100723,186496.52,18784.52,0.0,1645150539,MINt/ADA_0.05,0.0,0.0,0.0,899.0
0.305036,59977.33,18295.25,0.0,1645150539,MIN/ADA_0.05,0.0,0.0,0.0,899.0
0.141653,122700.0,17380.93,1523.66,1645150539,SKULL/ADA_1.0,0.0005340000000000067,-231.0,33.0,899.0
0.000651,26515693.0,17270.71,3630.73,1645150539,KIDZ/ADA_0.3,0.0,0.0,0.0,899.0
0.422238,40384.0,17051.66,2834.14,1645150539,CDX/ADA_1.0,0.0,0.0,0.0,899.0
0.0,353385932767.0,16756.3,5343.13,1645150539,HOSKY/ADA_0.05,0.0,0.0,0.0,899.0
0.011221,1389743.0,15595.6,0.0,1645150539,GOKEY/ADA_0.3,0.0,0.0,0.0,899.0
0.032847,474709.0,15592.92,0.0,1645150539,cMETA/ADA_0.3,0.0,0.0,0.0,899.0
2.117409,6091.67,12898.55,924.34,1645150539,DANA/ADA_0.3,0.0,-372.1199999999999,-787.9400000000005,899.0
0.0,15845841087.0,12821.17,0.0,1645150539,MEOW/ADA_0.3,0.0,0.0,0.0,899.0
0.849174,13343.27,11330.77,255.53,1645150539,WMT/ADA_1.0,0.0,0.0,0.0,899.0
0.109,97894.0,10670.52,0.0,1645150539,Card…rm/ADA_0.3,0.0,0.0,0.0,899.0
0.04938,195716.93,9664.52,0.0,1645150539,cbTHC/ADA_0.3,0.0,0.0,0.0,899.0
108.504181,88.87,9643.36,0.0,1645150539,LQ/ADA_0.05,0.0,1.1300000000000097,122.40999999999985,899.0
0.001187,8007922.0,9507.26,0.0,1645150539,FLANO/ADA_1.0,0.0,0.0,0.0,899.0
0.762823,26150051.16,19947867.38,1199718.4,1645151439,SUNDAE/ADA_0.3,0.00038400000000005097,-5952.339999999851,5494.390000000596,900.0
111.665662,156373.84,17461589.31,827957.31,1645151439,LQ/ADA_0.3,0.1919900000000041,-132.8399999999965,15214.849999997765,900.0
0.880103,15396949.04,13550905.29,909539.95,1645151439,WMT/ADA_0.3,0.00037799999999998946,3101.879999998957,8551.979999998584,900.0
0.129587,12890447.76,1670445.68,464655.02,1645151439,MELD/ADA_0.3,0.0005170000000000174,-25752.04000000097,3340.5,900.0
0.098275,12742580.0,1252278.76,477088.9,1645151439,PAVIA/ADA_0.3,6.899999999999962e-05,-55953.0,-4616.659999999916,900.0
0.144013,6620801.0,953481.43,163508.19,1645151439,XRAY/ADA_0.3,0.0,0.0,0.0,900.0
0.34985,2492024.0,871836.31,61415.36,1645151439,ADAX/ADA_0.3,1.4000000000014001e-05,-49.0,17.5,900.0
2.053876,417009.69,856486.44,331649.46,1645151439,AADA/ADA_0.3,0.0005399999999999849,-54.75,112.76999999990221,900.0
1.54442,339175.27,523829.29,314915.13,1645151439,VYFI/ADA_0.3,0.0,0.0,0.0,900.0
5.752795,57274.0,329485.62,321956.29,1645151439,MILK/ADA_0.3,0.020507000000000275,-102.0,589.8699999999953,900.0
0.1051,1722166.47,181000.01,64501.23,1645151439,MINt/ADA_0.3,-0.0004890000000000033,4000.0,-420.10999999998603,900.0
0.027959,6328987.6,176957.45,66166.98,1645151439,CLAP/ADA_0.3,0.0001570000000000009,-17879.66000000015,500.0,900.0
0.0,6834685596227.0,154474.71,0.0,1645151439,CHRLZ/ADA_0.3,0.0,0.0,0.0,900.0
2.082121,73605.76,153256.16,64111.38,1645151439,DANA/ADA_0.05,0.004072999999999993,-72.07000000000698,150.0,900.0
0.867273,154312.85,133831.44,1400.7,1645151439,WMT/ADA_0.05,0.0,-253.02999999999884,-219.44000000000233,900.0
0.004929,22789000.0,112341.0,9305.54,1645151439,RAVE/ADA_1.0,0.0,0.0,0.0,900.0
0.752817,141470.81,106501.71,5489.17,1645151439,SUNDAE/ADA_0.05,0.0,50.20000000001164,37.79000000000815,900.0
0.0,93434778543439.0,99894.03,9896.31,1645151439,BISON/ADA_0.3,0.0,0.0,0.0,900.0
2.8e-05,3465831916.81,98937.39,8013.31,1645151439,ASHIB/ADA_1.0,0.0,0.0,0.0,900.0
0.032546,2738560.0,89131.27,7077.44,1645151439,FIRE/ADA_0.3,0.0,0.0,0.0,900.0
0.301145,273834.94,82464.24,63221.11,1645151439,MIN/ADA_0.3,0.007247999999999977,-3351.3300000000163,1000.0,900.0
0.0,1172840224676.0,59732.34,48071.63,1645151439,HOSKY/ADA_0.3,0.0,-509198235.0,26.0,900.0
0.006486,8840122.0,57345.3,3669.12,1645151439,FLICK/ADA_0.3,0.0,0.0,0.0,900.0
0.089896,526506.0,47330.99,5721.24,1645151439,cNETA/ADA_0.3,0.00037900000000000433,-1111.0,100.0,900.0
0.011998,3410200.0,40917.28,2398.76,1645151439,CNFT/ADA_0.3,-3.200000000000078e-05,4588.0,-54.91000000000349,900.0
0.002824,12699007.28,35874.46,11173.86,1645151439,DRIP/ADA_1.0,0.0,0.0,0.0,900.0
0.116284,291362.0,33880.93,21510.9,1645151439,REVU/ADA_0.3,0.0,0.0,0.0,900.0
46.081757,689.0,31750.33,0.0,1645151439,unsi…en/ADA_1.0,0.0,0.0,0.0,900.0
0.005154,5757663.0,29679.82,0.0,1645151439,BDOGE/ADA_1.0,0.0,0.0,0.0,900.0
0.000851,33491967.69,28518.89,0.0,1645151439,MONET/ADA_0.3,0.0,0.0,0.0,900.0
0.129244,219936.9,28425.66,0.0,1645151439,MELD/ADA_1.0,0.0,0.0,0.0,900.0
0.016647,1700306.0,28305.72,0.0,1645151439,QUID/ADA_0.3,0.0,0.0,0.0,900.0
0.000745,27966106.0,20858.79,0.0,1645151439,RAG/ADA_1.0,0.0,0.0,0.0,900.0
0.411076,50733.27,20855.25,3940.57,1645151439,CARGO/ADA_0.3,0.0,0.0,0.0,900.0
27.073365,735.0,19898.92,1677.97,1645151439,XDIA…ND/ADA_1.0,0.0,0.0,0.0,900.0
0.100723,186496.52,18784.52,0.0,1645151439,MINt/ADA_0.05,0.0,0.0,0.0,900.0
0.305036,59977.33,18295.25,0.0,1645151439,MIN/ADA_0.05,0.0,0.0,0.0,900.0
0.141653,122700.0,17380.93,1523.66,1645151439,SKULL/ADA_1.0,0.0,0.0,0.0,900.0
0.000651,26515693.0,17270.71,3630.73,1645151439,KIDZ/ADA_0.3,0.0,0.0,0.0,900.0
0.422238,40384.0,17051.66,2834.14,1645151439,CDX/ADA_1.0,0.0,0.0,0.0,900.0
0.0,353385932767.0,16756.3,5343.13,1645151439,HOSKY/ADA_0.05,0.0,0.0,0.0,900.0
0.011221,1389743.0,15595.6,0.0,1645151439,GOKEY/ADA_0.3,0.0,0.0,0.0,900.0
0.032847,474709.0,15592.92,0.0,1645151439,cMETA/ADA_0.3,0.0,0.0,0.0,900.0
2.117409,6091.67,12898.55,924.34,1645151439,DANA/ADA_0.3,0.0,0.0,0.0,900.0
0.0,15845841087.0,12821.17,0.0,1645151439,MEOW/ADA_0.3,0.0,0.0,0.0,900.0
0.849174,13343.27,11330.77,255.53,1645151439,WMT/ADA_1.0,0.0,0.0,0.0,900.0
0.109,97894.0,10670.52,0.0,1645151439,Card…rm/ADA_0.3,0.0,0.0,0.0,900.0
0.04938,195716.93,9664.52,0.0,1645151439,cbTHC/ADA_0.3,0.0,0.0,0.0,900.0
108.504181,88.87,9643.36,0.0,1645151439,LQ/ADA_0.05,0.0,0.0,0.0,900.0
0.001187,8007922.0,9507.26,0.0,1645151439,FLANO/ADA_1.0,0.0,0.0,0.0,900.0
0.761174,26178446.6,19926358.88,1221757.46,1645152339,SUNDAE/ADA_0.3,-0.0016490000000000116,28395.44000000134,-21508.5,899.0
111.668855,156421.97,17467463.43,828208.06,1645152339,LQ/ADA_0.3,0.0031929999999960046,48.13000000000466,5874.120000001043,899.0
0.880163,15394191.71,13549400.75,910003.1,1645152339,WMT/ADA_0.3,6.0000000000060005e-05,-2757.329999998212,-1504.539999999106,899.0
0.129751,12883095.41,1671601.24,465765.6,1645152339,MELD/ADA_0.3,0.00016399999999999748,-7352.3499999996275,1155.5600000000559,899.0
0.098177,12757849.0,1252539.79,477707.53,1645152339,PAVIA/ADA_0.3,-9.800000000000086e-05,15269.0,261.03000000002794,899.0
0.144013,6620801.0,953481.43,163508.19,1645152339,XRAY/ADA_0.3,0.0,0.0,0.0,899.0
0.34985,2492024.0,871836.31,61415.36,1645152339,ADAX/ADA_0.3,0.0,0.0,0.0,899.0
2.060482,416341.79,857864.99,333175.26,1645152339,AADA/ADA_0.3,0.006606000000000112,-667.9000000000233,1378.5500000000466,899.0
1.54495,339117.18,523919.29,315005.4,1645152339,VYFI/ADA_0.3,0.0005300000000001415,-58.09000000002561,90.0,899.0
5.836778,56862.0,331890.92,325630.09,1645152339,MILK/ADA_0.3,0.08398299999999992,-412.0,2405.2999999999884,899.0
0.105123,1721976.77,181020.01,64521.29,1645152339,MINt/ADA_0.3,2.2999999999995246e-05,-189.69999999995343,20.0,899.0
0.027981,6326487.59,177027.59,66237.32,1645152339,CLAP/ADA_0.3,2.1999999999997716e-05,-2500.0099999997765,70.13999999998487,899.0
0.0,6834685596227.0,154474.71,0.0,1645152339,CHRLZ/ADA_0.3,0.0,0.0,0.0,899.0
2.04086,74346.32,151730.43,65831.15,1645152339,DANA/ADA_0.05,-0.04126099999999999,740.5600000000122,-1525.7300000000105,899.0
0.867273,154312.85,133831.44,1400.7,1645152339,WMT/ADA_0.05,0.0,0.0,0.0,899.0
0.005403,21772112.0,117641.0,14658.54,1645152339,RAVE/ADA_1.0,0.0004739999999999996,-1016888.0,5300.0,899.0
0.752817,141613.29,106608.98,5489.17,1645152339,SUNDAE/ADA_0.05,0.0,142.48000000001048,107.26999999998952,899.0
0.0,93434778543439.0,99894.03,9896.31,1645152339,BISON/ADA_0.3,0.0,0.0,0.0,899.0
2.8e-05,3465831916.81,98937.39,8013.31,1645152339,ASHIB/ADA_1.0,0.0,0.0,0.0,899.0
0.032616,2735653.0,89226.27,7172.72,1645152339,FIRE/ADA_0.3,7.000000000000062e-05,-2907.0,95.0,899.0
0.321631,264985.86,85227.78,66466.57,1645152339,MIN/ADA_0.3,0.020486000000000004,-8849.080000000016,2763.5399999999936,899.0
0.0,1174840224676.0,59630.96,48173.01,1645152339,HOSKY/ADA_0.3,0.0,2000000000.0,-101.37999999999738,899.0
0.006486,8840122.0,57345.3,3669.12,1645152339,FLICK/ADA_0.3,0.0,0.0,0.0,899.0
0.090237,525511.0,47420.94,5811.47,1645152339,cNETA/ADA_0.3,0.0003409999999999941,-995.0,89.95000000000437,899.0
0.011998,3410200.0,40917.28,2398.76,1645152339,CNFT/ADA_0.3,0.0,0.0,0.0,899.0
0.002911,12509144.41,36424.46,11729.36,1645152339,DRIP/ADA_1.0,8.699999999999984e-05,-189862.86999999918,550.0,899.0
0.116284,291362.0,33880.93,21510.9,1645152339,REVU/ADA_0.3,0.0,0.0,0.0,899.0
46.081757,689.0,31750.33,0.0,1645152339,unsi…en/ADA_1.0,0.0,0.0,0.0,899.0
0.005154,5757663.0,29679.82,0.0,1645152339,BDOGE/ADA_1.0,0.0,0.0,0.0,899.0
0.000851,33491967.69,28518.89,0.0,1645152339,MONET/ADA_0.3,0.0,0.0,0.0,899.0
0.129244,219936.9,28425.66,0.0,1645152339,MELD/ADA_1.0,0.0,0.0,0.0,899.0
0.016647,1700306.0,28305.72,0.0,1645152339,QUID/ADA_0.3,0.0,0.0,0.0,899.0
0.000745,27966106.0,20858.79,0.0,1645152339,RAG/ADA_1.0,0.0,0.0,0.0,899.0
0.411076,50733.27,20855.25,3940.57,1645152339,CARGO/ADA_0.3,0.0,0.0,0.0,899.0
27.073365,735.0,19898.92,1677.97,1645152339,XDIA…ND/ADA_1.0,0.0,0.0,0.0,899.0
0.100723,186496.52,18784.52,0.0,1645152339,MINt/ADA_0.05,0.0,0.0,0.0,899.0
0.305036,59977.33,18295.25,0.0,1645152339,MIN/ADA_0.05,0.0,0.0,0.0,899.0
0.141653,122700.0,17380.93,1523.66,1645152339,SKULL/ADA_1.0,0.0,0.0,0.0,899.0
0.000651,26515693.0,17270.71,3630.73,1645152339,KIDZ/ADA_0.3,0.0,0.0,0.0,899.0
0.422238,40384.0,17051.66,2834.14,1645152339,CDX/ADA_1.0,0.0,0.0,0.0,899.0
0.0,353385932767.0,16756.3,5343.13,1645152339,HOSKY/ADA_0.05,0.0,0.0,0.0,899.0
0.011221,1389743.0,15595.6,0.0,1645152339,GOKEY/ADA_0.3,0.0,0.0,0.0,899.0
0.032847,474709.0,15592.92,0.0,1645152339,cMETA/ADA_0.3,0.0,0.0,0.0,899.0
2.117409,6091.67,12898.55,924.34,1645152339,DANA/ADA_0.3,0.0,0.0,0.0,899.0
0.0,15845841087.0,12821.17,0.0,1645152339,MEOW/ADA_0.3,0.0,0.0,0.0,899.0
0.849174,13343.27,11330.77,255.53,1645152339,WMT/ADA_1.0,0.0,0.0,0.0,899.0
0.109,97894.0,10670.52,0.0,1645152339,Card…rm/ADA_0.3,0.0,0.0,0.0,899.0
0.04938,195716.93,9664.52,0.0,1645152339,cbTHC/ADA_0.3,0.0,0.0,0.0,899.0
108.504181,88.87,9643.36,0.0,1645152339,LQ/ADA_0.05,0.0,0.0,0.0,899.0
0.001187,8007922.0,9507.26,0.0,1645152339,FLANO/ADA_1.0,0.0,0.0,0.0,899.0
0.760673,26187651.71,19920263.84,1243023.59,1645153243,SUNDAE/ADA_0.3,-0.0005009999999999737,9205.109999999404,-6095.039999999106,904.0
111.692653,156409.23,17469762.16,788876.2,1645153243,LQ/ADA_0.3,0.02379800000001353,-12.739999999990687,2298.730000000447,904.0
0.881554,15385260.83,13562945.17,908046.35,1645153243,WMT/ADA_0.3,0.00139099999999992,-8930.88000000082,13544.419999999925,904.0
0.129556,12892981.16,1670374.54,456209.43,1645153243,MELD/ADA_0.3,-0.00019500000000000073,9885.75,-1226.6999999999534,904.0
0.097879,12788869.0,1251765.04,475949.49,1645153243,PAVIA/ADA_0.3,-0.0002980000000000066,31020.0,-774.75,904.0
0.144013,6620801.0,953481.43,145114.66,1645153243,XRAY/ADA_0.3,0.0,0.0,0.0,904.0
0.34985,2492024.0,871836.31,59360.66,1645153243,ADAX/ADA_0.3,0.0,0.0,0.0,904.0
2.060722,416317.6,857914.99,327252.18,1645153243,AADA/ADA_0.3,0.00024000000000024002,-24.19000000000233,50.0,904.0
1.634639,329696.45,538934.78,329305.86,1645153243,VYFI/ADA_0.3,0.08968899999999991,-9420.729999999981,15015.490000000049,904.0
5.854047,56779.0,332386.97,325690.21,1645153243,MILK/ADA_0.3,0.017268999999999757,-83.0,496.04999999998836,904.0
0.105389,1719808.36,181248.93,64587.92,1645153243,MINt/ADA_0.3,0.00026600000000000235,-2168.409999999916,228.9199999999837,904.0
0.027893,6336487.59,176749.05,66515.86,1645153243,CLAP/ADA_0.3,-8.79999999999978e-05,10000.0,-278.54000000000815,904.0
0.0,6834685596227.0,154474.71,0.0,1645153243,CHRLZ/ADA_0.3,0.0,0.0,0.0,904.0
2.04117,74340.77,151742.18,62330.15,1645153243,DANA/ADA_0.05,0.0003100000000002545,-5.55000000000291,11.75,904.0
0.867273,154312.85,133831.44,1400.7,1645153243,WMT/ADA_0.05,0.0,0.0,0.0,904.0
0.00536,21858587.0,117180.24,15119.3,1645153243,RAVE/ADA_1.0,-4.2999999999999636e-05,86475.0,-460.75999999999476,904.0
0.752817,140998.85,106146.41,5489.17,1645153243,SUNDAE/ADA_0.05,0.0,-614.4400000000023,-462.56999999999243,904.0
0.0,93434778543439.0,99894.03,9799.29,1645153243,BISON/ADA_0.3,0.0,0.0,0.0,904.0
2.8e-05,3465831916.81,98937.39,8013.31,1645153243,ASHIB/ADA_1.0,0.0,0.0,0.0,904.0
0.032626,2735227.0,89240.23,7186.72,1645153243,FIRE/ADA_0.3,1.0000000000003062e-05,-426.0,13.959999999991851,904.0
0.308189,270711.43,83430.51,68263.83,1645153243,MIN/ADA_0.3,-0.01344200000000001,5725.570000000007,-1797.270000000004,904.0
0.0,1168533135867.0,59977.46,48559.32,1645153243,HOSKY/ADA_0.3,0.0,-6307088809.0,346.5,904.0
0.006486,8840122.0,57345.3,3669.12,1645153243,FLICK/ADA_0.3,0.0,0.0,0.0,904.0
0.090237,525511.0,47420.94,5811.47,1645153243,cNETA/ADA_0.3,0.0,0.0,0.0,904.0
0.011998,3410200.0,40917.28,2398.76,1645153243,CNFT/ADA_0.3,0.0,0.0,0.0,904.0
0.002911,12509144.41,36424.46,11729.36,1645153243,DRIP/ADA_1.0,0.0,0.0,0.0,904.0
0.116284,291362.0,33880.93,21510.9,1645153243,REVU/ADA_0.3,0.0,0.0,0.0,904.0
46.081757,689.0,31750.33,0.0,1645153243,unsi…en/ADA_1.0,0.0,0.0,0.0,904.0
0.005154,5757663.0,29679.82,0.0,1645153243,BDOGE/ADA_1.0,0.0,0.0,0.0,904.0
0.000851,33491967.69,28518.89,0.0,1645153243,MONET/ADA_0.3,0.0,0.0,0.0,904.0
0.129244,219936.9,28425.66,0.0,1645153243,MELD/ADA_1.0,0.0,0.0,0.0,904.0
0.016608,1702324.0,28272.26,2263.24,1645153243,QUID/ADA_0.3,-3.899999999999737e-05,2018.0,-33.460000000002765,904.0
0.000745,27966106.0,20858.79,0.0,1645153243,RAG/ADA_1.0,0.0,0.0,0.0,904.0
0.411076,50733.27,20855.25,3940.57,1645153243,CARGO/ADA_0.3,0.0,0.0,0.0,904.0
27.073365,735.0,19898.92,1677.97,1645153243,XDIA…ND/ADA_1.0,0.0,0.0,0.0,904.0
0.100723,186496.52,18784.52,0.0,1645153243,MINt/ADA_0.05,0.0,0.0,0.0,904.0
0.305036,59977.33,18295.25,0.0,1645153243,MIN/ADA_0.05,0.0,0.0,0.0,904.0
0.141653,122700.0,17380.93,1523.66,1645153243,SKULL/ADA_1.0,0.0,0.0,0.0,904.0
0.000651,26515693.0,17270.71,3630.73,1645153243,KIDZ/ADA_0.3,0.0,0.0,0.0,904.0
0.422238,40384.0,17051.66,2834.14,1645153243,CDX/ADA_1.0,0.0,0.0,0.0,904.0
0.0,353385932767.0,16756.3,5343.13,1645153243,HOSKY/ADA_0.05,0.0,0.0,0.0,904.0
0.011221,1389743.0,15595.6,0.0,1645153243,GOKEY/ADA_0.3,0.0,0.0,0.0,904.0
0.032847,474709.0,15592.92,0.0,1645153243,cMETA/ADA_0.3,0.0,0.0,0.0,904.0
2.117409,6091.67,12898.55,924.34,1645153243,DANA/ADA_0.3,0.0,0.0,0.0,904.0
0.0,15845841087.0,12821.17,0.0,1645153243,MEOW/ADA_0.3,0.0,0.0,0.0,904.0
0.849174,13343.27,11330.77,255.53,1645153243,WMT/ADA_1.0,0.0,0.0,0.0,904.0
0.109,97894.0,10670.52,0.0,1645153243,Card…rm/ADA_0.3,0.0,0.0,0.0,904.0
0.04938,195716.93,9664.52,0.0,1645153243,cbTHC/ADA_0.3,0.0,0.0,0.0,904.0
108.504181,88.87,9643.36,0.0,1645153243,LQ/ADA_0.05,0.0,0.0,0.0,904.0
0.001187,8007922.0,9507.26,0.0,1645153243,FLANO/ADA_1.0,0.0,0.0,0.0,904.0
0.760727,26189150.14,19922794.89,1243722.33,1645154140,SUNDAE/ADA_0.3,5.3999999999998494e-05,1498.429999999702,2531.050000000745,897.0
111.494358,156548.47,17454271.3,804571.36,1645154140,LQ/ADA_0.3,-0.19829500000000166,139.2399999999907,-15490.859999999404,897.0
0.882209,15392274.53,13579210.64,910483.9,1645154140,WMT/ADA_0.3,0.0006550000000000722,7013.699999999255,16265.47000000067,897.0
0.128572,12941982.55,1663988.66,462643.65,1645154140,MELD/ADA_0.3,-0.0009840000000000126,49001.390000000596,-6385.880000000121,897.0
0.097805,12796595.0,1251573.78,476452.27,1645154140,PAVIA/ADA_0.3,-7.399999999999074e-05,7726.0,-191.2600000000093,897.0
0.144013,6620801.0,953481.43,145114.66,1645154140,XRAY/ADA_0.3,0.0,0.0,0.0,897.0
0.34985,2492024.0,871836.31,59360.66,1645154140,ADAX/ADA_0.3,0.0,0.0,0.0,897.0
2.084776,413912.53,862914.99,332267.18,1645154140,AADA/ADA_0.3,0.02405400000000002,-2405.069999999949,5000.0,897.0
1.632423,329920.47,538569.93,329670.71,1645154140,VYFI/ADA_0.3,-0.0022159999999999958,224.01999999996042,-364.8499999999767,897.0
5.856725,57365.0,335971.07,325772.43,1645154140,MILK/ADA_0.3,0.0026780000000004023,586.0,3584.100000000035,897.0
0.105389,1719808.36,181248.93,64587.92,1645154140,MINt/ADA_0.3,0.0,0.0,0.0,897.0
0.027893,6336487.59,176749.05,66515.86,1645154140,CLAP/ADA_0.3,0.0,0.0,0.0,897.0
0.0,6834685596227.0,154474.71,0.0,1645154140,CHRLZ/ADA_0.3,0.0,0.0,0.0,897.0
2.030716,74531.92,151353.2,62749.13,1645154140,DANA/ADA_0.05,-0.010454000000000185,191.14999999999418,-388.9799999999814,897.0
0.867273,154992.72,134421.07,1400.7,1645154140,WMT/ADA_0.05,0.0,679.8699999999953,589.6300000000047,897.0
0.005358,21864037.0,117151.32,15148.22,1645154140,RAVE/ADA_1.0,-2.0000000000002655e-06,5450.0,-28.919999999998254,897.0
0.752817,141237.95,106326.41,5489.17,1645154140,SUNDAE/ADA_0.05,0.0,239.10000000000582,180.0,897.0
0.0,93388175155668.0,99944.03,9899.59,1645154140,BISON/ADA_0.3,0.0,-46603387771.0,50.0,897.0
2.8e-05,3465831916.81,98937.39,8013.31,1645154140,ASHIB/ADA_1.0,0.0,0.0,0.0,897.0
0.032626,2735227.0,89240.23,7186.72,1645154140,FIRE/ADA_0.3,0.0,0.0,0.0,897.0
0.303659,272737.29,82819.18,69486.45,1645154140,MIN/ADA_0.3,-0.0045299999999999785,2025.859999999986,-611.3300000000017,897.0
0.0,1181497540132.0,59321.59,49096.07,1645154140,HOSKY/ADA_0.3,0.0,12964404265.0,-655.8700000000026,897.0
0.006486,8840122.0,57345.3,3654.05,1645154140,FLICK/ADA_0.3,0.0,0.0,0.0,897.0
0.090237,525511.0,47420.94,5360.63,1645154140,cNETA/ADA_0.3,0.0,0.0,0.0,897.0
0.011998,3410200.0,40917.28,2255.67,1645154140,CNFT/ADA_0.3,0.0,0.0,0.0,897.0
0.003288,11775243.18,38721.55,14115.92,1645154140,DRIP/ADA_1.0,0.00037700000000000016,-733901.2300000004,2297.090000000004,897.0
0.116284,291362.0,33880.93,20999.55,1645154140,REVU/ADA_0.3,0.0,0.0,0.0,897.0
46.081757,689.0,31750.33,0.0,1645154140,unsi…en/ADA_1.0,0.0,0.0,0.0,897.0
0.005154,5757663.0,29679.82,0.0,1645154140,BDOGE/ADA_1.0,0.0,0.0,0.0,897.0
0.000851,33491967.69,28518.89,0.0,1645154140,MONET/ADA_0.3,0.0,0.0,0.0,897.0
0.129244,219936.9,28425.66,0.0,1645154140,MELD/ADA_1.0,0.0,0.0,0.0,897.0
0.016608,1702324.0,28272.26,2263.24,1645154140,QUID/ADA_0.3,0.0,0.0,0.0,897.0
0.000745,27966106.0,20858.79,0.0,1645154140,RAG/ADA_1.0,0.0,0.0,0.0,897.0
0.411076,50733.27,20855.25,3303.84,1645154140,CARGO/ADA_0.3,0.0,0.0,0.0,897.0
27.073365,735.0,19898.92,1411.83,1645154140,XDIA…ND/ADA_1.0,0.0,0.0,0.0,897.0
0.100723,186496.52,18784.52,0.0,1645154140,MINt/ADA_0.05,0.0,0.0,0.0,897.0
0.305036,59977.33,18295.25,0.0,1645154140,MIN/ADA_0.05,0.0,0.0,0.0,897.0
0.141653,122700.0,17380.93,1447.91,1645154140,SKULL/ADA_1.0,0.0,0.0,0.0,897.0
0.000651,26515693.0,17270.71,3629.73,1645154140,KIDZ/ADA_0.3,0.0,0.0,0.0,897.0
0.422238,40384.0,17051.66,2968.92,1645154140,CDX/ADA_1.0,0.0,0.0,0.0,897.0
0.0,355666062112.0,16864.42,5343.13,1645154140,HOSKY/ADA_0.05,0.0,2280129345.0,108.11999999999898,897.0
0.011221,1389743.0,15595.6,0.0,1645154140,GOKEY/ADA_0.3,0.0,0.0,0.0,897.0
0.032847,474709.0,15592.92,0.0,1645154140,cMETA/ADA_0.3,0.0,0.0,0.0,897.0
2.117409,6091.67,12898.55,924.34,1645154140,DANA/ADA_0.3,0.0,0.0,0.0,897.0
0.0,15845841087.0,12821.17,0.0,1645154140,MEOW/ADA_0.3,0.0,0.0,0.0,897.0
0.849174,13343.27,11330.77,255.53,1645154140,WMT/ADA_1.0,0.0,0.0,0.0,897.0
0.109,97894.0,10670.52,0.0,1645154140,Card…rm/ADA_0.3,0.0,0.0,0.0,897.0
0.04938,195716.93,9664.52,0.0,1645154140,cbTHC/ADA_0.3,0.0,0.0,0.0,897.0
108.504181,88.87,9643.36,0.0,1645154140,LQ/ADA_0.05,0.0,0.0,0.0,897.0
0.001187,8007922.0,9507.26,0.0,1645154140,FLANO/ADA_1.0,0.0,0.0,0.0,897.0
0.760684,26191614.32,19923555.7,1244684.37,1645155039,SUNDAE/ADA_0.3,-4.300000000001525e-05,2464.179999999702,760.8099999986589,898.0
111.495874,156547.72,17454425.18,804690.57,1645155039,LQ/ADA_0.3,0.0015159999999951879,-0.75,153.87999999895692,898.0
0.882303,15395840.23,13583802.16,911209.96,1645155039,WMT/ADA_0.3,9.399999999992747e-05,3565.7000000011176,4591.519999999553,898.0
0.128609,12940137.98,1664226.57,462882.28,1645155039,MELD/ADA_0.3,3.700000000000925e-05,-1844.570000000298,237.910000000149,898.0
0.097675,12805075.0,1250748.1,477478.25,1645155039,PAVIA/ADA_0.3,-0.0001300000000000051,8480.0,-825.6799999999348,898.0
0.144101,6618781.0,953773.44,145700.42,1645155039,XRAY/ADA_0.3,8.800000000000474e-05,-2020.0,292.0099999998929,898.0
0.34989,2491882.0,871886.31,59410.81,1645155039,ADAX/ADA_0.3,3.999999999998449e-05,-142.0,50.0,898.0
2.085258,413864.71,863014.99,332367.48,1645155039,AADA/ADA_0.3,0.0004819999999998714,-47.820000000006985,100.0,898.0
1.628587,330309.42,537937.64,330303.0,1645155039,VYFI/ADA_0.3,-0.0038359999999999506,388.95000000001164,-632.2900000000373,898.0
5.877987,57262.0,336585.34,328768.07,1645155039,MILK/ADA_0.3,0.021262000000000114,-103.0,614.2700000000186,898.0
0.101879,1749225.36,178209.83,67627.02,1645155039,MINt/ADA_0.3,-0.0035099999999999992,29417.0,-3039.100000000006,898.0
0.027893,6337567.93,176779.19,66515.86,1645155039,CLAP/ADA_0.3,0.0,1080.339999999851,30.14000000001397,898.0
0.0,6834685596227.0,154474.71,0.0,1645155039,CHRLZ/ADA_0.3,0.0,0.0,0.0,898.0
2.030716,74539.27,151368.12,62749.13,1645155039,DANA/ADA_0.05,0.0,7.350000000005821,14.919999999983702,898.0
0.867273,154992.72,134421.07,1400.7,1645155039,WMT/ADA_0.05,0.0,0.0,0.0,898.0
0.00526,22066889.0,116085.09,16214.45,1645155039,RAVE/ADA_1.0,-9.8e-05,202852.0,-1066.2300000000105,898.0
0.752817,141237.95,106326.41,5489.17,1645155039,SUNDAE/ADA_0.05,0.0,0.0,0.0,898.0
0.0,93341618304225.0,99994.03,9899.59,1645155039,BISON/ADA_0.3,0.0,-46556851443.0,50.0,898.0
2.8e-05,3465831916.81,98937.39,8013.31,1645155039,ASHIB/ADA_1.0,0.0,0.0,0.0,898.0
0.032626,2735227.0,89240.23,7186.72,1645155039,FIRE/ADA_0.3,0.0,0.0,0.0,898.0
0.304758,272245.68,82969.18,69636.9,1645155039,MIN/ADA_0.3,0.0010989999999999611,-491.60999999998603,150.0,898.0
0.0,1181005695687.0,59346.37,49120.92,1645155039,HOSKY/ADA_0.3,0.0,-491844445.0,24.780000000006112,898.0
0.006501,8830342.0,57409.01,3781.85,1645155039,FLICK/ADA_0.3,1.5000000000000256e-05,-9780.0,63.70999999999913,898.0
0.090066,526011.0,47376.0,5405.57,1645155039,cNETA/ADA_0.3,-0.00017100000000000448,500.0,-44.94000000000233,898.0
0.003237,12815121.04,41489.15,14438.95,1645155039,DRIP/ADA_1.0,-5.1000000000000264e-05,1039877.8599999994,2767.5999999999985,898.0
0.011998,3410200.0,40917.28,2255.67,1645155039,CNFT/ADA_0.3,0.0,0.0,0.0,898.0
0.116284,291362.0,33880.93,20999.55,1645155039,REVU/ADA_0.3,0.0,0.0,0.0,898.0
46.081757,689.0,31750.33,0.0,1645155039,unsi…en/ADA_1.0,0.0,0.0,0.0,898.0
0.005154,5757663.0,29679.82,0.0,1645155039,BDOGE/ADA_1.0,0.0,0.0,0.0,898.0
0.000851,33491967.69,28518.89,0.0,1645155039,MONET/ADA_0.3,0.0,0.0,0.0,898.0
0.129244,219936.9,28425.66,0.0,1645155039,MELD/ADA_1.0,0.0,0.0,0.0,898.0
0.016608,1702324.0,28272.26,2263.24,1645155039,QUID/ADA_0.3,0.0,0.0,0.0,898.0
0.000745,27966106.0,20858.79,0.0,1645155039,RAG/ADA_1.0,0.0,0.0,0.0,898.0
0.411076,50733.27,20855.25,3303.84,1645155039,CARGO/ADA_0.3,0.0,0.0,0.0,898.0
27.073365,735.0,19898.92,1411.83,1645155039,XDIA…ND/ADA_1.0,0.0,0.0,0.0,898.0
0.100723,186496.52,18784.52,0.0,1645155039,MINt/ADA_0.05,0.0,0.0,0.0,898.0
0.305036,59977.33,18295.25,0.0,1645155039,MIN/ADA_0.05,0.0,0.0,0.0,898.0
0.141653,122700.0,17380.93,1447.91,1645155039,SKULL/ADA_1.0,0.0,0.0,0.0,898.0
0.000651,26515693.0,17270.71,3629.73,1645155039,KIDZ/ADA_0.3,0.0,0.0,0.0,898.0
0.415556,40709.0,16916.88,2968.92,1645155039,CDX/ADA_1.0,-0.006682000000000021,325.0,-134.77999999999884,898.0
0.0,355666062112.0,16864.42,5343.13,1645155039,HOSKY/ADA_0.05,0.0,0.0,0.0,898.0
0.011221,1389743.0,15595.6,0.0,1645155039,GOKEY/ADA_0.3,0.0,0.0,0.0,898.0
0.032847,474709.0,15592.92,0.0,1645155039,cMETA/ADA_0.3,0.0,0.0,0.0,898.0
2.117409,6091.67,12898.55,924.34,1645155039,DANA/ADA_0.3,0.0,0.0,0.0,898.0
0.0,15845841087.0,12821.17,0.0,1645155039,MEOW/ADA_0.3,0.0,0.0,0.0,898.0
0.849174,13343.27,11330.77,255.53,1645155039,WMT/ADA_1.0,0.0,0.0,0.0,898.0
0.109,97894.0,10670.52,0.0,1645155039,Card…rm/ADA_0.3,0.0,0.0,0.0,898.0
108.504181,91.1,9885.55,0.0,1645155039,LQ/ADA_0.05,0.0,2.2299999999999898,242.1899999999987,898.0
0.04938,195716.93,9664.52,0.0,1645155039,cbTHC/ADA_0.3,0.0,0.0,0.0,898.0
0.001187,8007922.0,9507.26,0.0,1645155039,FLANO/ADA_1.0,0.0,0.0,0.0,898.0
0.761033,26188882.8,19930607.44,1252529.84,1645155937,SUNDAE/ADA_0.3,0.0003489999999999327,-2731.519999999553,7051.740000002086,898.0
111.522844,156528.82,17456540.25,807479.95,1645155937,LQ/ADA_0.3,0.02697000000000571,-18.89999999999418,2115.070000000298,898.0
0.882488,15395238.7,13586115.92,915294.63,1645155937,WMT/ADA_0.3,0.00018500000000010175,-601.5300000011921,2313.7599999997765,898.0
0.127661,12988237.54,1658102.68,475976.61,1645155937,MELD/ADA_0.3,-0.0009480000000000044,48099.55999999866,-6123.89000000013,898.0
0.097226,12834706.0,1247869.45,480429.41,1645155937,PAVIA/ADA_0.3,-0.0004489999999999911,29631.0,-2878.6500000001397,898.0
0.144101,6618781.0,953773.44,145700.42,1645155937,XRAY/ADA_0.3,0.0,0.0,0.0,898.0
0.350652,2489178.0,872836.31,60363.66,1645155937,ADAX/ADA_0.3,0.0007620000000000404,-2704.0,950.0,898.0
2.085258,413864.71,863014.99,332367.48,1645155937,AADA/ADA_0.3,0.0,0.0,0.0,898.0
1.628587,330309.42,537937.64,330303.0,1645155937,VYFI/ADA_0.3,0.0,0.0,0.0,898.0
5.940384,56961.0,338370.23,330558.32,1645155937,MILK/ADA_0.3,0.062396999999999814,-301.0,1784.8899999999558,898.0
0.101879,1749225.36,178209.83,67627.02,1645155937,MINt/ADA_0.3,0.0,0.0,0.0,898.0
0.027913,6335367.93,176840.76,66577.62,1645155937,CLAP/ADA_0.3,1.9999999999999185e-05,-2200.0,61.570000000006985,898.0
0.0,6834685596227.0,154474.71,0.0,1645155937,CHRLZ/ADA_0.3,0.0,0.0,0.0,898.0
2.015415,74821.78,150796.96,63520.33,1645155937,DANA/ADA_0.05,-0.015301000000000009,282.50999999999476,-571.1600000000035,898.0
0.867273,154992.72,134421.07,1400.7,1645155937,WMT/ADA_0.05,0.0,0.0,0.0,898.0
0.00526,22066889.0,116085.09,16214.45,1645155937,RAVE/ADA_1.0,0.0,0.0,0.0,898.0
0.752817,142462.48,107248.26,5489.17,1645155937,SUNDAE/ADA_0.05,0.0,1224.5299999999988,921.8499999999913,898.0
0.0,93341618304225.0,99994.03,9899.59,1645155937,BISON/ADA_0.3,0.0,0.0,0.0,898.0
2.8e-05,3465831916.81,98937.39,8013.31,1645155937,ASHIB/ADA_1.0,0.0,0.0,0.0,898.0
0.032626,2735227.0,89240.23,7186.72,1645155937,FIRE/ADA_0.3,0.0,0.0,0.0,898.0
0.304758,272245.68,82969.18,69636.9,1645155937,MIN/ADA_0.3,0.0,0.0,0.0,898.0
0.0,1177464890866.0,59525.37,49300.46,1645155937,HOSKY/ADA_0.3,0.0,-3540804821.0,179.0,898.0
0.006501,8830342.0,57409.01,3781.85,1645155937,FLICK/ADA_0.3,0.0,0.0,0.0,898.0
0.088334,532161.0,47008.08,5863.56,1645155937,cNETA/ADA_0.3,-0.0017319999999999974,6150.0,-367.91999999999825,898.0
0.011998,3410200.0,40917.28,2255.67,1645155937,CNFT/ADA_0.3,0.0,0.0,0.0,898.0
0.003096,13104507.86,40581.93,15346.17,1645155937,DRIP/ADA_1.0,-0.00014100000000000007,289386.8200000003,-907.2200000000012,898.0
0.116284,291362.0,33880.93,20999.55,1645155937,REVU/ADA_0.3,0.0,0.0,0.0,898.0
46.081757,689.0,31750.33,0.0,1645155937,unsi…en/ADA_1.0,0.0,0.0,0.0,898.0
0.005154,5757663.0,29679.82,0.0,1645155937,BDOGE/ADA_1.0,0.0,0.0,0.0,898.0
0.000851,33491967.69,28518.89,0.0,1645155937,MONET/ADA_0.3,0.0,0.0,0.0,898.0
0.129244,219936.9,28425.66,0.0,1645155937,MELD/ADA_1.0,0.0,0.0,0.0,898.0
0.016608,1702324.0,28272.26,2263.24,1645155937,QUID/ADA_0.3,0.0,0.0,0.0,898.0
0.000745,27966106.0,20858.79,0.0,1645155937,RAG/ADA_1.0,0.0,0.0,0.0,898.0
0.411076,50733.27,20855.25,3429.21,1645155937,CARGO/ADA_0.3,0.0,0.0,0.0,898.0
27.073365,735.0,19898.92,1411.83,1645155937,XDIA…ND/ADA_1.0,0.0,0.0,0.0,898.0
0.100723,186496.52,18784.52,0.0,1645155937,MINt/ADA_0.05,0.0,0.0,0.0,898.0
0.305036,59977.33,18295.25,0.0,1645155937,MIN/ADA_0.05,0.0,0.0,0.0,898.0
0.141653,122700.0,17380.93,1447.91,1645155937,SKULL/ADA_1.0,0.0,0.0,0.0,898.0
0.000651,26515693.0,17270.71,3629.73,1645155937,KIDZ/ADA_0.3,0.0,0.0,0.0,898.0
0.415556,40709.0,16916.88,2968.92,1645155937,CDX/ADA_1.0,0.0,0.0,0.0,898.0
0.0,355666062112.0,16864.42,5343.13,1645155937,HOSKY/ADA_0.05,0.0,0.0,0.0,898.0
0.011221,1389743.0,15595.6,0.0,1645155937,GOKEY/ADA_0.3,0.0,0.0,0.0,898.0
0.032847,474709.0,15592.92,0.0,1645155937,cMETA/ADA_0.3,0.0,0.0,0.0,898.0
2.117409,6091.67,12898.55,924.34,1645155937,DANA/ADA_0.3,0.0,0.0,0.0,898.0
0.0,15845841087.0,12821.17,0.0,1645155937,MEOW/ADA_0.3,0.0,0.0,0.0,898.0
0.849174,13343.27,11330.77,255.53,1645155937,WMT/ADA_1.0,0.0,0.0,0.0,898.0
0.109,97894.0,10670.52,0.0,1645155937,Card…rm/ADA_0.3,0.0,0.0,0.0,898.0
108.504181,91.1,9885.55,0.0,1645155937,LQ/ADA_0.05,0.0,0.0,0.0,898.0
0.04938,195716.93,9664.52,0.0,1645155937,cbTHC/ADA_0.3,0.0,0.0,0.0,898.0
0.001187,8007922.0,9507.26,0.0,1645155937,FLANO/ADA_1.0,0.0,0.0,0.0,898.0
0.761047,26188684.51,19930834.89,1248378.73,1645156842,SUNDAE/ADA_0.3,1.4000000000069512e-05,-198.28999999910593,227.44999999925494,904.0
111.515732,156564.7,17459427.61,615002.43,1645156842,LQ/ADA_0.3,-0.0071120000000064465,35.88000000000466,2887.359999999404,904.0
0.877856,15454216.57,13566588.4,937189.96,1645156842,WMT/ADA_0.3,-0.0046320000000000805,58977.87000000104,-19527.519999999553,904.0
0.127873,12977494.73,1659483.44,469412.4,1645156842,MELD/ADA_0.3,0.00021199999999998997,-10742.809999998659,1380.7600000000093,904.0
0.097102,12843141.0,1247102.92,475551.03,1645156842,PAVIA/ADA_0.3,-0.000124000000000013,8435.0,-766.5300000000279,904.0
0.144107,6618643.0,953793.44,124867.91,1645156842,XRAY/ADA_0.3,6.0000000000060005e-06,-138.0,20.0,904.0
0.350579,2489439.0,872745.07,57763.01,1645156842,ADAX/ADA_0.3,-7.300000000004525e-05,261.0,-91.2400000001071,904.0
2.085258,413864.71,863014.99,319357.95,1645156842,AADA/ADA_0.3,0.0,0.0,0.0,904.0
1.62668,330503.79,537623.96,328686.85,1645156842,VYFI/ADA_0.3,-0.001907000000000103,194.36999999999534,-313.6800000000512,904.0
5.94174,56955.0,338411.82,327756.26,1645156842,MILK/ADA_0.3,0.001356000000000357,-6.0,41.59000000002561,904.0
0.101879,1749225.36,178209.83,67627.02,1645156842,MINt/ADA_0.3,0.0,0.0,0.0,904.0
0.027922,6334368.62,176868.74,66605.69,1645156842,CLAP/ADA_0.3,8.999999999998592e-06,-999.3099999995902,27.979999999981374,904.0
0.0,6834685596227.0,154474.71,0.0,1645156842,CHRLZ/ADA_0.3,0.0,0.0,0.0,904.0
2.016217,74806.91,150826.96,63550.35,1645156842,DANA/ADA_0.05,0.0008020000000001914,-14.869999999995343,30.0,904.0
0.867273,155063.96,134482.85,1400.7,1645156842,WMT/ADA_0.05,0.0,71.23999999999069,61.779999999998836,904.0
0.005244,22101889.0,115903.09,16396.44,1645156842,RAVE/ADA_1.0,-1.599999999999952e-05,35000.0,-182.0,904.0
0.752817,142510.52,107284.43,5489.17,1645156842,SUNDAE/ADA_0.05,0.0,48.039999999979045,36.169999999998254,904.0
0.0,93457633304225.0,99870.27,10023.34,1645156842,BISON/ADA_0.3,0.0,116015000000.0,-123.75999999999476,904.0
2.8e-05,3465831916.81,98937.39,8013.31,1645156842,ASHIB/ADA_1.0,0.0,0.0,0.0,904.0
0.032626,2735227.0,89240.23,7186.72,1645156842,FIRE/ADA_0.3,0.0,0.0,0.0,904.0
0.304758,272245.68,82969.18,69636.9,1645156842,MIN/ADA_0.3,0.0,0.0,0.0,904.0
0.0,1177464890866.0,59525.37,49300.46,1645156842,HOSKY/ADA_0.3,0.0,0.0,0.0,904.0
0.006501,8830342.0,57409.01,3781.85,1645156842,FLICK/ADA_0.3,0.0,0.0,0.0,904.0
0.088334,532161.0,47008.08,5863.56,1645156842,cNETA/ADA_0.3,0.0,0.0,0.0,904.0
0.003093,13110521.84,40563.5,15364.6,1645156842,DRIP/ADA_1.0,-2.9999999999999645e-06,6013.980000000447,-18.43000000000029,904.0
0.011654,3460200.0,40327.77,2845.18,1645156842,CNFT/ADA_0.3,-0.00034400000000000056,50000.0,-589.510000000002,904.0
0.116284,291362.0,33880.93,20999.55,1645156842,REVU/ADA_0.3,0.0,0.0,0.0,904.0
46.081757,689.0,31750.33,0.0,1645156842,unsi…en/ADA_1.0,0.0,0.0,0.0,904.0
0.005154,5757663.0,29679.82,0.0,1645156842,BDOGE/ADA_1.0,0.0,0.0,0.0,904.0
0.000851,33491967.69,28518.89,0.0,1645156842,MONET/ADA_0.3,0.0,0.0,0.0,904.0
0.129244,219936.9,28425.66,0.0,1645156842,MELD/ADA_1.0,0.0,0.0,0.0,904.0
0.016608,1702324.0,28272.26,1426.38,1645156842,QUID/ADA_0.3,0.0,0.0,0.0,904.0
0.416011,50431.9,20980.25,2752.19,1645156842,CARGO/ADA_0.3,0.004935000000000023,-301.36999999999534,125.0,904.0
0.000745,27966106.0,20858.79,0.0,1645156842,RAG/ADA_1.0,0.0,0.0,0.0,904.0
27.073365,735.0,19898.92,1411.83,1645156842,XDIA…ND/ADA_1.0,0.0,0.0,0.0,904.0
0.100723,186496.52,18784.52,0.0,1645156842,MINt/ADA_0.05,0.0,0.0,0.0,904.0
0.305036,59977.33,18295.25,0.0,1645156842,MIN/ADA_0.05,0.0,0.0,0.0,904.0
0.140111,123377.0,17286.5,1542.34,1645156842,SKULL/ADA_1.0,-0.0015419999999999878,677.0,-94.43000000000029,904.0
0.000651,26515693.0,17270.71,3629.73,1645156842,KIDZ/ADA_0.3,0.0,0.0,0.0,904.0
0.415556,40709.0,16916.88,2968.92,1645156842,CDX/ADA_1.0,0.0,0.0,0.0,904.0
0.0,355666062112.0,16864.42,5343.13,1645156842,HOSKY/ADA_0.05,0.0,0.0,0.0,904.0
0.011221,1389743.0,15595.6,0.0,1645156842,GOKEY/ADA_0.3,0.0,0.0,0.0,904.0
0.032847,474709.0,15592.92,0.0,1645156842,cMETA/ADA_0.3,0.0,0.0,0.0,904.0
0.036689,424265.84,15566.25,4.31,1645156842,NEWM/ADA_1.0,,,,
0.0,15252796994.0,13321.17,1064.12,1645156842,MEOW/ADA_0.3,0.0,-593044093.0,500.0,904.0
2.117409,6091.67,12898.55,924.34,1645156842,DANA/ADA_0.3,0.0,0.0,0.0,904.0
0.849174,13343.27,11330.77,255.53,1645156842,WMT/ADA_1.0,0.0,0.0,0.0,904.0
0.109,97894.0,10670.52,0.0,1645156842,Card…rm/ADA_0.3,0.0,0.0,0.0,904.0
108.504181,91.1,9885.55,0.0,1645156842,LQ/ADA_0.05,0.0,0.0,0.0,904.0
0.04938,195716.93,9664.52,0.0,1645156842,cbTHC/ADA_0.3,0.0,0.0,0.0,904.0
0.760878,26191945.52,19928898.41,1253800.18,1645157742,SUNDAE/ADA_0.3,-0.00016899999999997473,3261.009999997914,-1936.480000000447,899.0
111.529988,156688.74,17475494.02,616124.37,1645157742,LQ/ADA_0.3,0.014256000000003155,124.03999999997905,16066.410000000149,899.0
0.877997,15453766.85,13568369.1,938282.61,1645157742,WMT/ADA_0.3,0.00014100000000005775,-449.72000000067055,1780.699999999255,899.0
0.128184,12961783.39,1661500.99,471436.02,1645157742,MELD/ADA_0.3,0.0003110000000000057,-15711.339999999851,2017.5500000000466,899.0
0.097126,12841542.0,1247258.69,475707.27,1645157742,PAVIA/ADA_0.3,2.4000000000010124e-05,-1599.0,155.77000000001863,899.0
0.14415,6617640.0,953938.44,125158.78,1645157742,XRAY/ADA_0.3,4.299999999998749e-05,-1003.0,145.0,899.0
0.350579,2489439.0,872745.07,57763.01,1645157742,ADAX/ADA_0.3,0.0,0.0,0.0,899.0
2.105515,411872.75,867204.56,324611.9,1645157742,AADA/ADA_0.3,0.02025699999999997,-1991.960000000021,4189.570000000065,899.0
1.619326,331254.73,536409.62,331508.28,1645157742,VYFI/ADA_0.3,-0.007353999999999861,750.9400000000023,-1214.3399999999674,899.0
5.941323,56957.0,338399.98,327768.1,1645157742,MILK/ADA_0.3,-0.0004170000000005558,2.0,-11.840000000025611,899.0
0.102222,1746294.46,178509.83,67853.39,1645157742,MINt/ADA_0.3,0.0003429999999999961,-2930.9000000001397,300.0,899.0
0.027794,6348912.25,176464.8,66803.45,1645157742,CLAP/ADA_0.3,-0.00012799999999999964,14543.629999999888,-403.9400000000023,899.0
0.0,6834685596227.0,154474.71,0.0,1645157742,CHRLZ/ADA_0.3,0.0,0.0,0.0,899.0
2.027415,74600.23,151245.64,60718.42,1645157742,DANA/ADA_0.05,0.01119799999999982,-206.68000000000757,418.6800000000221,899.0
0.867273,153710.88,133309.36,1400.7,1645157742,WMT/ADA_0.05,0.0,-1353.0799999999872,-1173.4900000000198,899.0
0.005244,22101889.0,115903.09,16396.44,1645157742,RAVE/ADA_1.0,0.0,0.0,0.0,899.0
0.752817,143972.09,108384.72,5489.17,1645157742,SUNDAE/ADA_0.05,0.0,1461.570000000007,1100.2900000000081,899.0
2.8e-05,3465831916.81,98937.39,7811.31,1645157742,ASHIB/ADA_1.0,0.0,0.0,0.0,899.0
0.0,94483643304225.0,98788.99,11104.63,1645157742,BISON/ADA_0.3,0.0,1026010000000.0,-1081.2799999999988,899.0
0.032626,2735227.0,89240.23,7186.72,1645157742,FIRE/ADA_0.3,0.0,0.0,0.0,899.0
0.284563,281771.13,80181.88,74864.09,1645157742,MIN/ADA_0.3,-0.020194999999999963,9525.450000000012,-2787.2999999999884,899.0
0.0,1177464890866.0,59525.37,49295.46,1645157742,HOSKY/ADA_0.3,0.0,0.0,0.0,899.0
0.006501,8830342.0,57409.01,3781.85,1645157742,FLICK/ADA_0.3,0.0,0.0,0.0,899.0
0.088334,532161.0,47008.08,5863.56,1645157742,cNETA/ADA_0.3,0.0,0.0,0.0,899.0
0.003066,13150858.46,40332.45,15275.83,1645157742,DRIP/ADA_1.0,-2.699999999999968e-05,40336.62000000104,-231.0500000000029,899.0
0.011654,3460200.0,40327.77,2795.03,1645157742,CNFT/ADA_0.3,0.0,0.0,0.0,899.0
0.116284,291362.0,33880.93,20999.55,1645157742,REVU/ADA_0.3,0.0,0.0,0.0,899.0
46.081757,689.0,31750.33,0.0,1645157742,unsi…en/ADA_1.0,0.0,0.0,0.0,899.0
0.005154,5757663.0,29679.82,0.0,1645157742,BDOGE/ADA_1.0,0.0,0.0,0.0,899.0
0.000851,33491967.69,28518.89,0.0,1645157742,MONET/ADA_0.3,0.0,0.0,0.0,899.0
0.129244,219936.9,28425.66,0.0,1645157742,MELD/ADA_1.0,0.0,0.0,0.0,899.0
0.016608,1702324.0,28272.26,1426.38,1645157742,QUID/ADA_0.3,0.0,0.0,0.0,899.0
0.416011,50431.9,20980.25,2752.19,1645157742,CARGO/ADA_0.3,0.0,0.0,0.0,899.0
0.000745,27966106.0,20858.79,0.0,1645157742,RAG/ADA_1.0,0.0,0.0,0.0,899.0
27.184221,734.0,19953.21,1466.66,1645157742,XDIA…ND/ADA_1.0,0.11085600000000184,-1.0,54.29000000000087,899.0
0.100723,186496.52,18784.52,0.0,1645157742,MINt/ADA_0.05,0.0,0.0,0.0,899.0
0.305036,59977.33,18295.25,0.0,1645157742,MIN/ADA_0.05,0.0,0.0,0.0,899.0
0.140111,123377.0,17286.5,1542.34,1645157742,SKULL/ADA_1.0,0.0,0.0,0.0,899.0
0.000651,26515693.0,17270.71,3629.73,1645157742,KIDZ/ADA_0.3,0.0,0.0,0.0,899.0
0.415556,40709.0,16916.88,2968.92,1645157742,CDX/ADA_1.0,0.0,0.0,0.0,899.0
0.0,355666062112.0,16864.42,5343.13,1645157742,HOSKY/ADA_0.05,0.0,0.0,0.0,899.0
0.033182,472310.0,15672.38,89.73,1645157742,cMETA/ADA_0.3,0.00033500000000000196,-2399.0,79.45999999999913,899.0
0.011221,1389743.0,15595.6,0.0,1645157742,GOKEY/ADA_0.3,0.0,0.0,0.0,899.0
0.036689,424265.84,15566.25,4.31,1645157742,NEWM/ADA_1.0,0.0,0.0,0.0,899.0
0.0,15252796994.0,13321.17,1064.12,1645157742,MEOW/ADA_0.3,0.0,0.0,0.0,899.0
2.117409,6091.67,12898.55,924.34,1645157742,DANA/ADA_0.3,0.0,0.0,0.0,899.0
0.849174,13343.27,11330.77,255.53,1645157742,WMT/ADA_1.0,0.0,0.0,0.0,899.0
0.109,97894.0,10670.52,0.0,1645157742,Card…rm/ADA_0.3,0.0,0.0,0.0,899.0
108.504181,91.17,9892.34,0.0,1645157742,LQ/ADA_0.05,0.0,0.07000000000000739,6.790000000000873,899.0
0.04938,195716.93,9664.52,0.0,1645157742,cbTHC/ADA_0.3,0.0,0.0,0.0,899.0
0.76089,26192413.09,19929547.73,1254357.25,1645158642,SUNDAE/ADA_0.3,1.1999999999900979e-05,467.570000000298,649.320000000298,899.0
111.529988,156698.94,17476631.63,616625.87,1645158642,LQ/ADA_0.3,0.0,10.200000000011642,1137.609999999404,899.0
0.878385,15450360.98,13571369.1,941291.61,1645158642,WMT/ADA_0.3,0.00038799999999994395,-3405.8699999991804,3000.0,899.0
0.128159,12963349.93,1661382.0,472345.63,1645158642,MELD/ADA_0.3,-2.4999999999997247e-05,1566.539999999106,-118.98999999999069,899.0
0.097142,12840501.0,1247360.37,475875.99,1645158642,PAVIA/ADA_0.3,1.6000000000002124e-05,-1041.0,101.68000000016764,899.0
0.144241,6615566.0,954238.44,125459.68,1645158642,XRAY/ADA_0.3,9.100000000000774e-05,-2074.0,300.0,899.0
0.350579,2489439.0,872745.07,57763.01,1645158642,ADAX/ADA_0.3,0.0,0.0,0.0,899.0
2.110012,411434.29,868131.51,325541.62,1645158642,AADA/ADA_0.3,0.004497000000000195,-438.46000000002095,926.9499999999534,899.0
1.620532,331131.64,536609.62,331708.88,1645158642,VYFI/ADA_0.3,0.0012060000000000404,-123.0899999999674,200.0,899.0
5.733335,57983.0,332435.96,334029.78,1645158642,MILK/ADA_0.3,-0.2079879999999994,1026.0,-5964.01999999996,899.0
0.103981,1731480.92,180041.65,69389.8,1645158642,MINt/ADA_0.3,0.0017590000000000106,-14813.540000000037,1531.820000000007,899.0
0.027794,6348912.25,176464.8,66803.45,1645158642,CLAP/ADA_0.3,0.0,0.0,0.0,899.0
0.0,6834685596227.0,154474.71,0.0,1645158642,CHRLZ/ADA_0.3,0.0,0.0,0.0,899.0
2.043917,74298.64,151860.28,62146.41,1645158642,DANA/ADA_0.05,0.016502000000000017,-301.5899999999965,614.6399999999849,899.0
0.867273,153427.68,133063.75,1400.7,1645158642,WMT/ADA_0.05,0.0,-283.20000000001164,-245.60999999998603,899.0
0.005244,22101889.0,115903.09,16396.44,1645158642,RAVE/ADA_1.0,0.0,0.0,0.0,899.0
0.752817,144022.29,108422.52,5489.17,1645158642,SUNDAE/ADA_0.05,0.0,50.20000000001164,37.80000000000291,899.0
2.8e-05,3465831916.81,98937.39,7811.31,1645158642,ASHIB/ADA_1.0,0.0,0.0,0.0,899.0
0.0,94483643304225.0,98788.99,11104.63,1645158642,BISON/ADA_0.3,0.0,0.0,0.0,899.0
0.032626,2735227.0,89240.23,7186.72,1645158642,FIRE/ADA_0.3,0.0,0.0,0.0,899.0
0.290446,278907.29,81007.67,75456.66,1645158642,MIN/ADA_0.3,0.005882999999999972,-2863.8400000000256,825.7899999999936,899.0
0.0,1167447746021.0,60037.65,49809.28,1645158642,HOSKY/ADA_0.3,0.0,-10017144845.0,512.2799999999988,899.0
0.006501,8830342.0,57409.01,3781.85,1645158642,FLICK/ADA_0.3,0.0,0.0,0.0,899.0
0.088334,532161.0,47008.08,5863.56,1645158642,cNETA/ADA_0.3,0.0,0.0,0.0,899.0
0.011654,3460200.0,40327.77,2795.03,1645158642,CNFT/ADA_0.3,0.0,0.0,0.0,899.0
0.003065,13154858.46,40320.31,15287.97,1645158642,DRIP/ADA_1.0,-1.0000000000001327e-06,4000.0,-12.139999999999418,899.0
0.116284,291362.0,33880.93,20999.55,1645158642,REVU/ADA_0.3,0.0,0.0,0.0,899.0
46.081757,689.0,31750.33,0.0,1645158642,unsi…en/ADA_1.0,0.0,0.0,0.0,899.0
0.005154,5757663.0,29679.82,0.0,1645158642,BDOGE/ADA_1.0,0.0,0.0,0.0,899.0
0.000851,33491967.69,28518.89,0.0,1645158642,MONET/ADA_0.3,0.0,0.0,0.0,899.0
0.129244,219936.9,28425.66,0.0,1645158642,MELD/ADA_1.0,0.0,0.0,0.0,899.0
0.016666,1699328.0,28322.26,1476.53,1645158642,QUID/ADA_0.3,5.7999999999999025e-05,-2996.0,50.0,899.0
0.416011,50431.9,20980.25,2752.19,1645158642,CARGO/ADA_0.3,0.0,0.0,0.0,899.0
0.000745,27966106.0,20858.79,0.0,1645158642,RAG/ADA_1.0,0.0,0.0,0.0,899.0
27.184221,734.0,19953.21,1466.66,1645158642,XDIA…ND/ADA_1.0,0.0,0.0,0.0,899.0
0.100723,186496.52,18784.52,0.0,1645158642,MINt/ADA_0.05,0.0,0.0,0.0,899.0
0.305036,59977.33,18295.25,0.0,1645158642,MIN/ADA_0.05,0.0,0.0,0.0,899.0
0.140111,123377.0,17286.5,1542.34,1645158642,SKULL/ADA_1.0,0.0,0.0,0.0,899.0
0.000651,26515693.0,17270.71,3629.73,1645158642,KIDZ/ADA_0.3,0.0,0.0,0.0,899.0
0.415556,40709.0,16916.88,2968.92,1645158642,CDX/ADA_1.0,0.0,0.0,0.0,899.0
0.0,355666062112.0,16864.42,5343.13,1645158642,HOSKY/ADA_0.05,0.0,0.0,0.0,899.0
0.033182,472310.0,15672.38,89.73,1645158642,cMETA/ADA_0.3,0.0,0.0,0.0,899.0
0.011221,1389743.0,15595.6,0.0,1645158642,GOKEY/ADA_0.3,0.0,0.0,0.0,899.0
0.036689,424265.84,15566.25,4.31,1645158642,NEWM/ADA_1.0,0.0,0.0,0.0,899.0
0.0,15252796994.0,13321.17,1064.12,1645158642,MEOW/ADA_0.3,0.0,0.0,0.0,899.0
2.117409,6091.67,12898.55,924.34,1645158642,DANA/ADA_0.3,0.0,0.0,0.0,899.0
0.849174,13343.27,11330.77,255.53,1645158642,WMT/ADA_1.0,0.0,0.0,0.0,899.0
0.109,97894.0,10670.52,0.0,1645158642,Card…rm/ADA_0.3,0.0,0.0,0.0,899.0
0.04938,195716.93,9664.52,0.0,1645158642,cbTHC/ADA_0.3,0.0,0.0,0.0,899.0
108.50418,88.93,9650.15,0.0,1645158642,LQ/ADA_0.05,-9.999999974752427e-07,-2.239999999999995,-242.1900000000005,899.0
0.758743,26236688.27,19906923.32,1347107.2,1645159541,SUNDAE/ADA_0.3,-0.00214700000000001,44275.1799999997,-22624.41000000015,899.0
111.610408,156664.83,17485426.59,622453.3,1645159541,LQ/ADA_0.3,0.08042000000000371,-34.110000000015134,8794.960000000894,899.0
0.878451,15455691.3,13577073.62,941822.81,1645159541,WMT/ADA_0.3,6.60000000000105e-05,5330.320000000298,5704.519999999553,899.0
0.12867,12937650.8,1664698.5,477805.72,1645159541,MELD/ADA_0.3,0.0005110000000000114,-25699.129999998957,3316.5,899.0
0.097064,12845696.0,1246863.49,478661.9,1645159541,PAVIA/ADA_0.3,-7.800000000000862e-05,5195.0,-496.8800000001211,899.0
0.144241,6615566.0,954238.44,125459.68,1645159541,XRAY/ADA_0.3,0.0,0.0,0.0,899.0
0.350579,2489439.0,872745.07,57763.01,1645159541,ADAX/ADA_0.3,0.0,0.0,0.0,899.0
2.103835,412038.77,866861.96,326891.29,1645159541,AADA/ADA_0.3,-0.006177000000000099,604.4800000000396,-1269.5500000000466,899.0
1.620532,331131.64,536609.62,331708.88,1645159541,VYFI/ADA_0.3,0.0,0.0,0.0,899.0
5.733335,57983.0,332435.96,334029.78,1645159541,MILK/ADA_0.3,0.0,0.0,0.0,899.0
0.102205,1746480.92,178499.93,70931.53,1645159541,MINt/ADA_0.3,-0.0017759999999999998,15000.0,-1541.7200000000012,899.0
0.028016,6323711.95,177170.13,67510.91,1645159541,CLAP/ADA_0.3,0.00022199999999999998,-25200.299999999814,705.3300000000163,899.0
0.0,6834685596227.0,154474.71,0.0,1645159541,CHRLZ/ADA_0.3,0.0,0.0,0.0,899.0
2.021988,74700.54,151043.66,62963.03,1645159541,DANA/ADA_0.05,-0.021929000000000087,401.8999999999942,-816.6199999999953,899.0
0.867273,153427.68,133063.75,1400.7,1645159541,WMT/ADA_0.05,0.0,0.0,0.0,899.0
0.005244,22101889.0,115903.09,16396.44,1645159541,RAVE/ADA_1.0,0.0,0.0,0.0,899.0
0.752817,143939.88,108360.47,5489.17,1645159541,SUNDAE/ADA_0.05,0.0,-82.41000000000349,-62.05000000000291,899.0
2.8e-05,3465831916.81,98937.39,7912.31,1645159541,ASHIB/ADA_1.0,0.0,0.0,0.0,899.0
0.0,94530293298167.0,98837.76,11104.63,1645159541,BISON/ADA_0.3,0.0,46649993942.0,48.76999999998952,899.0
0.032626,2735227.0,89240.23,7186.72,1645159541,FIRE/ADA_0.3,0.0,0.0,0.0,899.0
0.297795,275449.41,82027.67,76479.72,1645159541,MIN/ADA_0.3,0.007348999999999994,-3457.8800000000047,1020.0,899.0
0.0,1188392746021.0,58982.63,50864.3,1645159541,HOSKY/ADA_0.3,0.0,20945000000.0,-1055.020000000004,899.0
0.006501,8830342.0,57409.01,3781.85,1645159541,FLICK/ADA_0.3,0.0,0.0,0.0,899.0
0.088334,532161.0,47008.08,5863.56,1645159541,cNETA/ADA_0.3,0.0,0.0,0.0,899.0
0.003065,13290858.46,40737.16,15287.97,1645159541,DRIP/ADA_1.0,0.0,136000.0,416.8500000000058,899.0
0.011654,3460200.0,40327.77,2795.03,1645159541,CNFT/ADA_0.3,0.0,0.0,0.0,899.0
0.115788,291986.73,33808.66,21071.83,1645159541,REVU/ADA_0.3,-0.0004959999999999964,624.7299999999814,-72.2699999999968,899.0
46.081757,689.0,31750.33,0.0,1645159541,unsi…en/ADA_1.0,0.0,0.0,0.0,899.0
0.005154,5757663.0,29679.82,0.0,1645159541,BDOGE/ADA_1.0,0.0,0.0,0.0,899.0
0.000851,33491967.69,28518.89,0.0,1645159541,MONET/ADA_0.3,0.0,0.0,0.0,899.0
0.129244,219936.9,28425.66,0.0,1645159541,MELD/ADA_1.0,0.0,0.0,0.0,899.0
0.016666,1699328.0,28322.26,1476.53,1645159541,QUID/ADA_0.3,0.0,0.0,0.0,899.0
0.416011,50431.9,20980.25,2752.19,1645159541,CARGO/ADA_0.3,0.0,0.0,0.0,899.0
0.000745,27966106.0,20858.79,0.0,1645159541,RAG/ADA_1.0,0.0,0.0,0.0,899.0
27.184221,734.0,19953.21,1466.66,1645159541,XDIA…ND/ADA_1.0,0.0,0.0,0.0,899.0
0.100723,186496.52,18784.52,0.0,1645159541,MINt/ADA_0.05,0.0,0.0,0.0,899.0
0.305036,59977.33,18295.25,0.0,1645159541,MIN/ADA_0.05,0.0,0.0,0.0,899.0
0.0,366333900826.0,17370.25,5343.13,1645159541,HOSKY/ADA_0.05,0.0,10667838714.0,505.83000000000175,899.0
0.140111,123427.0,17293.51,1542.34,1645159541,SKULL/ADA_1.0,0.0,50.0,7.009999999998399,899.0
0.000651,26515693.0,17270.71,3629.73,1645159541,KIDZ/ADA_0.3,0.0,0.0,0.0,899.0
0.415556,40709.0,16916.88,2968.92,1645159541,CDX/ADA_1.0,0.0,0.0,0.0,899.0
0.033182,472310.0,15672.38,89.73,1645159541,cMETA/ADA_0.3,0.0,0.0,0.0,899.0
0.011221,1389743.0,15595.6,0.0,1645159541,GOKEY/ADA_0.3,0.0,0.0,0.0,899.0
0.036689,424265.84,15566.25,4.31,1645159541,NEWM/ADA_1.0,0.0,0.0,0.0,899.0
0.0,15252796994.0,13321.17,1064.12,1645159541,MEOW/ADA_0.3,0.0,0.0,0.0,899.0
2.117409,6091.67,12898.55,924.34,1645159541,DANA/ADA_0.3,0.0,0.0,0.0,899.0
0.849174,13343.27,11330.77,255.53,1645159541,WMT/ADA_1.0,0.0,0.0,0.0,899.0
0.109,97894.0,10670.52,0.0,1645159541,Card…rm/ADA_0.3,0.0,0.0,0.0,899.0
0.04938,195716.93,9664.52,0.0,1645159541,cbTHC/ADA_0.3,0.0,0.0,0.0,899.0
108.50418,88.93,9650.15,0.0,1645159541,LQ/ADA_0.05,0.0,0.0,0.0,899.0
0.759017,26232090.74,19910614.05,1311044.93,1645160440,SUNDAE/ADA_0.3,0.0002740000000001075,-4597.530000001192,3690.730000000447,898.0
111.616144,156665.9,17486444.64,566403.73,1645160440,LQ/ADA_0.3,0.005735999999998853,1.070000000006985,1018.0500000007451,898.0
0.878452,15456742.58,13578021.09,924638.78,1645160440,WMT/ADA_0.3,1.0000000000287557e-06,1051.2799999993294,947.4700000006706,898.0
0.128277,12957613.98,1662172.4,485119.22,1645160440,MELD/ADA_0.3,-0.00039300000000000446,19963.179999999702,-2526.100000000093,898.0
0.097064,12846724.0,1246963.28,476653.26,1645160440,PAVIA/ADA_0.3,0.0,1028.0,99.79000000003725,898.0
0.144241,6615566.0,954238.44,95034.41,1645160440,XRAY/ADA_0.3,0.0,0.0,0.0,898.0
0.350643,2489212.0,872825.07,57542.35,1645160440,ADAX/ADA_0.3,6.40000000000085e-05,-227.0,80.0,898.0
2.103835,412180.71,867160.56,306475.54,1645160440,AADA/ADA_0.3,0.0,141.94000000000233,298.60000000009313,898.0
1.61566,331631.31,535803.53,332494.91,1645160440,VYFI/ADA_0.3,-0.0048719999999999875,499.6699999999837,-806.0899999999674,898.0
5.73353,57983.0,332447.29,310330.95,1645160440,MILK/ADA_0.3,0.00019499999999972317,0.0,11.32999999995809,898.0
0.10306,1739233.99,179245.93,70404.88,1645160440,MINt/ADA_0.3,0.0008549999999999947,-7246.929999999935,746.0,898.0
0.02795,6331238.95,176960.13,67720.91,1645160440,CLAP/ADA_0.3,-6.600000000000009e-05,7527.0,-210.0,898.0
0.0,6837722387901.0,154406.31,491.07,1645160440,CHRLZ/ADA_0.3,0.0,3036791674.0,-68.39999999999418,898.0
2.010872,74906.79,150627.98,61871.38,1645160440,DANA/ADA_0.05,-0.011115999999999904,206.25,-415.679999999993,898.0
0.867273,153427.68,133063.75,1400.7,1645160440,WMT/ADA_0.05,0.0,0.0,0.0,898.0
0.005244,22101889.0,115903.09,16396.44,1645160440,RAVE/ADA_1.0,0.0,0.0,0.0,898.0
0.752817,143939.88,108360.47,5489.17,1645160440,SUNDAE/ADA_0.05,0.0,0.0,0.0,898.0
2.8e-05,3462367358.52,99037.39,7912.31,1645160440,ASHIB/ADA_1.0,0.0,-3464558.289999962,100.0,898.0
0.0,94530293298167.0,98837.76,11104.63,1645160440,BISON/ADA_0.3,0.0,0.0,0.0,898.0
0.032626,2735227.0,89240.23,7036.27,1645160440,FIRE/ADA_0.3,0.0,0.0,0.0,898.0
0.29038,278949.41,81001.51,64614.73,1645160440,MIN/ADA_0.3,-0.007414999999999949,3500.0,-1026.1600000000035,898.0
0.0,1187770352598.0,59013.63,47975.57,1645160440,HOSKY/ADA_0.3,0.0,-622393423.0,31.0,898.0
0.006501,8830342.0,57409.01,3408.24,1645160440,FLICK/ADA_0.3,0.0,0.0,0.0,898.0
0.088425,531886.0,47032.5,5843.22,1645160440,cNETA/ADA_0.3,9.100000000000774e-05,-275.0,24.419999999998254,898.0
0.003067,13285853.9,40752.66,15172.28,1645160440,DRIP/ADA_1.0,1.9999999999998318e-06,-5004.5600000005215,15.5,898.0
0.011654,3460200.0,40327.77,2557.67,1645160440,CNFT/ADA_0.3,0.0,0.0,0.0,898.0
0.115788,291986.73,33808.66,21071.83,1645160440,REVU/ADA_0.3,0.0,0.0,0.0,898.0
46.081757,689.0,31750.33,0.0,1645160440,unsi…en/ADA_1.0,0.0,0.0,0.0,898.0
0.005154,5757663.0,29679.82,0.0,1645160440,BDOGE/ADA_1.0,0.0,0.0,0.0,898.0
0.000851,33491967.69,28518.89,0.0,1645160440,MONET/ADA_0.3,0.0,0.0,0.0,898.0
0.129244,219936.9,28425.66,0.0,1645160440,MELD/ADA_1.0,0.0,0.0,0.0,898.0
0.016666,1699328.0,28322.26,1124.35,1645160440,QUID/ADA_0.3,0.0,0.0,0.0,898.0
0.419384,50229.01,21065.25,2602.74,1645160440,CARGO/ADA_0.3,0.0033729999999999594,-202.88999999999942,85.0,898.0
0.000743,28016106.0,20821.93,271.71,1645160440,RAG/ADA_1.0,-2.0000000000000486e-06,50000.0,-36.86000000000058,898.0
27.184221,734.0,19953.21,1466.66,1645160440,XDIA…ND/ADA_1.0,0.0,0.0,0.0,898.0
0.100723,186496.52,18784.52,0.0,1645160440,MINt/ADA_0.05,0.0,0.0,0.0,898.0
0.305036,59977.33,18295.25,0.0,1645160440,MIN/ADA_0.05,0.0,0.0,0.0,898.0
0.151623,118672.0,17993.51,2249.34,1645160440,SKULL/ADA_1.0,0.011511999999999994,-4755.0,700.0,898.0
0.0,366333900826.0,17370.25,5343.13,1645160440,HOSKY/ADA_0.05,0.0,0.0,0.0,898.0
0.000651,26515693.0,17270.71,3629.73,1645160440,KIDZ/ADA_0.3,0.0,0.0,0.0,898.0
0.42045,40473.0,17016.88,3049.72,1645160440,CDX/ADA_1.0,0.0048940000000000095,-236.0,100.0,898.0
0.033182,472310.0,15672.38,89.73,1645160440,cMETA/ADA_0.3,0.0,0.0,0.0,898.0
0.011221,1389743.0,15595.6,0.0,1645160440,GOKEY/ADA_0.3,0.0,0.0,0.0,898.0
0.036776,423765.83,15584.8,23.05,1645160440,NEWM/ADA_1.0,8.700000000000374e-05,-500.0100000000093,18.549999999999272,898.0
0.0,15252796994.0,13321.17,1064.12,1645160440,MEOW/ADA_0.3,0.0,0.0,0.0,898.0
2.117409,6091.67,12898.55,924.34,1645160440,DANA/ADA_0.3,0.0,0.0,0.0,898.0
0.849174,13343.27,11330.77,255.53,1645160440,WMT/ADA_1.0,0.0,0.0,0.0,898.0
0.109,97894.0,10670.52,0.0,1645160440,Card…rm/ADA_0.3,0.0,0.0,0.0,898.0
0.04938,195716.93,9664.52,0.0,1645160440,cbTHC/ADA_0.3,0.0,0.0,0.0,898.0
108.50418,88.93,9650.15,0.0,1645160440,LQ/ADA_0.05,0.0,0.0,0.0,898.0
0.758573,26242593.63,19906946.42,1338140.25,1645161339,SUNDAE/ADA_0.3,-0.00044399999999999995,10502.890000000596,-3667.629999998957,899.0
111.631758,156668.98,17489234.2,567632.4,1645161339,LQ/ADA_0.3,0.01561399999999935,3.080000000016298,2789.559999998659,899.0
0.877044,15471478.57,13569180.61,935669.53,1645161339,WMT/ADA_0.3,-0.0014079999999999648,14735.990000000224,-8840.480000000447,899.0
0.128184,12993849.75,1665612.85,502281.89,1645161339,MELD/ADA_0.3,-9.300000000000974e-05,36235.76999999955,3440.4500000001863,899.0
0.097059,12862494.0,1248432.34,476839.98,1645161339,PAVIA/ADA_0.3,-4.999999999991123e-06,15770.0,1469.0600000000559,899.0
0.144241,6615566.0,954238.44,95034.41,1645161339,XRAY/ADA_0.3,0.0,0.0,0.0,899.0
0.350643,2488962.0,872737.29,57542.35,1645161339,ADAX/ADA_0.3,0.0,-250.0,-87.77999999991152,899.0
2.103889,412175.49,867171.56,306486.57,1645161339,AADA/ADA_0.3,5.3999999999998494e-05,-5.220000000030268,11.0,899.0
1.61566,331881.31,536207.45,332494.91,1645161339,VYFI/ADA_0.3,0.0,250.0,403.9199999999255,899.0
5.73353,57983.0,332447.29,310330.95,1645161339,MILK/ADA_0.3,0.0,0.0,0.0,899.0
0.028106,6313666.69,177454.13,68641.66,1645161339,CLAP/ADA_0.3,0.0001559999999999999,-17572.259999999776,494.0,899.0
0.096755,1795117.61,173687.87,77865.78,1645161339,MINt/ADA_0.3,-0.006305000000000005,55883.62000000011,-5558.059999999998,899.0
0.0,6837722387901.0,154406.31,491.07,1645161339,CHRLZ/ADA_0.3,0.0,0.0,0.0,899.0
2.010872,74906.79,150627.98,61871.38,1645161339,DANA/ADA_0.05,0.0,0.0,0.0,899.0
0.867273,153427.68,133063.75,1400.7,1645161339,WMT/ADA_0.05,0.0,0.0,0.0,899.0
0.005244,22101889.0,115903.09,16396.44,1645161339,RAVE/ADA_1.0,0.0,0.0,0.0,899.0
0.752817,143939.88,108360.47,5489.17,1645161339,SUNDAE/ADA_0.05,0.0,0.0,0.0,899.0
2.8e-05,3462367358.52,99037.39,7912.31,1645161339,ASHIB/ADA_1.0,0.0,0.0,0.0,899.0
0.0,94530293298167.0,98837.76,11104.63,1645161339,BISON/ADA_0.3,0.0,0.0,0.0,899.0
0.032628,2735121.0,89243.73,7039.79,1645161339,FIRE/ADA_0.3,1.9999999999950613e-06,-106.0,3.5,899.0
0.298295,275229.44,82099.62,65716.13,1645161339,MIN/ADA_0.3,0.00791499999999995,-3719.969999999972,1098.1100000000006,899.0
0.0,1177572835418.0,59526.22,48489.69,1645161339,HOSKY/ADA_0.3,0.0,-10197517180.0,512.5900000000038,899.0
0.006501,8830342.0,57409.01,3408.24,1645161339,FLICK/ADA_0.3,0.0,0.0,0.0,899.0
0.088613,531323.0,47082.5,5893.37,1645161339,cNETA/ADA_0.3,0.00018799999999999373,-563.0,50.0,899.0
0.011654,3460200.0,40327.77,2557.67,1645161339,CNFT/ADA_0.3,0.0,0.0,0.0,899.0
0.002901,13663277.26,39637.91,16287.03,1645161339,DRIP/ADA_1.0,-0.00016599999999999991,377423.3599999994,-1114.75,899.0
0.115856,291900.65,33818.66,21081.86,1645161339,REVU/ADA_0.3,6.799999999999862e-05,-86.07999999995809,10.0,899.0
46.081757,689.0,31750.33,0.0,1645161339,unsi…en/ADA_1.0,0.0,0.0,0.0,899.0
0.005154,5757663.0,29679.82,0.0,1645161339,BDOGE/ADA_1.0,0.0,0.0,0.0,899.0
0.000851,33491967.69,28518.89,0.0,1645161339,MONET/ADA_0.3,0.0,0.0,0.0,899.0
0.129244,219936.9,28425.66,0.0,1645161339,MELD/ADA_1.0,0.0,0.0,0.0,899.0
0.016666,1699328.0,28322.26,1124.35,1645161339,QUID/ADA_0.3,0.0,0.0,0.0,899.0
0.419384,50229.01,21065.25,2602.74,1645161339,CARGO/ADA_0.3,0.0,0.0,0.0,899.0
0.000743,28016106.0,20821.93,271.71,1645161339,RAG/ADA_1.0,0.0,0.0,0.0,899.0
27.184221,734.0,19953.21,1466.66,1645161339,XDIA…ND/ADA_1.0,0.0,0.0,0.0,899.0
0.100723,186496.52,18784.52,0.0,1645161339,MINt/ADA_0.05,0.0,0.0,0.0,899.0
0.305036,59977.33,18295.25,0.0,1645161339,MIN/ADA_0.05,0.0,0.0,0.0,899.0
0.151623,118672.0,17993.51,2249.34,1645161339,SKULL/ADA_1.0,0.0,0.0,0.0,899.0
0.440525,39546.0,17421.01,3534.69,1645161339,CDX/ADA_1.0,0.02007500000000001,-927.0,404.1299999999974,899.0
0.0,366333900826.0,17370.25,5343.13,1645161339,HOSKY/ADA_0.05,0.0,0.0,0.0,899.0
0.000651,26515693.0,17270.71,3629.73,1645161339,KIDZ/ADA_0.3,0.0,0.0,0.0,899.0
0.033182,472310.0,15672.38,89.73,1645161339,cMETA/ADA_0.3,0.0,0.0,0.0,899.0
0.011221,1389743.0,15595.6,0.0,1645161339,GOKEY/ADA_0.3,0.0,0.0,0.0,899.0
0.036776,423765.83,15584.8,23.05,1645161339,NEWM/ADA_1.0,0.0,0.0,0.0,899.0
0.0,15252796994.0,13321.17,1064.12,1645161339,MEOW/ADA_0.3,0.0,0.0,0.0,899.0
2.117409,6091.67,12898.55,924.34,1645161339,DANA/ADA_0.3,0.0,0.0,0.0,899.0
0.849174,13343.27,11330.77,255.53,1645161339,WMT/ADA_1.0,0.0,0.0,0.0,899.0
0.109,97894.0,10670.52,0.0,1645161339,Card…rm/ADA_0.3,0.0,0.0,0.0,899.0
0.04938,195717.75,9664.56,35.69,1645161339,cbTHC/ADA_0.3,0.0,0.8200000000069849,0.039999999999054126,899.0
108.50418,88.93,9650.15,0.0,1645161339,LQ/ADA_0.05,0.0,0.0,0.0,899.0
0.760457,26220231.35,19939359.85,1362984.69,1645162239,SUNDAE/ADA_0.3,0.0018839999999999968,-22362.279999997467,32413.429999999702,900.0
111.628972,156671.39,17489066.29,567950.31,1645162239,LQ/ADA_0.3,-0.0027860000000003993,2.4100000000034925,-167.910000000149,900.0
0.877215,15473961.86,13573997.7,936995.11,1645162239,WMT/ADA_0.3,0.00017099999999992122,2483.289999999106,4817.089999999851,900.0
0.128708,12968911.27,1669209.83,505718.33,1645162239,MELD/ADA_0.3,0.0005239999999999967,-24938.480000000447,3596.9799999999814,900.0
0.097067,12861981.0,1248482.34,476890.13,1645162239,PAVIA/ADA_0.3,7.999999999994123e-06,-513.0,50.0,900.0
0.144241,6615566.0,954238.44,95034.41,1645162239,XRAY/ADA_0.3,0.0,0.0,0.0,900.0
0.350643,2488962.0,872737.29,57542.35,1645162239,ADAX/ADA_0.3,0.0,0.0,0.0,900.0
2.103889,412378.45,867598.55,306486.57,1645162239,AADA/ADA_0.3,0.0,202.96000000002095,426.9899999999907,900.0
1.61566,331881.31,536207.45,332494.91,1645162239,VYFI/ADA_0.3,0.0,0.0,0.0,900.0
5.743332,57934.0,332734.22,310618.73,1645162239,MILK/ADA_0.3,0.009801999999999644,-49.0,286.929999999993,900.0
0.101849,1749730.01,178209.18,87382.75,1645162239,MINt/ADA_0.3,0.005094000000000001,-45387.60000000009,4521.309999999998,900.0
0.028137,6310121.44,177554.13,68741.96,1645162239,CLAP/ADA_0.3,3.099999999999978e-05,-3545.25,100.0,900.0
0.0,6837722387901.0,154406.31,491.07,1645162239,CHRLZ/ADA_0.3,0.0,0.0,0.0,900.0
2.010872,74906.79,150627.98,61871.38,1645162239,DANA/ADA_0.05,0.0,0.0,0.0,900.0
0.867273,153427.68,133063.75,1400.7,1645162239,WMT/ADA_0.05,0.0,0.0,0.0,900.0
0.005232,22125963.0,115778.25,16521.29,1645162239,RAVE/ADA_1.0,-1.2000000000000725e-05,24074.0,-124.83999999999651,900.0
0.752817,143939.88,108360.47,5489.17,1645162239,SUNDAE/ADA_0.05,0.0,0.0,0.0,900.0
2.8e-05,3462367358.52,99037.39,7912.31,1645162239,ASHIB/ADA_1.0,0.0,0.0,0.0,900.0
0.0,94530293298167.0,98837.76,11104.63,1645162239,BISON/ADA_0.3,0.0,0.0,0.0,900.0
0.032628,2735121.0,89243.73,7039.79,1645162239,FIRE/ADA_0.3,0.0,0.0,0.0,900.0
0.293417,277545.41,81436.68,73071.46,1645162239,MIN/ADA_0.3,-0.0048779999999999935,2315.969999999972,-662.9400000000023,900.0
0.0,1171473222361.0,59837.22,48843.69,1645162239,HOSKY/ADA_0.3,0.0,-6099613057.0,311.0,900.0
0.006501,8830342.0,57409.01,3408.24,1645162239,FLICK/ADA_0.3,0.0,0.0,0.0,900.0
0.088613,531323.0,47082.5,5893.37,1645162239,cNETA/ADA_0.3,0.0,0.0,0.0,900.0
0.011654,3460200.0,40327.77,2557.67,1645162239,CNFT/ADA_0.3,0.0,0.0,0.0,900.0
0.002899,13666277.26,39629.3,16295.64,1645162239,DRIP/ADA_1.0,-1.9999999999998318e-06,3000.0,-8.610000000000582,900.0
0.115856,291900.65,33818.66,21081.86,1645162239,REVU/ADA_0.3,0.0,0.0,0.0,900.0
46.081757,689.0,31750.33,0.0,1645162239,unsi…en/ADA_1.0,0.0,0.0,0.0,900.0
0.005154,5757663.0,29679.82,0.0,1645162239,BDOGE/ADA_1.0,0.0,0.0,0.0,900.0
0.000851,33491967.69,28518.89,0.0,1645162239,MONET/ADA_0.3,0.0,0.0,0.0,900.0
0.129244,219936.9,28425.66,0.0,1645162239,MELD/ADA_1.0,0.0,0.0,0.0,900.0
0.016666,1699328.0,28322.26,1124.35,1645162239,QUID/ADA_0.3,0.0,0.0,0.0,900.0
0.419384,50229.01,21065.25,2602.74,1645162239,CARGO/ADA_0.3,0.0,0.0,0.0,900.0
0.000743,28016106.0,20821.93,271.71,1645162239,RAG/ADA_1.0,0.0,0.0,0.0,900.0
27.184221,734.0,19953.21,1466.66,1645162239,XDIA…ND/ADA_1.0,0.0,0.0,0.0,900.0
0.100723,186496.52,18784.52,0.0,1645162239,MINt/ADA_0.05,0.0,0.0,0.0,900.0
0.305036,60477.33,18447.77,1307.03,1645162239,MIN/ADA_0.05,0.0,500.0,152.52000000000044,900.0
0.151623,118672.0,17993.51,2249.34,1645162239,SKULL/ADA_1.0,0.0,0.0,0.0,900.0
0.440525,39546.0,17421.01,3534.69,1645162239,CDX/ADA_1.0,0.0,0.0,0.0,900.0
0.0,366333900826.0,17370.25,5343.13,1645162239,HOSKY/ADA_0.05,0.0,0.0,0.0,900.0
0.000651,26515693.0,17270.71,3629.73,1645162239,KIDZ/ADA_0.3,0.0,0.0,0.0,900.0
0.033182,472310.0,15672.38,89.73,1645162239,cMETA/ADA_0.3,0.0,0.0,0.0,900.0
0.011221,1389743.0,15595.6,0.0,1645162239,GOKEY/ADA_0.3,0.0,0.0,0.0,900.0
0.036776,423765.83,15584.8,23.05,1645162239,NEWM/ADA_1.0,0.0,0.0,0.0,900.0
0.0,15252796994.0,13321.17,1064.12,1645162239,MEOW/ADA_0.3,0.0,0.0,0.0,900.0
2.117409,6091.67,12898.55,924.34,1645162239,DANA/ADA_0.3,0.0,0.0,0.0,900.0
0.849174,13343.27,11330.77,255.53,1645162239,WMT/ADA_1.0,0.0,0.0,0.0,900.0
0.109,97894.0,10670.52,0.0,1645162239,Card…rm/ADA_0.3,0.0,0.0,0.0,900.0
0.04938,195717.75,9664.56,35.69,1645162239,cbTHC/ADA_0.3,0.0,0.0,0.0,900.0
108.50418,88.93,9650.15,0.0,1645162239,LQ/ADA_0.05,0.0,0.0,0.0,900.0
0.760295,26227199.66,19940423.64,1415603.89,1645163140,SUNDAE/ADA_0.3,-0.00016199999999999548,6968.309999998659,1063.789999999106,900.0
111.633423,156668.32,17489421.44,572277.61,1645163140,LQ/ADA_0.3,0.0044509999999888805,-3.070000000006985,355.1500000022352,900.0
0.877368,15473775.37,13576198.41,938882.78,1645163140,WMT/ADA_0.3,0.00015300000000006975,-186.49000000022352,2200.710000000894,900.0
0.128747,12968856.04,1669708.37,506611.0,1645163140,MELD/ADA_0.3,3.900000000001125e-05,-55.230000000447035,498.54000000003725,900.0
0.097067,12862150.0,1248498.75,476890.13,1645163140,PAVIA/ADA_0.3,0.0,169.0,16.40999999991618,900.0
0.144241,6615566.0,954238.44,95034.41,1645163140,XRAY/ADA_0.3,0.0,0.0,0.0,900.0
0.350643,2488962.0,872737.29,57542.35,1645163140,ADAX/ADA_0.3,0.0,0.0,0.0,900.0
2.128254,410014.67,872615.39,311518.46,1645163140,AADA/ADA_0.3,0.02436499999999997,-2363.780000000028,5016.839999999967,900.0
1.61566,331881.31,536207.45,332494.91,1645163140,VYFI/ADA_0.3,0.0,0.0,0.0,900.0
5.743332,58034.0,333308.55,310618.73,1645163140,MILK/ADA_0.3,0.0,100.0,574.3300000000163,900.0
0.102077,1747774.4,178409.18,87382.75,1645163140,MINt/ADA_0.3,0.00022800000000000598,-1955.6100000001024,200.0,900.0
0.028137,6310121.44,177554.13,68741.96,1645163140,CLAP/ADA_0.3,0.0,0.0,0.0,900.0
0.0,6837722387901.0,154406.31,491.07,1645163140,CHRLZ/ADA_0.3,0.0,0.0,0.0,900.0
2.010872,74906.79,150627.98,61871.38,1645163140,DANA/ADA_0.05,0.0,0.0,0.0,900.0
0.867273,153427.68,133063.75,1400.7,1645163140,WMT/ADA_0.05,0.0,0.0,0.0,900.0
0.005232,22125963.0,115778.25,16521.29,1645163140,RAVE/ADA_1.0,0.0,0.0,0.0,900.0
0.752817,144289.87,108623.95,5489.17,1645163140,SUNDAE/ADA_0.05,0.0,349.9899999999907,263.4799999999959,900.0
2.8e-05,3462367358.52,99037.39,7912.31,1645163140,ASHIB/ADA_1.0,0.0,0.0,0.0,900.0
0.0,94530293298167.0,98837.76,11104.63,1645163140,BISON/ADA_0.3,0.0,0.0,0.0,900.0
0.032628,2735121.0,89243.73,7039.79,1645163140,FIRE/ADA_0.3,0.0,0.0,0.0,900.0
0.294137,277206.04,81536.68,73171.76,1645163140,MIN/ADA_0.3,0.0007199999999999984,-339.36999999999534,100.0,900.0
0.0,1168573065863.0,59990.73,50508.2,1645163140,HOSKY/ADA_0.3,0.0,-2900156498.0,153.51000000000204,900.0
0.006501,8830342.0,57409.01,3408.24,1645163140,FLICK/ADA_0.3,0.0,0.0,0.0,900.0
0.088613,531323.0,47082.5,5893.37,1645163140,cNETA/ADA_0.3,0.0,0.0,0.0,900.0
0.011654,3460200.0,40327.77,2557.67,1645163140,CNFT/ADA_0.3,0.0,0.0,0.0,900.0
0.002899,13667277.26,39632.2,16295.64,1645163140,DRIP/ADA_1.0,0.0,1000.0,2.8999999999941792,900.0
0.115856,291900.65,33818.66,21081.86,1645163140,REVU/ADA_0.3,0.0,0.0,0.0,900.0
46.081757,689.0,31750.33,0.0,1645163140,unsi…en/ADA_1.0,0.0,0.0,0.0,900.0
0.005154,5757663.0,29679.82,0.0,1645163140,BDOGE/ADA_1.0,0.0,0.0,0.0,900.0
0.000851,33491967.69,28518.89,0.0,1645163140,MONET/ADA_0.3,0.0,0.0,0.0,900.0
0.129244,219936.9,28425.66,0.0,1645163140,MELD/ADA_1.0,0.0,0.0,0.0,900.0
0.016666,1699328.0,28322.26,1124.35,1645163140,QUID/ADA_0.3,0.0,0.0,0.0,900.0
0.419384,50229.01,21065.25,2602.74,1645163140,CARGO/ADA_0.3,0.0,0.0,0.0,900.0
0.000743,28016106.0,20821.93,271.71,1645163140,RAG/ADA_1.0,0.0,0.0,0.0,900.0
27.184221,734.0,19953.21,1466.66,1645163140,XDIA…ND/ADA_1.0,0.0,0.0,0.0,900.0
0.100723,186496.52,18784.52,0.0,1645163140,MINt/ADA_0.05,0.0,0.0,0.0,900.0
0.305036,60477.33,18447.77,1307.03,1645163140,MIN/ADA_0.05,0.0,0.0,0.0,900.0
0.151623,118672.0,17993.51,2249.34,1645163140,SKULL/ADA_1.0,0.0,0.0,0.0,900.0
0.440525,39546.0,17421.01,3534.69,1645163140,CDX/ADA_1.0,0.0,0.0,0.0,900.0
0.0,366333900826.0,17370.25,5343.13,1645163140,HOSKY/ADA_0.05,0.0,0.0,0.0,900.0
0.000651,26515693.0,17270.71,3629.73,1645163140,KIDZ/ADA_0.3,0.0,0.0,0.0,900.0
0.033182,472310.0,15672.38,89.73,1645163140,cMETA/ADA_0.3,0.0,0.0,0.0,900.0
0.011221,1389743.0,15595.6,0.0,1645163140,GOKEY/ADA_0.3,0.0,0.0,0.0,900.0
0.036776,423765.83,15584.8,23.05,1645163140,NEWM/ADA_1.0,0.0,0.0,0.0,900.0
0.0,15252796994.0,13321.17,1064.12,1645163140,MEOW/ADA_0.3,0.0,0.0,0.0,900.0
2.117409,6091.67,12898.55,924.34,1645163140,DANA/ADA_0.3,0.0,0.0,0.0,900.0
0.849174,13343.27,11330.77,255.53,1645163140,WMT/ADA_1.0,0.0,0.0,0.0,900.0
0.109,97894.0,10670.52,0.0,1645163140,Card…rm/ADA_0.3,0.0,0.0,0.0,900.0
0.04938,195717.75,9664.56,35.69,1645163140,cbTHC/ADA_0.3,0.0,0.0,0.0,900.0
108.50418,88.93,9650.15,0.0,1645163140,LQ/ADA_0.05,0.0,0.0,0.0,900.0
0.760277,26230362.49,19942367.2,1281804.97,1645164034,SUNDAE/ADA_0.3,-1.8000000000073513e-05,3162.829999998212,1943.559999998659,894.0
111.64617,156676.57,17492339.57,571046.15,1645164034,LQ/ADA_0.3,0.012747000000004505,8.25,2918.129999998957,894.0
0.877376,15474266.35,13576764.98,899227.95,1645164034,WMT/ADA_0.3,8.000000000008e-06,490.98000000044703,566.570000000298,894.0
0.128707,12971828.28,1669572.68,483229.54,1645164034,MELD/ADA_0.3,-4.000000000001225e-05,2972.2400000002235,-135.69000000017695,894.0
0.097117,12858831.0,1248822.04,471884.74,1645164034,PAVIA/ADA_0.3,4.999999999999449e-05,-3319.0,323.29000000003725,894.0
0.14425,6615359.0,954268.44,94915.25,1645164034,XRAY/ADA_0.3,8.999999999981245e-06,-207.0,30.0,894.0
2.152676,407733.52,877718.35,311468.48,1645164034,AADA/ADA_0.3,0.024421999999999944,-2281.149999999965,5102.959999999963,894.0
0.350643,2488962.0,872737.29,57291.6,1645164034,ADAX/ADA_0.3,0.0,0.0,0.0,894.0
1.61566,331881.31,536207.45,329316.92,1645164034,VYFI/ADA_0.3,0.0,0.0,0.0,894.0
5.796877,57767.0,334868.21,308295.9,1645164034,MILK/ADA_0.3,0.05354500000000062,-267.0,1559.6600000000326,894.0
0.755138,26320814.73,19875871.9,1358070.12,1645164939,SUNDAE/ADA_0.3,-0.005139000000000005,90452.24000000209,-66495.30000000075,905.0
111.646807,156676.12,17492389.57,571096.3,1645164939,LQ/ADA_0.3,0.0006369999999975562,-0.45000000001164153,50.0,905.0
0.877608,15472264.15,13578587.08,902793.01,1645164939,WMT/ADA_0.3,0.00023200000000000998,-2002.199999999255,1822.0999999996275,905.0
0.128938,12958634.85,1670865.81,484752.62,1645164939,MELD/ADA_0.3,0.00023100000000000898,-13193.429999999702,1293.130000000121,905.0
0.095113,12994224.0,1235924.58,484820.25,1645164939,PAVIA/ADA_0.3,-0.002003999999999992,135393.0,-12897.459999999963,905.0
0.144253,6615283.0,954279.44,94926.28,1645164939,XRAY/ADA_0.3,3.0000000000030003e-06,-76.0,11.0,905.0
2.150057,407982.13,877185.13,312007.72,1645164939,AADA/ADA_0.3,-0.002619000000000149,248.60999999998603,-533.2199999999721,905.0
0.350642,2488772.0,872670.35,57291.6,1645164939,ADAX/ADA_0.3,-9.999999999732445e-07,-190.0,-66.94000000006054,905.0
1.612675,332188.75,535712.68,329811.69,1645164939,VYFI/ADA_0.3,-0.0029850000000000154,307.4400000000023,-494.7699999999022,905.0
5.796877,57767.0,334868.21,308295.9,1645164939,MILK/ADA_0.3,0.0,0.0,0.0,905.0
0.102192,1746798.24,178509.18,70160.88,1645164939,MINt/ADA_0.3,0.00011500000000000399,-976.1599999999162,100.0,1799.0
0.028137,6310121.44,177554.13,68706.86,1645164939,CLAP/ADA_0.3,0.0,0.0,0.0,1799.0
0.0,6842722387901.0,154293.83,603.56,1645164939,CHRLZ/ADA_0.3,0.0,5000000000.0,-112.48000000001048,1799.0
2.00357,75043.23,150354.38,57533.64,1645164939,DANA/ADA_0.05,-0.007302000000000142,136.44000000000233,-273.6000000000058,1799.0
0.867273,153427.68,133063.75,0.0,1645164939,WMT/ADA_0.05,0.0,0.0,0.0,1799.0
0.005232,22125963.0,115778.25,16116.51,1645164939,RAVE/ADA_1.0,0.0,0.0,0.0,1799.0
0.752817,146516.45,110300.16,5489.17,1645164939,SUNDAE/ADA_0.05,0.0,2226.5800000000163,1676.2100000000064,1799.0
0.0,94530293298167.0,98837.76,11104.63,1645164939,BISON/ADA_0.3,0.0,0.0,0.0,1799.0
2.8e-05,3471471218.96,98780.26,8169.45,1645164939,ASHIB/ADA_1.0,0.0,9103860.440000057,-257.13000000000466,1799.0
0.032628,2735121.0,89243.73,6036.79,1645164939,FIRE/ADA_0.3,0.0,0.0,0.0,1799.0
0.296357,276167.49,81844.22,73020.52,1645164939,MIN/ADA_0.3,0.0022199999999999998,-1038.5499999999884,307.54000000000815,1799.0
0.0,1194717660073.0,62287.66,51101.84,1645164939,HOSKY/ADA_0.3,0.0,26144594210.0,2296.9300000000003,1799.0
0.006516,8820243.0,57474.94,3474.37,1645164939,FLICK/ADA_0.3,1.5000000000000256e-05,-10099.0,65.93000000000029,1799.0
0.088613,531323.0,47082.5,5784.79,1645164939,cNETA/ADA_0.3,0.0,0.0,0.0,1799.0
0.011654,3460200.0,40327.77,2429.46,1645164939,CNFT/ADA_0.3,0.0,0.0,0.0,1799.0
0.002943,13567266.64,39928.47,16232.73,1645164939,DRIP/ADA_1.0,4.399999999999977e-05,-100010.61999999918,296.2700000000041,1799.0
0.115856,291900.65,33818.66,21081.86,1645164939,REVU/ADA_0.3,0.0,0.0,0.0,1799.0
46.081757,689.0,31750.33,0.0,1645164939,unsi…en/ADA_1.0,0.0,0.0,0.0,1799.0
0.005154,5757663.0,29679.82,0.0,1645164939,BDOGE/ADA_1.0,0.0,0.0,0.0,1799.0
0.000851,33491967.69,28518.89,0.0,1645164939,MONET/ADA_0.3,0.0,0.0,0.0,1799.0
0.129244,219936.9,28425.66,0.0,1645164939,MELD/ADA_1.0,0.0,0.0,0.0,1799.0
0.016666,1699328.0,28322.26,1124.35,1645164939,QUID/ADA_0.3,0.0,0.0,0.0,1799.0
0.419384,50229.01,21065.25,2462.32,1645164939,CARGO/ADA_0.3,0.0,0.0,0.0,1799.0
0.000743,28016106.0,20821.93,271.71,1645164939,RAG/ADA_1.0,0.0,0.0,0.0,1799.0
27.184221,734.0,19953.21,1466.66,1645164939,XDIA…ND/ADA_1.0,0.0,0.0,0.0,1799.0
0.100723,186496.52,18784.52,0.0,1645164939,MINt/ADA_0.05,0.0,0.0,0.0,1799.0
0.305036,60477.33,18447.77,776.76,1645164939,MIN/ADA_0.05,0.0,0.0,0.0,1799.0
0.151623,118672.0,17993.51,2249.34,1645164939,SKULL/ADA_1.0,0.0,0.0,0.0,1799.0
0.440525,39546.0,17421.01,3534.69,1645164939,CDX/ADA_1.0,0.0,0.0,0.0,1799.0
0.0,366333900826.0,17370.25,5343.13,1645164939,HOSKY/ADA_0.05,0.0,0.0,0.0,1799.0
0.000651,26515693.0,17270.71,3629.73,1645164939,KIDZ/ADA_0.3,0.0,0.0,0.0,1799.0
0.033182,472310.0,15672.38,89.73,1645164939,cMETA/ADA_0.3,0.0,0.0,0.0,1799.0
0.011221,1389743.0,15595.6,0.0,1645164939,GOKEY/ADA_0.3,0.0,0.0,0.0,1799.0
0.036776,423765.83,15584.8,23.05,1645164939,NEWM/ADA_1.0,0.0,0.0,0.0,1799.0
0.0,15201598810.0,13366.17,637.85,1645164939,MEOW/ADA_0.3,0.0,-51198184.0,45.0,1799.0
2.117409,6091.67,12898.55,924.34,1645164939,DANA/ADA_0.3,0.0,0.0,0.0,1799.0
0.849174,13343.27,11330.77,255.53,1645164939,WMT/ADA_1.0,0.0,0.0,0.0,1799.0
0.109,97894.0,10670.52,0.0,1645164939,Card…rm/ADA_0.3,0.0,0.0,0.0,1799.0
0.04938,195717.75,9664.56,10.07,1645164939,cbTHC/ADA_0.3,0.0,0.0,0.0,1799.0
108.50418,88.93,9650.15,0.0,1645164939,LQ/ADA_0.05,0.0,0.0,0.0,1799.0
0.753358,26353051.84,19853304.76,1397192.56,1645165840,SUNDAE/ADA_0.3,-0.0017800000000000038,32237.109999999404,-22567.13999999687,900.0
111.686323,156648.45,17495489.57,574205.6,1645165840,LQ/ADA_0.3,0.0395160000000061,-27.669999999983702,3100.0,900.0
0.877832,15470287.69,13580327.08,904538.23,1645165840,WMT/ADA_0.3,0.00022399999999989095,-1976.460000000894,1740.0,900.0
0.12886,12962655.53,1670368.02,485559.82,1645165840,MELD/ADA_0.3,-7.799999999999474e-05,4020.679999999702,-497.79000000003725,900.0
0.095113,13099361.0,1245924.51,484820.25,1645165840,PAVIA/ADA_0.3,0.0,105137.0,9999.929999999935,900.0
0.144253,6615283.0,954279.44,94926.28,1645165840,XRAY/ADA_0.3,0.0,0.0,0.0,900.0
0.350642,2488772.0,872670.35,57291.6,1645165840,ADAX/ADA_0.3,0.0,0.0,0.0,900.0
2.085992,414213.25,864045.91,331155.94,1645165840,AADA/ADA_0.3,-0.06406499999999982,6231.119999999995,-13139.219999999972,900.0
1.610827,332379.56,535406.06,330118.31,1645165840,VYFI/ADA_0.3,-0.0018480000000000718,190.80999999999767,-306.61999999999534,900.0
5.796877,57767.0,334868.21,308295.9,1645165840,MILK/ADA_0.3,0.0,0.0,0.0,900.0
0.102192,1746798.24,178509.18,70160.88,1645165840,MINt/ADA_0.3,0.0,0.0,0.0,900.0
0.028094,6314990.69,177417.64,68843.35,1645165840,CLAP/ADA_0.3,-4.29999999999979e-05,4869.25,-136.4899999999907,900.0
0.0,6842722387901.0,154293.83,603.56,1645165840,CHRLZ/ADA_0.3,0.0,0.0,0.0,900.0
2.007231,74974.98,150492.13,59294.37,1645165840,DANA/ADA_0.05,0.0036610000000001364,-68.25,137.75,900.0
0.867273,153427.68,133063.75,0.0,1645165840,WMT/ADA_0.05,0.0,0.0,0.0,900.0
0.005232,22125963.0,115778.25,16116.51,1645165840,RAVE/ADA_1.0,0.0,0.0,0.0,900.0
0.752817,146516.45,110300.16,5489.17,1645165840,SUNDAE/ADA_0.05,0.0,0.0,0.0,900.0
0.0,94530293298167.0,98837.76,11104.63,1645165840,BISON/ADA_0.3,0.0,0.0,0.0,900.0
2.8e-05,3471471218.96,98780.26,8169.45,1645165840,ASHIB/ADA_1.0,0.0,0.0,0.0,900.0
0.032628,2735121.0,89243.73,6036.79,1645165840,FIRE/ADA_0.3,0.0,0.0,0.0,900.0
0.296357,276167.49,81844.22,73020.52,1645165840,MIN/ADA_0.3,0.0,0.0,0.0,900.0
0.0,1194717660073.0,62287.66,51101.84,1645165840,HOSKY/ADA_0.3,0.0,0.0,0.0,900.0
0.006516,8820243.0,57474.94,3474.37,1645165840,FLICK/ADA_0.3,0.0,0.0,0.0,900.0
0.088613,531323.0,47082.5,5784.79,1645165840,cNETA/ADA_0.3,0.0,0.0,0.0,900.0
0.011654,3460200.0,40327.77,2429.46,1645165840,CNFT/ADA_0.3,0.0,0.0,0.0,900.0
0.002935,13715266.64,40258.6,16285.1,1645165840,DRIP/ADA_1.0,-7.99999999999976e-06,148000.0,330.1299999999974,900.0
0.115856,291900.65,33818.66,21081.86,1645165840,REVU/ADA_0.3,0.0,0.0,0.0,900.0
46.081757,689.0,31750.33,0.0,1645165840,unsi…en/ADA_1.0,0.0,0.0,0.0,900.0
0.005154,5757663.0,29679.82,0.0,1645165840,BDOGE/ADA_1.0,0.0,0.0,0.0,900.0
0.000851,33491967.69,28518.89,0.0,1645165840,MONET/ADA_0.3,0.0,0.0,0.0,900.0
0.129244,219936.9,28425.66,0.0,1645165840,MELD/ADA_1.0,0.0,0.0,0.0,900.0
0.016666,1699328.0,28322.26,1124.35,1645165840,QUID/ADA_0.3,0.0,0.0,0.0,900.0
0.419384,50229.01,21065.25,2462.32,1645165840,CARGO/ADA_0.3,0.0,0.0,0.0,900.0
0.000743,28016106.0,20821.93,271.71,1645165840,RAG/ADA_1.0,0.0,0.0,0.0,900.0
27.184221,734.0,19953.21,1466.66,1645165840,XDIA…ND/ADA_1.0,0.0,0.0,0.0,900.0
0.100723,186496.52,18784.52,0.0,1645165840,MINt/ADA_0.05,0.0,0.0,0.0,900.0
0.305036,60477.33,18447.77,776.76,1645165840,MIN/ADA_0.05,0.0,0.0,0.0,900.0
0.151623,118672.0,17993.51,2249.34,1645165840,SKULL/ADA_1.0,0.0,0.0,0.0,900.0
0.440525,39546.0,17421.01,3534.69,1645165840,CDX/ADA_1.0,0.0,0.0,0.0,900.0
0.0,366333900826.0,17370.25,5343.13,1645165840,HOSKY/ADA_0.05,0.0,0.0,0.0,900.0
0.000651,26515693.0,17270.71,3629.73,1645165840,KIDZ/ADA_0.3,0.0,0.0,0.0,900.0
0.033182,472310.0,15672.38,89.73,1645165840,cMETA/ADA_0.3,0.0,0.0,0.0,900.0
0.011221,1389743.0,15595.6,0.0,1645165840,GOKEY/ADA_0.3,0.0,0.0,0.0,900.0
0.036776,423765.83,15584.8,23.05,1645165840,NEWM/ADA_1.0,0.0,0.0,0.0,900.0
0.0,15201598810.0,13366.17,637.85,1645165840,MEOW/ADA_0.3,0.0,0.0,0.0,900.0
2.117409,6091.67,12898.55,924.34,1645165840,DANA/ADA_0.3,0.0,0.0,0.0,900.0
0.849174,13343.27,11330.77,255.53,1645165840,WMT/ADA_1.0,0.0,0.0,0.0,900.0
0.109,97894.0,10670.52,0.0,1645165840,Card…rm/ADA_0.3,0.0,0.0,0.0,900.0
0.04938,195717.75,9664.56,10.07,1645165840,cbTHC/ADA_0.3,0.0,0.0,0.0,900.0
108.50418,88.93,9650.15,0.0,1645165840,LQ/ADA_0.05,0.0,0.0,0.0,900.0
0.752645,26368901.95,19846445.11,1422244.7,1645166741,SUNDAE/ADA_0.3,-0.0007129999999999637,15850.109999999404,-6859.650000002235,900.0
111.684882,156649.48,17495378.82,581444.13,1645166741,LQ/ADA_0.3,-0.0014409999999998035,1.0299999999988358,-110.75,900.0
0.877886,15470659.05,13581490.24,904958.69,1645166741,WMT/ADA_0.3,5.4000000000109516e-05,371.3600000012666,1163.160000000149,900.0
0.12885,12963158.28,1670303.44,485624.4,1645166741,MELD/ADA_0.3,-1.0000000000010001e-05,502.75,-64.5800000000745,900.0
0.095113,13095249.0,1245533.29,484820.25,1645166741,PAVIA/ADA_0.3,0.0,-4112.0,-391.21999999997206,900.0
0.144201,6616484.0,954106.74,95098.98,1645166741,XRAY/ADA_0.3,-5.1999999999996493e-05,1201.0,-172.69999999995343,900.0
0.350642,2488772.0,872670.35,57291.6,1645166741,ADAX/ADA_0.3,0.0,0.0,0.0,900.0
2.091153,413702.62,865115.59,332435.19,1645166741,AADA/ADA_0.3,0.005160999999999749,-510.63000000000466,1069.6799999999348,900.0
1.610827,332379.56,535406.06,330118.31,1645166741,VYFI/ADA_0.3,0.0,0.0,0.0,900.0
5.937365,54432.0,323182.69,308376.14,1645166741,MILK/ADA_0.3,0.1404879999999995,-3335.0,-11685.520000000019,900.0
0.102192,1746798.24,178509.18,70160.88,1645166741,MINt/ADA_0.3,0.0,0.0,0.0,900.0
0.028094,6314990.69,177417.64,68843.35,1645166741,CLAP/ADA_0.3,0.0,0.0,0.0,900.0
0.0,6842722387901.0,154293.83,603.56,1645166741,CHRLZ/ADA_0.3,0.0,0.0,0.0,900.0
2.007764,74965.02,150512.13,59314.38,1645166741,DANA/ADA_0.05,0.0005329999999998947,-9.959999999991851,20.0,900.0
0.867273,153356.44,133001.97,0.0,1645166741,WMT/ADA_0.05,0.0,-71.23999999999069,-61.779999999998836,900.0
0.005232,22125963.0,115778.25,16297.54,1645166741,RAVE/ADA_1.0,0.0,0.0,0.0,900.0
0.752817,146608.45,110369.42,5489.17,1645166741,SUNDAE/ADA_0.05,0.0,92.0,69.25999999999476,900.0
0.0,94530293298167.0,98837.76,11104.63,1645166741,BISON/ADA_0.3,0.0,0.0,0.0,900.0
2.8e-05,3471471218.96,98780.26,8169.45,1645166741,ASHIB/ADA_1.0,0.0,0.0,0.0,900.0
0.032628,2735121.0,89243.73,6036.79,1645166741,FIRE/ADA_0.3,0.0,0.0,0.0,900.0
0.296357,276167.49,81844.22,73020.52,1645166741,MIN/ADA_0.3,0.0,0.0,0.0,900.0
0.0,1194717660073.0,62287.66,51101.84,1645166741,HOSKY/ADA_0.3,0.0,0.0,0.0,900.0
0.006516,8820243.0,57474.94,3474.37,1645166741,FLICK/ADA_0.3,0.0,0.0,0.0,900.0
0.088613,531323.0,47082.5,5784.79,1645166741,cNETA/ADA_0.3,0.0,0.0,0.0,900.0
0.011654,3460200.0,40327.77,2429.46,1645166741,CNFT/ADA_0.3,0.0,0.0,0.0,900.0
0.002929,13749266.64,40276.61,16613.68,1645166741,DRIP/ADA_1.0,-5.999999999999929e-06,34000.0,18.010000000002037,900.0
0.115856,291900.65,33818.66,21081.86,1645166741,REVU/ADA_0.3,0.0,0.0,0.0,900.0
46.081757,689.0,31750.33,0.0,1645166741,unsi…en/ADA_1.0,0.0,0.0,0.0,900.0
0.005154,5757663.0,29679.82,0.0,1645166741,BDOGE/ADA_1.0,0.0,0.0,0.0,900.0
0.000851,33491967.69,28518.89,0.0,1645166741,MONET/ADA_0.3,0.0,0.0,0.0,900.0
0.129244,219936.9,28425.66,0.0,1645166741,MELD/ADA_1.0,0.0,0.0,0.0,900.0
0.016666,1699328.0,28322.26,1124.35,1645166741,QUID/ADA_0.3,0.0,0.0,0.0,900.0
0.419384,50229.01,21065.25,2462.32,1645166741,CARGO/ADA_0.3,0.0,0.0,0.0,900.0
0.000743,28016106.0,20821.93,271.71,1645166741,RAG/ADA_1.0,0.0,0.0,0.0,900.0
27.184221,734.0,19953.21,1466.66,1645166741,XDIA…ND/ADA_1.0,0.0,0.0,0.0,900.0
0.100723,186496.52,18784.52,0.0,1645166741,MINt/ADA_0.05,0.0,0.0,0.0,900.0
0.305036,60477.33,18447.77,776.76,1645166741,MIN/ADA_0.05,0.0,0.0,0.0,900.0
0.151623,118672.0,17993.51,2249.34,1645166741,SKULL/ADA_1.0,0.0,0.0,0.0,900.0
0.440525,39546.0,17421.01,3534.69,1645166741,CDX/ADA_1.0,0.0,0.0,0.0,900.0
0.0,366333900826.0,17370.25,5343.13,1645166741,HOSKY/ADA_0.05,0.0,0.0,0.0,900.0
0.000651,26515693.0,17270.71,3629.73,1645166741,KIDZ/ADA_0.3,0.0,0.0,0.0,900.0
0.033182,472310.0,15672.38,89.73,1645166741,cMETA/ADA_0.3,0.0,0.0,0.0,900.0
0.011221,1389743.0,15595.6,0.0,1645166741,GOKEY/ADA_0.3,0.0,0.0,0.0,900.0
0.036776,423765.83,15584.8,487.65,1645166741,NEWM/ADA_1.0,0.0,0.0,0.0,900.0
0.0,15201598810.0,13366.17,637.85,1645166741,MEOW/ADA_0.3,0.0,0.0,0.0,900.0
2.117409,6091.67,12898.55,924.34,1645166741,DANA/ADA_0.3,0.0,0.0,0.0,900.0
0.849174,13343.27,11330.77,255.53,1645166741,WMT/ADA_1.0,0.0,0.0,0.0,900.0
0.109,97894.0,10670.52,0.0,1645166741,Card…rm/ADA_0.3,0.0,0.0,0.0,900.0
0.04938,195717.75,9664.56,10.07,1645166741,cbTHC/ADA_0.3,0.0,0.0,0.0,900.0
108.50418,88.93,9650.15,0.0,1645166741,LQ/ADA_0.05,0.0,0.0,0.0,900.0
0.752929,26433620.35,19902664.89,1314208.28,1645167641,SUNDAE/ADA_0.3,0.00028399999999995096,64718.400000002235,56219.78000000119,900.0
111.759893,156596.98,17501261.9,581901.97,1645167641,LQ/ADA_0.3,0.07501100000000349,-52.5,5883.079999998212,900.0
0.877886,15470964.05,13581757.99,887860.8,1645167641,WMT/ADA_0.3,0.0,305.0,267.75,900.0
0.129013,12954968.28,1671363.38,483599.28,1645167641,MELD/ADA_0.3,0.00016299999999999648,-8190.0,1059.9399999999441,900.0
0.095127,13094250.0,1245628.7,459702.75,1645167641,PAVIA/ADA_0.3,1.4000000000000123e-05,-999.0,95.40999999991618,900.0
0.144201,6616484.0,954106.74,94856.43,1645167641,XRAY/ADA_0.3,0.0,0.0,0.0,900.0
0.350589,2488962.0,872603.94,54306.39,1645167641,ADAX/ADA_0.3,-5.300000000002525e-05,190.0,-66.4100000000326,900.0
2.090154,413801.62,864909.24,325346.56,1645167641,AADA/ADA_0.3,-0.00099899999999975,99.0,-206.34999999997672,900.0
1.610965,332365.32,535429.06,324652.84,1645167641,VYFI/ADA_0.3,0.00013799999999997148,-14.239999999990687,23.0,900.0
5.740166,58053.0,333233.87,308443.03,1645167641,MILK/ADA_0.3,-0.19719899999999946,3621.0,10051.179999999993,900.0
0.102192,1746798.24,178509.18,66747.46,1645167641,MINt/ADA_0.3,0.0,0.0,0.0,900.0
0.028126,6311443.97,177517.64,68943.65,1645167641,CLAP/ADA_0.3,3.200000000000078e-05,-3546.7200000006706,100.0,900.0
0.0,6842722387901.0,154293.83,503.26,1645167641,CHRLZ/ADA_0.3,0.0,0.0,0.0,900.0
2.007764,74965.02,150512.13,57874.56,1645167641,DANA/ADA_0.05,0.0,0.0,0.0,900.0
0.867273,153356.44,133001.97,0.0,1645167641,WMT/ADA_0.05,0.0,0.0,0.0,900.0
0.005225,22142001.0,115697.22,16297.08,1645167641,RAVE/ADA_1.0,-7.000000000000062e-06,16038.0,-81.02999999999884,900.0
0.752817,146608.45,110369.42,5489.17,1645167641,SUNDAE/ADA_0.05,0.0,0.0,0.0,900.0
0.0,94530293298167.0,98837.76,11104.63,1645167641,BISON/ADA_0.3,0.0,0.0,0.0,900.0
2.8e-05,3471471218.96,98780.26,8149.68,1645167641,ASHIB/ADA_1.0,0.0,0.0,0.0,900.0
0.032701,2732069.0,89343.73,6137.09,1645167641,FIRE/ADA_0.3,7.300000000000362e-05,-3052.0,100.0,900.0
0.296357,276167.49,81844.22,70745.02,1645167641,MIN/ADA_0.3,0.0,0.0,0.0,900.0
0.0,1194812134785.0,62282.75,51076.8,1645167641,HOSKY/ADA_0.3,0.0,94474712.0,-4.9100000000034925,900.0
0.006516,8820243.0,57474.94,3380.14,1645167641,FLICK/ADA_0.3,0.0,0.0,0.0,900.0
0.087542,534569.0,46797.46,6033.42,1645167641,cNETA/ADA_0.3,-0.0010710000000000025,3246.0,-285.0400000000009,900.0
0.011654,3460200.0,40327.77,1627.06,1645167641,CNFT/ADA_0.3,0.0,0.0,0.0,900.0
0.002881,13863266.64,39948.69,16581.42,1645167641,DRIP/ADA_1.0,-4.80000000000003e-05,114000.0,-327.91999999999825,900.0
0.115856,291900.65,33818.66,17039.39,1645167641,REVU/ADA_0.3,0.0,0.0,0.0,900.0
46.081757,689.0,31750.33,0.0,1645167641,unsi…en/ADA_1.0,0.0,0.0,0.0,900.0
0.005154,5757663.0,29679.82,0.0,1645167641,BDOGE/ADA_1.0,0.0,0.0,0.0,900.0
0.000851,33491967.69,28518.89,0.0,1645167641,MONET/ADA_0.3,0.0,0.0,0.0,900.0
0.129244,219936.9,28425.66,0.0,1645167641,MELD/ADA_1.0,0.0,0.0,0.0,900.0
0.016666,1699328.0,28322.26,994.81,1645167641,QUID/ADA_0.3,0.0,0.0,0.0,900.0
0.419384,50229.01,21065.25,2412.24,1645167641,CARGO/ADA_0.3,0.0,0.0,0.0,900.0
0.000743,28016106.0,20821.93,271.71,1645167641,RAG/ADA_1.0,0.0,0.0,0.0,900.0
27.184221,734.0,19953.21,1466.66,1645167641,XDIA…ND/ADA_1.0,0.0,0.0,0.0,900.0
0.100723,186496.52,18784.52,0.0,1645167641,MINt/ADA_0.05,0.0,0.0,0.0,900.0
0.305036,60477.33,18447.77,776.76,1645167641,MIN/ADA_0.05,0.0,0.0,0.0,900.0
0.151623,118672.0,17993.51,2249.34,1645167641,SKULL/ADA_1.0,0.0,0.0,0.0,900.0
0.440525,39546.0,17421.01,3534.69,1645167641,CDX/ADA_1.0,0.0,0.0,0.0,900.0
0.0,366333900826.0,17370.25,5343.13,1645167641,HOSKY/ADA_0.05,0.0,0.0,0.0,900.0
0.000651,26515693.0,17270.71,2375.98,1645167641,KIDZ/ADA_0.3,0.0,0.0,0.0,900.0
0.038968,419734.63,16356.55,527.5,1645167641,NEWM/ADA_1.0,0.0021919999999999995,-4031.2000000000116,771.75,900.0
0.033182,472310.0,15672.38,89.73,1645167641,cMETA/ADA_0.3,0.0,0.0,0.0,900.0
0.011311,1384257.0,15657.6,3053.32,1645167641,GOKEY/ADA_0.3,8.99999999999998e-05,-5486.0,62.0,900.0
0.0,15201598810.0,13366.17,637.85,1645167641,MEOW/ADA_0.3,0.0,0.0,0.0,900.0
2.117409,6091.67,12898.55,924.34,1645167641,DANA/ADA_0.3,0.0,0.0,0.0,900.0
0.849174,13343.27,11330.77,255.53,1645167641,WMT/ADA_1.0,0.0,0.0,0.0,900.0
0.109,97894.0,10670.52,0.0,1645167641,Card…rm/ADA_0.3,0.0,0.0,0.0,900.0
0.04938,195717.75,9664.56,10.07,1645167641,cbTHC/ADA_0.3,0.0,0.0,0.0,900.0
108.50418,88.93,9650.15,0.0,1645167641,LQ/ADA_0.05,0.0,0.0,0.0,900.0
0.751837,26455018.07,19889873.33,1349594.32,1645168541,SUNDAE/ADA_0.3,-0.0010919999999999819,21397.719999998808,-12791.560000002384,899.0
111.870117,156520.44,17509960.11,582132.66,1645168541,LQ/ADA_0.3,0.11022399999998811,-76.54000000000815,8698.210000000894,899.0
0.881931,15435513.71,13613071.16,919254.7,1645168541,WMT/ADA_0.3,0.004044999999999965,-35450.33999999985,31313.169999999925,899.0
0.131398,12837042.44,1686763.38,499045.48,1645168541,MELD/ADA_0.3,0.0023849999999999982,-117925.83999999985,15400.0,899.0
0.095284,13077745.0,1246109.61,462014.34,1645168541,PAVIA/ADA_0.3,0.00015699999999999048,-16505.0,480.910000000149,899.0
0.144179,6616983.0,954035.0,94928.17,1645168541,XRAY/ADA_0.3,-2.1999999999994246e-05,499.0,-71.73999999999069,899.0
0.352195,2483288.0,874603.94,56312.39,1645168541,ADAX/ADA_0.3,0.0016059999999999963,-5674.0,2000.0,899.0
2.090154,413801.62,864909.24,325346.56,1645168541,AADA/ADA_0.3,0.0,0.0,0.0,899.0
1.610965,332365.32,535429.06,324652.84,1645168541,VYFI/ADA_0.3,0.0,0.0,0.0,899.0
5.767666,57915.0,334034.39,309245.95,1645168541,MILK/ADA_0.3,0.027499999999999858,-138.0,800.5200000000186,899.0
0.102192,1746798.24,178509.18,66747.46,1645168541,MINt/ADA_0.3,0.0,0.0,0.0,899.0
0.028126,6311443.97,177517.64,68943.65,1645168541,CLAP/ADA_0.3,0.0,0.0,0.0,899.0
0.0,6842722387901.0,154293.83,503.26,1645168541,CHRLZ/ADA_0.3,0.0,0.0,0.0,899.0
1.999685,75617.15,151210.49,59188.08,1645168541,DANA/ADA_0.05,-0.008078999999999947,652.1299999999901,698.359999999986,899.0
0.867273,153356.44,133001.97,0.0,1645168541,WMT/ADA_0.05,0.0,0.0,0.0,899.0
0.005225,22142001.0,115697.22,16297.08,1645168541,RAVE/ADA_1.0,0.0,0.0,0.0,899.0
0.752817,146608.45,110369.42,5489.17,1645168541,SUNDAE/ADA_0.05,0.0,0.0,0.0,899.0
2.8e-05,3454161989.88,99280.26,8654.68,1645168541,ASHIB/ADA_1.0,0.0,-17309229.079999924,500.0,899.0
0.0,94539637293778.0,98847.53,11104.63,1645168541,BISON/ADA_0.3,0.0,9343995611.0,9.770000000004075,899.0
0.032701,2732069.0,89343.73,6137.09,1645168541,FIRE/ADA_0.3,0.0,0.0,0.0,899.0
0.296357,276167.49,81844.22,70745.02,1645168541,MIN/ADA_0.3,0.0,0.0,0.0,899.0
0.0,1197083716105.0,62164.91,51194.63,1645168541,HOSKY/ADA_0.3,0.0,2271581320.0,-117.83999999999651,899.0
0.006516,8820243.0,57474.94,3380.14,1645168541,FLICK/ADA_0.3,0.0,0.0,0.0,899.0
0.087362,535119.0,46749.5,6081.37,1645168541,cNETA/ADA_0.3,-0.0001799999999999996,550.0,-47.95999999999913,899.0
0.011654,3460200.0,40327.77,1627.06,1645168541,CNFT/ADA_0.3,0.0,0.0,0.0,899.0
0.002875,13878366.64,39905.66,16624.45,1645168541,DRIP/ADA_1.0,-5.999999999999929e-06,15100.0,-43.029999999998836,899.0
0.115856,291900.65,33818.66,17039.39,1645168541,REVU/ADA_0.3,0.0,0.0,0.0,899.0
46.081757,689.0,31750.33,0.0,1645168541,unsi…en/ADA_1.0,0.0,0.0,0.0,899.0
0.005154,5757663.0,29679.82,0.0,1645168541,BDOGE/ADA_1.0,0.0,0.0,0.0,899.0
0.000851,33491967.69,28518.89,0.0,1645168541,MONET/ADA_0.3,0.0,0.0,0.0,899.0
0.129244,219936.9,28425.66,0.0,1645168541,MELD/ADA_1.0,0.0,0.0,0.0,899.0
0.016666,1699328.0,28322.26,994.81,1645168541,QUID/ADA_0.3,0.0,0.0,0.0,899.0
0.419384,50229.01,21065.25,2412.24,1645168541,CARGO/ADA_0.3,0.0,0.0,0.0,899.0
0.000743,28006078.0,20829.46,279.32,1645168541,RAG/ADA_1.0,0.0,-10028.0,7.529999999998836,899.0
27.184221,734.0,19953.21,1466.66,1645168541,XDIA…ND/ADA_1.0,0.0,0.0,0.0,899.0
0.100723,186496.52,18784.52,0.0,1645168541,MINt/ADA_0.05,0.0,0.0,0.0,899.0
0.305036,60477.33,18447.77,776.76,1645168541,MIN/ADA_0.05,0.0,0.0,0.0,899.0
0.151623,118672.0,17993.51,2249.34,1645168541,SKULL/ADA_1.0,0.0,0.0,0.0,899.0
0.000705,25485825.0,17970.71,3078.08,1645168541,KIDZ/ADA_0.3,5.400000000000001e-05,-1029868.0,700.0,899.0
0.440525,39546.0,17421.01,3534.69,1645168541,CDX/ADA_1.0,0.0,0.0,0.0,899.0
0.0,366333900826.0,17370.25,5343.13,1645168541,HOSKY/ADA_0.05,0.0,0.0,0.0,899.0
0.039156,418734.6,16396.01,527.5,1645168541,NEWM/ADA_1.0,0.00018800000000000067,-1000.0300000000279,39.45999999999913,899.0
0.033182,472310.0,15672.38,89.73,1645168541,cMETA/ADA_0.3,0.0,0.0,0.0,899.0
0.011311,1384257.0,15657.6,3053.32,1645168541,GOKEY/ADA_0.3,0.0,0.0,0.0,899.0
0.0,15201598810.0,13366.17,637.85,1645168541,MEOW/ADA_0.3,0.0,0.0,0.0,899.0
2.117409,6091.67,12898.55,924.34,1645168541,DANA/ADA_0.3,0.0,0.0,0.0,899.0
0.849174,13343.27,11330.77,255.53,1645168541,WMT/ADA_1.0,0.0,0.0,0.0,899.0
0.109,97894.0,10670.52,0.0,1645168541,Card…rm/ADA_0.3,0.0,0.0,0.0,899.0
0.04938,195717.75,9664.56,10.07,1645168541,cbTHC/ADA_0.3,0.0,0.0,0.0,899.0
108.50418,88.93,9650.15,0.0,1645168541,LQ/ADA_0.05,0.0,0.0,0.0,899.0
0.753508,26441456.84,19923860.07,1381025.71,1645169441,SUNDAE/ADA_0.3,0.001670999999999978,-13561.230000000447,33986.740000002086,899.0
111.882876,156513.57,17511189.54,583135.66,1645169441,LQ/ADA_0.3,0.01275900000000263,-6.869999999995343,1229.429999999702,899.0
0.881931,15469502.8,13643047.22,919254.7,1645169441,WMT/ADA_0.3,0.0,33989.08999999985,29976.06000000052,899.0
0.131398,12839325.58,1687063.38,499045.48,1645169441,MELD/ADA_0.3,0.0,2283.140000000596,300.0,899.0
0.096004,13030919.0,1251027.84,467117.01,1645169441,PAVIA/ADA_0.3,0.0007200000000000123,-46826.0,4918.229999999981,899.0
0.144131,6618083.0,953876.91,95086.26,1645169441,XRAY/ADA_0.3,-4.799999999999249e-05,1100.0,-158.0899999999674,899.0
0.352194,2483311.0,874608.08,60314.25,1645169441,ADAX/ADA_0.3,-9.999999999732445e-07,23.0,4.14000000001397,899.0
2.09358,413463.38,865618.94,326058.38,1645169441,AADA/ADA_0.3,0.003426000000000151,-338.2399999999907,709.6999999999534,899.0
1.610965,332365.32,535429.06,324652.84,1645169441,VYFI/ADA_0.3,0.0,0.0,0.0,899.0
5.796149,57773.0,334860.93,310422.4,1645169441,MILK/ADA_0.3,0.028482999999999592,-142.0,826.539999999979,899.0
0.101948,1748884.3,178296.89,66959.75,1645169441,MINt/ADA_0.3,-0.0002440000000000081,2086.060000000056,-212.28999999997905,899.0
0.028126,6311443.97,177517.64,68943.65,1645169441,CLAP/ADA_0.3,0.0,0.0,0.0,899.0
0.0,6842722387901.0,154293.83,503.26,1645169441,CHRLZ/ADA_0.3,0.0,0.0,0.0,899.0
1.991642,75769.73,150906.24,59692.38,1645169441,DANA/ADA_0.05,-0.008043000000000022,152.58000000000175,-304.25,899.0
0.867273,153356.44,133001.97,0.0,1645169441,WMT/ADA_0.05,0.0,0.0,0.0,899.0
0.005225,22142001.0,115697.22,16297.08,1645169441,RAVE/ADA_1.0,0.0,0.0,0.0,899.0
0.752817,148498.68,111792.42,5489.17,1645169441,SUNDAE/ADA_0.05,0.0,1890.2299999999814,1423.0,899.0
2.8e-05,3454161989.88,99280.26,8654.68,1645169441,ASHIB/ADA_1.0,0.0,0.0,0.0,899.0
0.0,94539637293778.0,98847.53,11104.63,1645169441,BISON/ADA_0.3,0.0,0.0,0.0,899.0
0.032701,2732069.0,89343.73,6137.09,1645169441,FIRE/ADA_0.3,0.0,0.0,0.0,899.0
0.296357,276167.49,81844.22,70745.02,1645169441,MIN/ADA_0.3,0.0,0.0,0.0,899.0
0.0,1197083716105.0,62164.91,51194.63,1645169441,HOSKY/ADA_0.3,0.0,0.0,0.0,899.0
0.006516,8820243.0,57474.94,3380.14,1645169441,FLICK/ADA_0.3,0.0,0.0,0.0,899.0
0.087362,535119.0,46749.5,6081.37,1645169441,cNETA/ADA_0.3,0.0,0.0,0.0,899.0
0.011654,3460200.0,40327.77,1627.06,1645169441,CNFT/ADA_0.3,0.0,0.0,0.0,899.0
0.002859,13916366.64,39797.78,16732.33,1645169441,DRIP/ADA_1.0,-1.5999999999999955e-05,38000.0,-107.88000000000466,899.0
0.115856,291900.65,33818.66,17039.39,1645169441,REVU/ADA_0.3,0.0,0.0,0.0,899.0
46.081757,689.0,31750.33,0.0,1645169441,unsi…en/ADA_1.0,0.0,0.0,0.0,899.0
0.005154,5757663.0,29679.82,0.0,1645169441,BDOGE/ADA_1.0,0.0,0.0,0.0,899.0
0.000851,33491967.69,28518.89,0.0,1645169441,MONET/ADA_0.3,0.0,0.0,0.0,899.0
0.129244,219936.9,28425.66,0.0,1645169441,MELD/ADA_1.0,0.0,0.0,0.0,899.0
0.016666,1699328.0,28322.26,994.81,1645169441,QUID/ADA_0.3,0.0,0.0,0.0,899.0
0.419384,50229.01,21065.25,2412.24,1645169441,CARGO/ADA_0.3,0.0,0.0,0.0,899.0
0.000743,28006078.0,20829.46,279.32,1645169441,RAG/ADA_1.0,0.0,0.0,0.0,899.0
27.412063,731.0,20038.21,1552.51,1645169441,XDIA…ND/ADA_1.0,0.227841999999999,-3.0,85.0,899.0
0.100723,186496.52,18784.52,0.0,1645169441,MINt/ADA_0.05,0.0,0.0,0.0,899.0
0.305036,60477.33,18447.77,776.76,1645169441,MIN/ADA_0.05,0.0,0.0,0.0,899.0
0.151623,118672.0,17993.51,2249.34,1645169441,SKULL/ADA_1.0,0.0,0.0,0.0,899.0
0.000705,25485825.0,17970.71,3078.08,1645169441,KIDZ/ADA_0.3,0.0,0.0,0.0,899.0
0.0,366333900826.0,17370.25,5343.13,1645169441,HOSKY/ADA_0.05,0.0,0.0,0.0,899.0
0.433949,39846.0,17291.15,3664.55,1645169441,CDX/ADA_1.0,-0.006576000000000026,300.0,-129.85999999999694,899.0
0.039156,418734.6,16396.01,527.5,1645169441,NEWM/ADA_1.0,0.0,0.0,0.0,899.0
0.033182,472310.0,15672.38,89.73,1645169441,cMETA/ADA_0.3,0.0,0.0,0.0,899.0
0.011311,1384257.0,15657.6,3053.32,1645169441,GOKEY/ADA_0.3,0.0,0.0,0.0,899.0
0.0,15201598810.0,13366.17,637.85,1645169441,MEOW/ADA_0.3,0.0,0.0,0.0,899.0
2.117409,6091.67,12898.55,924.34,1645169441,DANA/ADA_0.3,0.0,0.0,0.0,899.0
0.849174,13343.27,11330.77,255.53,1645169441,WMT/ADA_1.0,0.0,0.0,0.0,899.0
0.109,97894.0,10670.52,0.0,1645169441,Card…rm/ADA_0.3,0.0,0.0,0.0,899.0
0.04938,195717.75,9664.56,10.07,1645169441,cbTHC/ADA_0.3,0.0,0.0,0.0,899.0
108.50418,88.93,9650.15,0.0,1645169441,LQ/ADA_0.05,0.0,0.0,0.0,899.0
0.742416,26648997.5,19784650.85,1642470.1,1645170339,SUNDAE/ADA_0.3,-0.01109199999999999,207540.66000000015,-139209.2199999988,898.0
111.891408,156519.04,17513135.96,584030.11,1645170339,LQ/ADA_0.3,0.008532000000002427,5.470000000001164,1946.4200000017881,898.0
0.882087,15469154.2,13645139.87,920460.19,1645170339,WMT/ADA_0.3,0.00015599999999993397,-348.6000000014901,2092.64999999851,898.0
0.130617,12878971.82,1682224.6,504054.06,1645170339,MELD/ADA_0.3,-0.0007809999999999762,39646.24000000022,-4838.779999999795,898.0
0.096038,13079780.0,1256161.92,467339.68,1645170339,PAVIA/ADA_0.3,3.399999999999237e-05,48861.0,5134.079999999842,898.0
0.144131,6618083.0,953876.91,95086.26,1645170339,XRAY/ADA_0.3,0.0,0.0,0.0,898.0
0.352194,2484611.0,875065.93,60314.25,1645170339,ADAX/ADA_0.3,0.0,1300.0,457.85000000009313,898.0
2.09358,413463.38,865618.94,326058.38,1645170339,AADA/ADA_0.3,0.0,0.0,0.0,898.0
1.610965,332365.32,535429.06,324652.84,1645170339,VYFI/ADA_0.3,0.0,0.0,0.0,898.0
5.776646,58115.0,335709.83,310987.77,1645170339,MILK/ADA_0.3,-0.019502999999999382,342.0,848.9000000000233,898.0
0.101948,1748884.3,178296.89,66959.75,1645170339,MINt/ADA_0.3,0.0,0.0,0.0,898.0
0.028126,6311443.97,177517.64,68943.65,1645170339,CLAP/ADA_0.3,0.0,0.0,0.0,898.0
0.0,6842722387901.0,154293.83,503.26,1645170339,CHRLZ/ADA_0.3,0.0,0.0,0.0,898.0
1.997984,75649.53,151146.56,60739.11,1645170339,DANA/ADA_0.05,0.00634200000000007,-120.19999999999709,240.32000000000698,898.0
0.867273,153356.44,133001.97,0.0,1645170339,WMT/ADA_0.05,0.0,0.0,0.0,898.0
0.005684,21233636.0,120697.22,21347.08,1645170339,RAVE/ADA_1.0,0.0004590000000000002,-908365.0,5000.0,898.0
0.752817,148498.68,111792.42,5489.17,1645170339,SUNDAE/ADA_0.05,0.0,0.0,0.0,898.0
2.8e-05,3454161989.88,99280.26,8654.68,1645170339,ASHIB/ADA_1.0,0.0,0.0,0.0,898.0
0.0,94539637293778.0,98847.53,11104.63,1645170339,BISON/ADA_0.3,0.0,0.0,0.0,898.0
0.032701,2732069.0,89343.73,6137.09,1645170339,FIRE/ADA_0.3,0.0,0.0,0.0,898.0
0.294763,276914.41,81624.13,70965.12,1645170339,MIN/ADA_0.3,-0.0015939999999999843,746.9199999999837,-220.0899999999965,898.0
0.0,1209209148817.0,61543.43,51826.55,1645170339,HOSKY/ADA_0.3,0.0,12125432712.0,-621.4800000000032,898.0
0.006976,8524500.0,59474.94,5386.14,1645170339,FLICK/ADA_0.3,0.00046000000000000034,-295743.0,2000.0,898.0
0.088893,530502.0,47158.22,6674.15,1645170339,cNETA/ADA_0.3,0.0015310000000000046,-4617.0,408.72000000000116,898.0
0.011654,3460200.0,40327.77,1627.06,1645170339,CNFT/ADA_0.3,0.0,0.0,0.0,898.0
0.002856,13923366.64,39777.97,16752.13,1645170339,DRIP/ADA_1.0,-2.9999999999999645e-06,7000.0,-19.80999999999767,898.0
0.115856,291900.65,33818.66,17039.39,1645170339,REVU/ADA_0.3,0.0,0.0,0.0,898.0
46.081757,689.0,31750.33,0.0,1645170339,unsi…en/ADA_1.0,0.0,0.0,0.0,898.0
0.005154,5757663.0,29679.82,0.0,1645170339,BDOGE/ADA_1.0,0.0,0.0,0.0,898.0
0.000851,33491967.69,28518.89,0.0,1645170339,MONET/ADA_0.3,0.0,0.0,0.0,898.0
0.129244,219936.9,28425.66,0.0,1645170339,MELD/ADA_1.0,0.0,0.0,0.0,898.0
0.016666,1699328.0,28322.26,994.81,1645170339,QUID/ADA_0.3,0.0,0.0,0.0,898.0
0.414377,50532.01,20939.32,2538.17,1645170339,CARGO/ADA_0.3,-0.005006999999999984,303.0,-125.93000000000029,898.0
0.000743,28006078.0,20829.46,279.32,1645170339,RAG/ADA_1.0,0.0,0.0,0.0,898.0
27.412063,731.0,20038.21,1552.51,1645170339,XDIA…ND/ADA_1.0,0.0,0.0,0.0,898.0
0.100723,186496.52,18784.52,0.0,1645170339,MINt/ADA_0.05,0.0,0.0,0.0,898.0
0.305036,60477.33,18447.77,776.76,1645170339,MIN/ADA_0.05,0.0,0.0,0.0,898.0
0.151623,118672.0,17993.51,2249.34,1645170339,SKULL/ADA_1.0,0.0,0.0,0.0,898.0
0.000705,25485825.0,17970.71,3078.08,1645170339,KIDZ/ADA_0.3,0.0,0.0,0.0,898.0
0.0,354108468099.0,17970.25,5943.43,1645170339,HOSKY/ADA_0.05,0.0,-12225432727.0,600.0,898.0
0.433949,39846.0,17291.15,3664.55,1645170339,CDX/ADA_1.0,0.0,0.0,0.0,898.0
0.039156,418734.6,16396.01,527.5,1645170339,NEWM/ADA_1.0,0.0,0.0,0.0,898.0
0.033182,472310.0,15672.38,89.73,1645170339,cMETA/ADA_0.3,0.0,0.0,0.0,898.0
0.011311,1384257.0,15657.6,3053.32,1645170339,GOKEY/ADA_0.3,0.0,0.0,0.0,898.0
0.0,15201598810.0,13366.17,637.85,1645170339,MEOW/ADA_0.3,0.0,0.0,0.0,898.0
2.117409,6091.67,12898.55,924.34,1645170339,DANA/ADA_0.3,0.0,0.0,0.0,898.0
0.849174,13343.27,11330.77,255.53,1645170339,WMT/ADA_1.0,0.0,0.0,0.0,898.0
0.109,97894.0,10670.52,0.0,1645170339,Card…rm/ADA_0.3,0.0,0.0,0.0,898.0
0.04938,195717.75,9664.56,10.07,1645170339,cbTHC/ADA_0.3,0.0,0.0,0.0,898.0
108.50418,88.93,9650.15,0.0,1645170339,LQ/ADA_0.05,0.0,0.0,0.0,898.0
0.74084,26702966.48,19782648.46,1679763.51,1645171239,SUNDAE/ADA_0.3,-0.0015759999999999108,53968.98000000045,-2002.390000000596,899.0
111.891408,156523.49,17513634.47,584030.11,1645171239,LQ/ADA_0.3,0.0,4.449999999982538,498.50999999791384,899.0
0.882099,15469041.17,13645239.87,920560.49,1645171239,WMT/ADA_0.3,1.2000000000012001e-05,-113.02999999932945,100.0,899.0
0.130669,12876430.56,1682557.6,504388.06,1645171239,MELD/ADA_0.3,5.1999999999996493e-05,-2541.2599999997765,333.0,899.0
0.096038,13079780.0,1256161.92,467339.68,1645171239,PAVIA/ADA_0.3,0.0,0.0,0.0,899.0
0.144131,6618083.0,953876.91,95086.26,1645171239,XRAY/ADA_0.3,0.0,0.0,0.0,899.0
0.352194,2484611.0,875065.93,60314.25,1645171239,ADAX/ADA_0.3,0.0,0.0,0.0,899.0
2.093065,413514.38,865512.5,326164.82,1645171239,AADA/ADA_0.3,-0.0005150000000000432,51.0,-106.43999999994412,899.0
1.610965,332365.32,535429.06,324652.84,1645171239,VYFI/ADA_0.3,0.0,0.0,0.0,899.0
5.776646,58115.0,335709.83,310987.77,1645171239,MILK/ADA_0.3,0.0,0.0,0.0,899.0
0.103094,1739159.27,179296.89,67407.08,1645171239,MINt/ADA_0.3,0.0011460000000000081,-9725.030000000028,1000.0,899.0
0.028129,6311089.52,177527.64,68953.68,1645171239,CLAP/ADA_0.3,2.999999999999531e-06,-354.45000000018626,10.0,899.0
0.0,6842722387901.0,154293.83,503.26,1645171239,CHRLZ/ADA_0.3,0.0,0.0,0.0,899.0
1.988931,75821.61,150804.0,61551.75,1645171239,DANA/ADA_0.05,-0.009052999999999978,172.08000000000175,-342.5599999999977,899.0
0.867273,153356.44,133001.97,0.0,1645171239,WMT/ADA_0.05,0.0,0.0,0.0,899.0
0.005684,21233636.0,120697.22,21347.08,1645171239,RAVE/ADA_1.0,0.0,0.0,0.0,899.0
0.752817,147210.62,110822.74,5489.17,1645171239,SUNDAE/ADA_0.05,0.0,-1288.0599999999977,-969.679999999993,899.0
2.8e-05,3454161989.88,99280.26,8654.68,1645171239,ASHIB/ADA_1.0,0.0,0.0,0.0,899.0
0.0,94539637293778.0,98847.53,11100.77,1645171239,BISON/ADA_0.3,0.0,0.0,0.0,899.0
0.032701,2732069.0,89343.73,6137.09,1645171239,FIRE/ADA_0.3,0.0,0.0,0.0,899.0
0.294763,276914.41,81624.13,52019.35,1645171239,MIN/ADA_0.3,0.0,0.0,0.0,899.0
0.007574,8181622.0,61974.94,7893.64,1645171239,FLICK/ADA_0.3,0.0005979999999999996,-342878.0,2500.0,899.0
0.0,1209209148817.0,61543.43,49986.82,1645171239,HOSKY/ADA_0.3,0.0,0.0,0.0,899.0
0.088893,530502.0,47158.22,6654.09,1645171239,cNETA/ADA_0.3,0.0,0.0,0.0,899.0
0.011654,3460200.0,40327.77,1615.07,1645171239,CNFT/ADA_0.3,0.0,0.0,0.0,899.0
0.002852,13935366.64,39744.06,15911.97,1645171239,DRIP/ADA_1.0,-4.000000000000097e-06,12000.0,-33.91000000000349,899.0
0.115856,293900.65,34050.37,15187.63,1645171239,REVU/ADA_0.3,0.0,2000.0,231.70999999999913,899.0
46.081757,689.0,31750.33,0.0,1645171239,unsi…en/ADA_1.0,0.0,0.0,0.0,899.0
0.005154,5757663.0,29679.82,0.0,1645171239,BDOGE/ADA_1.0,0.0,0.0,0.0,899.0
0.000851,33491967.69,28518.89,0.0,1645171239,MONET/ADA_0.3,0.0,0.0,0.0,899.0
0.129244,219936.9,28425.66,0.0,1645171239,MELD/ADA_1.0,0.0,0.0,0.0,899.0
0.016666,1699328.0,28322.26,994.81,1645171239,QUID/ADA_0.3,0.0,0.0,0.0,899.0
0.414377,50532.01,20939.32,2342.59,1645171239,CARGO/ADA_0.3,0.0,0.0,0.0,899.0
0.000743,28006078.0,20829.46,279.32,1645171239,RAG/ADA_1.0,0.0,0.0,0.0,899.0
27.412063,731.0,20038.21,1552.51,1645171239,XDIA…ND/ADA_1.0,0.0,0.0,0.0,899.0
0.100723,186496.52,18784.52,0.0,1645171239,MINt/ADA_0.05,0.0,0.0,0.0,899.0
0.305036,60477.33,18447.77,776.76,1645171239,MIN/ADA_0.05,0.0,0.0,0.0,899.0
0.000716,25275486.0,18120.71,2576.58,1645171239,KIDZ/ADA_0.3,1.0999999999999942e-05,-210339.0,150.0,899.0
0.151623,118672.0,17993.51,2249.34,1645171239,SKULL/ADA_1.0,0.0,0.0,0.0,899.0
0.0,354108468099.0,17970.25,5943.43,1645171239,HOSKY/ADA_0.05,0.0,0.0,0.0,899.0
0.432868,39896.0,17269.7,3686.0,1645171239,CDX/ADA_1.0,-0.0010809999999999986,50.0,-21.450000000000728,899.0
0.039156,418734.6,16396.01,527.5,1645171239,NEWM/ADA_1.0,0.0,0.0,0.0,899.0
0.033182,472310.0,15672.38,89.73,1645171239,cMETA/ADA_0.3,0.0,0.0,0.0,899.0
0.011311,1384257.0,15657.6,2925.89,1645171239,GOKEY/ADA_0.3,0.0,0.0,0.0,899.0
0.0,15201598810.0,13366.17,637.85,1645171239,MEOW/ADA_0.3,0.0,0.0,0.0,899.0
2.117409,6091.67,12898.55,924.34,1645171239,DANA/ADA_0.3,0.0,0.0,0.0,899.0
0.849174,13343.27,11330.77,255.53,1645171239,WMT/ADA_1.0,0.0,0.0,0.0,899.0
0.109,97894.0,10670.52,0.0,1645171239,Card…rm/ADA_0.3,0.0,0.0,0.0,899.0
0.04938,195717.75,9664.56,10.07,1645171239,cbTHC/ADA_0.3,0.0,0.0,0.0,899.0
108.50418,88.93,9650.15,0.0,1645171239,LQ/ADA_0.05,0.0,0.0,0.0,899.0
0.741706,26697215.04,19801494.09,1599538.7,1645172134,SUNDAE/ADA_0.3,0.0008659999999999224,-5751.440000001341,18845.629999998957,894.0
111.891408,156525.49,17513858.25,579893.17,1645172134,LQ/ADA_0.3,0.0,2.0,223.7800000011921,894.0
0.882169,15468542.98,13645880.52,904829.23,1645172134,WMT/ADA_0.3,7.00000000000145e-05,-498.18999999947846,640.6500000003725,894.0
0.1307,12872615.25,1682458.43,498737.68,1645172134,MELD/ADA_0.3,3.100000000000325e-05,-3815.3100000005215,-99.17000000015832,894.0
0.096038,13079780.0,1256161.92,464056.19,1645172134,PAVIA/ADA_0.3,0.0,0.0,0.0,894.0
0.144162,6617392.0,953976.91,94082.11,1645172134,XRAY/ADA_0.3,3.100000000000325e-05,-691.0,100.0,894.0
0.352194,2484611.0,875065.93,59857.3,1645172134,ADAX/ADA_0.3,0.0,0.0,0.0,894.0
2.093065,413514.38,865512.5,312117.69,1645172134,AADA/ADA_0.3,0.0,0.0,0.0,894.0
1.610965,332365.32,535429.06,324652.84,1645172134,VYFI/ADA_0.3,0.0,0.0,0.0,894.0
5.755662,58221.0,335100.45,304928.12,1645172134,MILK/ADA_0.3,-0.020984000000000336,106.0,-609.3800000000047,894.0
0.743121,26679130.05,19825830.88,1618800.16,1645173039,SUNDAE/ADA_0.3,0.001415000000000055,-18084.98999999836,24336.789999999106,905.0
111.900568,156519.09,17514576.25,580613.33,1645173039,LQ/ADA_0.3,0.009160000000008495,-6.399999999994179,718.0,905.0
0.882434,15467040.49,13648643.37,907012.14,1645173039,WMT/ADA_0.3,0.00026500000000007073,-1502.4900000002235,2762.8499999996275,905.0
0.1307,12872615.25,1682458.43,498737.68,1645173039,MELD/ADA_0.3,0.0,0.0,0.0,905.0
0.096038,13079780.0,1256161.92,464056.19,1645173039,PAVIA/ADA_0.3,0.0,0.0,0.0,905.0
0.144162,6617392.0,953976.91,94082.11,1645173039,XRAY/ADA_0.3,0.0,0.0,0.0,905.0
0.352197,2484602.0,875069.45,59860.84,1645173039,ADAX/ADA_0.3,2.9999999999752447e-06,-9.0,3.519999999902211,905.0
2.093065,413514.38,865512.5,312117.69,1645173039,AADA/ADA_0.3,0.0,0.0,0.0,905.0
1.610534,332409.85,535357.55,324724.35,1645173039,VYFI/ADA_0.3,-0.0004310000000000702,44.52999999996973,-71.51000000000931,905.0
5.806974,57964.0,336595.45,306800.78,1645173039,MILK/ADA_0.3,0.051312000000000246,-257.0,1495.0,905.0
0.123538,1588954.8,196296.89,84458.08,1645173039,MINt/ADA_0.3,0.02044399999999999,-150204.46999999997,17000.0,1800.0
0.028129,6311089.52,177527.64,68953.68,1645173039,CLAP/ADA_0.3,0.0,0.0,0.0,1800.0
0.0,6842722387901.0,154293.83,503.26,1645173039,CHRLZ/ADA_0.3,0.0,0.0,0.0,1800.0
1.991381,75775.17,150897.27,63269.82,1645173039,DANA/ADA_0.05,0.0024500000000000632,-46.44000000000233,93.26999999998952,1800.0
0.867273,153356.44,133001.97,0.0,1645173039,WMT/ADA_0.05,0.0,0.0,0.0,1800.0
0.005639,21318636.0,120220.78,21823.51,1645173039,RAVE/ADA_1.0,-4.49999999999999e-05,85000.0,-476.4400000000023,1800.0
0.752817,145320.38,109399.74,5489.17,1645173039,SUNDAE/ADA_0.05,0.0,-1890.2399999999907,-1423.0,1800.0
2.8e-05,3454161989.88,99280.26,8654.68,1645173039,ASHIB/ADA_1.0,0.0,0.0,0.0,1800.0
0.0,94539637293778.0,98847.53,11100.77,1645173039,BISON/ADA_0.3,0.0,0.0,0.0,1800.0
0.031992,2762249.0,88370.47,7110.35,1645173039,FIRE/ADA_0.3,-0.0007090000000000013,30180.0,-973.2599999999948,1800.0
0.264426,292454.66,77332.82,67752.55,1645173039,MIN/ADA_0.3,-0.030337000000000003,15540.25,-4291.309999999998,1800.0
0.007501,8221622.0,61674.32,8194.27,1645173039,FLICK/ADA_0.3,-7.300000000000015e-05,40000.0,-300.6200000000026,1800.0
0.0,1209209148817.0,61543.43,49986.82,1645173039,HOSKY/ADA_0.3,0.0,0.0,0.0,1800.0
0.088726,531166.0,47128.5,6698.36,1645173039,cNETA/ADA_0.3,-0.00016700000000000048,664.0,-29.720000000001164,1800.0
0.011654,3470200.0,40444.32,1615.07,1645173039,CNFT/ADA_0.3,0.0,10000.0,116.55000000000291,1800.0
0.002848,13944366.64,39724.34,15934.55,1645173039,DRIP/ADA_1.0,-4.000000000000097e-06,9000.0,-19.720000000001164,1800.0
0.115856,293900.65,34050.37,15187.63,1645173039,REVU/ADA_0.3,0.0,0.0,0.0,1800.0
46.081757,689.0,31750.33,0.0,1645173039,unsi…en/ADA_1.0,0.0,0.0,0.0,1800.0
0.005154,5757663.0,29679.82,0.0,1645173039,BDOGE/ADA_1.0,0.0,0.0,0.0,1800.0
0.000851,33491967.69,28518.89,0.0,1645173039,MONET/ADA_0.3,0.0,0.0,0.0,1800.0
0.016666,1709328.0,28488.93,994.81,1645173039,QUID/ADA_0.3,0.0,10000.0,166.6700000000019,1800.0
0.129244,219936.9,28425.66,0.0,1645173039,MELD/ADA_1.0,0.0,0.0,0.0,1800.0
0.414377,50532.01,20939.32,2342.59,1645173039,CARGO/ADA_0.3,0.0,0.0,0.0,1800.0
0.000743,28006078.0,20829.46,279.32,1645173039,RAG/ADA_1.0,0.0,0.0,0.0,1800.0
27.412063,731.0,20038.21,1552.51,1645173039,XDIA…ND/ADA_1.0,0.0,0.0,0.0,1800.0
0.100723,186496.52,18784.52,0.0,1645173039,MINt/ADA_0.05,0.0,0.0,0.0,1800.0
0.305036,60477.33,18447.77,776.76,1645173039,MIN/ADA_0.05,0.0,0.0,0.0,1800.0
0.000718,25296929.0,18180.08,2598.65,1645173039,KIDZ/ADA_0.3,2.0000000000000486e-06,21443.0,59.37000000000262,1800.0
0.0,354108468099.0,17970.25,5943.43,1645173039,HOSKY/ADA_0.05,0.0,0.0,0.0,1800.0
0.432868,39896.0,17269.7,3686.0,1645173039,CDX/ADA_1.0,0.0,0.0,0.0,1800.0
0.039156,418734.6,16396.01,648.7,1645173039,NEWM/ADA_1.0,0.0,0.0,0.0,1800.0
0.033182,472310.0,15672.38,89.73,1645173039,cMETA/ADA_0.3,0.0,0.0,0.0,1800.0
0.011311,1384257.0,15657.6,2925.89,1645173039,GOKEY/ADA_0.3,0.0,0.0,0.0,1800.0
0.0,15201598810.0,13366.17,637.85,1645173039,MEOW/ADA_0.3,0.0,0.0,0.0,1800.0
2.117409,6091.67,12898.55,924.34,1645173039,DANA/ADA_0.3,0.0,0.0,0.0,1800.0
0.849174,13343.27,11330.77,255.53,1645173039,WMT/ADA_1.0,0.0,0.0,0.0,1800.0
0.109,97894.0,10670.52,0.0,1645173039,Card…rm/ADA_0.3,0.0,0.0,0.0,1800.0
108.50418,88.93,9650.15,0.0,1645173039,LQ/ADA_0.05,0.0,0.0,0.0,1800.0
0.04938,195403.8,9649.06,10.07,1645173039,cbTHC/ADA_0.3,0.0,-313.95000000001164,-15.5,1800.0
0.001187,8007922.0,9507.26,0.0,1645173039,FLANO/ADA_1.0,0.0,0.0,0.0,17101.0
0.743813,26668248.87,19836203.0,1636012.9,1645173941,SUNDAE/ADA_0.3,0.0006919999999999149,-10881.179999999702,10372.120000001043,901.0
111.904864,156522.48,17515627.46,580951.05,1645173941,LQ/ADA_0.3,0.004295999999996525,3.39000000001397,1051.210000000894,901.0
0.882414,15473782.71,13654287.24,907941.63,1645173941,WMT/ADA_0.3,-2.0000000000020002e-05,6742.220000000671,5643.870000001043,901.0
0.130757,12869834.8,1682823.01,500106.35,1645173941,MELD/ADA_0.3,5.7000000000001494e-05,-2780.449999999255,364.5800000000745,901.0
0.096125,13073947.0,1256743.34,464649.08,1645173941,PAVIA/ADA_0.3,8.700000000000374e-05,-5833.0,581.4200000001583,901.0
0.144177,6617047.0,954026.91,94132.26,1645173941,XRAY/ADA_0.3,1.4999999999987246e-05,-345.0,50.0,901.0
0.352438,2483754.0,875369.45,60161.74,1645173941,ADAX/ADA_0.3,0.00024099999999999122,-848.0,300.0,901.0
2.088968,413920.23,864666.4,312963.78,1645173941,AADA/ADA_0.3,-0.004097000000000239,405.8499999999767,-846.0999999999767,901.0
1.610534,332409.85,535357.55,324724.35,1645173941,VYFI/ADA_0.3,0.0,0.0,0.0,901.0
5.797916,58110.0,336916.94,308600.95,1645173941,MILK/ADA_0.3,-0.009058000000000455,146.0,321.4899999999907,901.0
0.119534,1615388.02,193094.31,87984.22,1645173941,MINt/ADA_0.3,-0.004003999999999994,26433.219999999972,-3202.5800000000163,901.0
0.028129,6312055.5,177554.81,68953.68,1645173941,CLAP/ADA_0.3,0.0,965.980000000447,27.169999999983702,901.0
0.0,6842722387901.0,154293.83,503.26,1645173941,CHRLZ/ADA_0.3,0.0,0.0,0.0,901.0
1.983363,75928.24,150593.31,64277.84,1645173941,DANA/ADA_0.05,-0.00801800000000008,153.07000000000698,-303.95999999999185,901.0
0.867273,153356.44,133001.97,0.0,1645173941,WMT/ADA_0.05,0.0,0.0,0.0,901.0
0.005639,21318636.0,120220.78,21823.51,1645173941,RAVE/ADA_1.0,0.0,0.0,0.0,901.0
0.752817,145188.98,109300.82,5489.17,1645173941,SUNDAE/ADA_0.05,0.0,-131.39999999999418,-98.91999999999825,901.0
2.8e-05,3455540033.34,99319.87,8654.68,1645173941,ASHIB/ADA_1.0,0.0,1378043.4600000381,39.61000000000058,901.0
0.0,94539637293778.0,98847.53,11100.77,1645173941,BISON/ADA_0.3,0.0,0.0,0.0,901.0
0.031992,2762249.0,88370.47,7110.35,1645173941,FIRE/ADA_0.3,0.0,0.0,0.0,901.0
0.27819,285139.01,79322.91,69748.61,1645173941,MIN/ADA_0.3,0.013763999999999998,-7315.649999999965,1990.0899999999965,901.0
0.007501,8221622.0,61674.32,8194.27,1645173941,FLICK/ADA_0.3,0.0,0.0,0.0,901.0
0.0,1209467216255.0,61530.34,49999.91,1645173941,HOSKY/ADA_0.3,0.0,258067438.0,-13.090000000003783,901.0
0.088726,531166.0,47128.5,6698.36,1645173941,cNETA/ADA_0.3,0.0,0.0,0.0,901.0
0.011654,3470200.0,40444.32,1615.07,1645173941,CNFT/ADA_0.3,0.0,0.0,0.0,901.0
0.002848,13946366.64,39730.04,15934.55,1645173941,DRIP/ADA_1.0,0.0,2000.0,5.700000000004366,901.0
0.115856,293900.65,34050.37,15187.63,1645173941,REVU/ADA_0.3,0.0,0.0,0.0,901.0
46.081757,689.0,31750.33,0.0,1645173941,unsi…en/ADA_1.0,0.0,0.0,0.0,901.0
0.005154,5757663.0,29679.82,0.0,1645173941,BDOGE/ADA_1.0,0.0,0.0,0.0,901.0
0.000851,33491967.69,28518.89,0.0,1645173941,MONET/ADA_0.3,0.0,0.0,0.0,901.0
0.016666,1710323.0,28505.51,994.81,1645173941,QUID/ADA_0.3,0.0,995.0,16.57999999999811,901.0
0.129244,219936.9,28425.66,0.0,1645173941,MELD/ADA_1.0,0.0,0.0,0.0,901.0
0.414377,50532.01,20939.32,2342.59,1645173941,CARGO/ADA_0.3,0.0,0.0,0.0,901.0
0.000743,28006078.0,20829.46,279.32,1645173941,RAG/ADA_1.0,0.0,0.0,0.0,901.0
0.117123,172950.48,20256.52,3662.36,1645173941,MINt/ADA_0.05,0.016400000000000012,-13546.039999999979,1472.0,901.0
27.412063,731.0,20038.21,1552.51,1645173941,XDIA…ND/ADA_1.0,0.0,0.0,0.0,901.0
0.000718,25296929.0,18180.08,2598.65,1645173941,KIDZ/ADA_0.3,0.0,0.0,0.0,901.0
0.0,354108468099.0,17970.25,5943.43,1645173941,HOSKY/ADA_0.05,0.0,0.0,0.0,901.0
0.432868,39896.0,17269.7,3686.0,1645173941,CDX/ADA_1.0,0.0,0.0,0.0,901.0
0.253951,66283.0,16832.69,2391.85,1645173941,MIN/ADA_0.05,-0.05108499999999999,5805.669999999998,-1615.0800000000017,901.0
0.039728,415722.42,16516.01,648.7,1645173941,NEWM/ADA_1.0,0.0005719999999999961,-3012.179999999993,120.0,901.0
0.033182,472310.0,15672.38,89.73,1645173941,cMETA/ADA_0.3,0.0,0.0,0.0,901.0
0.011311,1384257.0,15657.6,2937.19,1645173941,GOKEY/ADA_0.3,0.0,0.0,0.0,901.0
0.0,15201598810.0,13366.17,637.85,1645173941,MEOW/ADA_0.3,0.0,0.0,0.0,901.0
2.117409,6091.67,12898.55,924.34,1645173941,DANA/ADA_0.3,0.0,0.0,0.0,901.0
0.849174,13343.27,11330.77,255.53,1645173941,WMT/ADA_1.0,0.0,0.0,0.0,901.0
0.109,97894.0,10670.52,0.0,1645173941,Card…rm/ADA_0.3,0.0,0.0,0.0,901.0
108.50418,88.93,9650.15,0.0,1645173941,LQ/ADA_0.05,0.0,0.0,0.0,901.0
0.04938,195403.8,9649.06,10.07,1645173941,cbTHC/ADA_0.3,0.0,0.0,0.0,901.0
0.001187,8007922.0,9507.26,0.0,1645173941,FLANO/ADA_1.0,0.0,0.0,0.0,901.0
0.741575,26720421.51,19815207.64,1578189.28,1645174834,SUNDAE/ADA_0.3,-0.0022379999999999622,52172.640000000596,-20995.359999999404,893.0
111.910223,156529.4,17517240.61,513134.18,1645174834,LQ/ADA_0.3,0.005358999999998559,6.919999999983702,1613.1499999985099,893.0
0.881927,15478898.52,13651271.95,786462.29,1645174834,WMT/ADA_0.3,-0.0004870000000000152,5115.809999998659,-3015.2900000009686,893.0
0.129514,12912114.72,1672306.72,473328.62,1645174834,MELD/ADA_0.3,-0.0012430000000000219,42279.919999999925,-10516.290000000037,893.0
0.096141,13072897.0,1256844.65,461198.84,1645174834,PAVIA/ADA_0.3,1.6000000000002124e-05,-1050.0,101.30999999982305,893.0
0.144177,6617220.0,954051.85,91366.99,1645174834,XRAY/ADA_0.3,0.0,173.0,24.93999999994412,893.0
0.352438,2483754.0,875369.45,47422.14,1645174834,ADAX/ADA_0.3,0.0,0.0,0.0,893.0
2.078926,414920.23,862588.7,242355.08,1645174834,AADA/ADA_0.3,-0.010041999999999884,1000.0,-2077.70000000007,893.0
1.610534,332409.85,535357.55,187369.91,1645174834,VYFI/ADA_0.3,0.0,0.0,0.0,893.0
5.889658,57657.0,339580.05,302730.08,1645174834,MILK/ADA_0.3,0.09174199999999999,-453.0,2663.109999999986,893.0
0.741462,26758170.49,19840183.85,1584234.98,1645175740,SUNDAE/ADA_0.3,-0.00011300000000002974,37748.97999999672,24976.210000000894,905.0
111.91488,156526.15,17517605.61,513500.28,1645175740,LQ/ADA_0.3,0.004656999999994582,-3.25,365.0,905.0
0.881983,15478706.78,13651971.53,786898.6,1645175740,WMT/ADA_0.3,5.599999999994498e-05,-191.74000000022352,699.5800000000745,905.0
0.129401,12917935.18,1671602.29,475706.49,1645175740,MELD/ADA_0.3,-0.00011300000000000199,5820.459999999031,-704.4299999999348,905.0
0.096112,13074894.0,1256659.84,461636.9,1645175740,PAVIA/ADA_0.3,-2.9000000000001247e-05,1997.0,-184.80999999982305,905.0
0.144177,6617220.0,954051.85,91366.99,1645175740,XRAY/ADA_0.3,0.0,0.0,0.0,905.0
0.352438,2483754.0,875369.45,47422.14,1645175740,ADAX/ADA_0.3,0.0,0.0,0.0,905.0
2.060361,416788.2,858734.33,246221.99,1645175740,AADA/ADA_0.3,-0.018565000000000165,1867.9700000000303,-3854.3699999999953,905.0
1.59851,333659.61,533358.3,189369.15,1645175740,VYFI/ADA_0.3,-0.012023999999999813,1249.7600000000093,-1999.25,905.0
5.98467,57199.0,342317.17,306516.76,1645175740,MILK/ADA_0.3,0.09501200000000054,-458.0,2737.1199999999953,905.0
0.109635,1686848.38,184938.12,94033.59,1645175740,MINt/ADA_0.3,-0.009899000000000005,71460.35999999987,-8156.190000000002,1798.0
0.028129,6312055.5,177554.81,68744.98,1645175740,CLAP/ADA_0.3,0.0,0.0,0.0,1798.0
2.1091,73638.95,155311.97,69921.26,1645175740,DANA/ADA_0.05,0.1257370000000002,-2289.290000000008,4718.6600000000035,1798.0
0.0,6841705580228.0,154316.83,526.33,1645175740,CHRLZ/ADA_0.3,0.0,-1016807673.0,23.0,1798.0
0.867273,153356.44,133001.97,0.0,1645175740,WMT/ADA_0.05,0.0,0.0,0.0,1798.0
0.005639,21318636.0,120220.78,21661.91,1645175740,RAVE/ADA_1.0,0.0,0.0,0.0,1798.0
0.752817,145298.04,109382.92,5489.17,1645175740,SUNDAE/ADA_0.05,0.0,109.05999999999767,82.09999999999127,1798.0
2.8e-05,3455554724.04,99320.29,7833.31,1645175740,ASHIB/ADA_1.0,0.0,14690.699999809265,0.41999999999825377,1798.0
0.0,94592560747566.0,98720.05,11192.0,1645175740,BISON/ADA_0.3,0.0,52923453788.0,-127.47999999999593,1798.0
0.031992,2762249.0,88370.47,7110.35,1645175740,FIRE/ADA_0.3,0.0,0.0,0.0,1798.0
0.291272,278675.27,81170.52,69871.17,1645175740,MIN/ADA_0.3,0.013081999999999983,-6463.739999999991,1847.6100000000006,1798.0
0.007488,8228622.0,61622.01,8180.38,1645175740,FLICK/ADA_0.3,-1.299999999999999e-05,7000.0,-52.30999999999767,1798.0
0.0,1209849908996.0,61549.81,46499.5,1645175740,HOSKY/ADA_0.3,0.0,382692741.0,19.470000000001164,1798.0
0.084119,545543.0,45890.59,7964.06,1645175740,cNETA/ADA_0.3,-0.004607,14377.0,-1237.9100000000035,1798.0
0.011654,3470200.0,40444.32,1615.07,1645175740,CNFT/ADA_0.3,0.0,0.0,0.0,1798.0
0.002848,13946366.64,39730.04,15523.16,1645175740,DRIP/ADA_1.0,0.0,0.0,0.0,1798.0
0.115856,293900.65,34050.37,13777.52,1645175740,REVU/ADA_0.3,0.0,0.0,0.0,1798.0
46.081757,689.0,31750.33,0.0,1645175740,unsi…en/ADA_1.0,0.0,0.0,0.0,1798.0
0.005154,5757663.0,29679.82,0.0,1645175740,BDOGE/ADA_1.0,0.0,0.0,0.0,1798.0
0.000851,33491967.69,28518.89,0.0,1645175740,MONET/ADA_0.3,0.0,0.0,0.0,1798.0
0.016666,1710323.0,28505.51,994.81,1645175740,QUID/ADA_0.3,0.0,0.0,0.0,1798.0
0.129244,219142.61,28323.0,214.17,1645175740,MELD/ADA_1.0,0.0,-794.2900000000081,-102.65999999999985,1798.0
0.414377,50532.01,20939.32,2299.63,1645175740,CARGO/ADA_0.3,0.0,0.0,0.0,1798.0
0.000743,28026106.0,20844.36,279.32,1645175740,RAG/ADA_1.0,0.0,20028.0,14.900000000001455,1798.0
0.117123,172950.48,20256.52,3662.36,1645175740,MINt/ADA_0.05,0.0,0.0,0.0,1798.0
27.412063,731.0,20038.21,1552.51,1645175740,XDIA…ND/ADA_1.0,0.0,0.0,0.0,1798.0
0.000718,25296929.0,18180.08,2344.83,1645175740,KIDZ/ADA_0.3,0.0,0.0,0.0,1798.0
0.0,354108468099.0,17970.25,5190.55,1645175740,HOSKY/ADA_0.05,0.0,0.0,0.0,1798.0
0.432868,39896.0,17269.7,2624.33,1645175740,CDX/ADA_1.0,0.0,0.0,0.0,1798.0
0.253951,66283.0,16832.69,2391.85,1645175740,MIN/ADA_0.05,0.0,0.0,0.0,1798.0
0.039728,415722.42,16516.01,648.7,1645175740,NEWM/ADA_1.0,0.0,0.0,0.0,1798.0
0.033182,472310.0,15672.38,89.73,1645175740,cMETA/ADA_0.3,0.0,0.0,0.0,1798.0
0.011327,1383265.0,15668.86,1990.08,1645175740,GOKEY/ADA_0.3,1.600000000000039e-05,-992.0,11.260000000000218,1798.0
0.0,15220923180.0,13297.26,680.66,1645175740,MEOW/ADA_0.3,0.0,19324370.0,-68.90999999999985,1798.0
2.117409,6091.67,12898.55,924.34,1645175740,DANA/ADA_0.3,0.0,0.0,0.0,1798.0
0.849174,13343.27,11330.77,255.53,1645175740,WMT/ADA_1.0,0.0,0.0,0.0,1798.0
0.109,97894.0,10670.52,0.0,1645175740,Card…rm/ADA_0.3,0.0,0.0,0.0,1798.0
108.50418,88.93,9650.15,0.0,1645175740,LQ/ADA_0.05,0.0,0.0,0.0,1798.0
0.04938,195403.8,9649.06,10.07,1645175740,cbTHC/ADA_0.3,0.0,0.0,0.0,1798.0
0.001187,8007922.0,9507.26,0.0,1645175740,FLANO/ADA_1.0,0.0,0.0,0.0,1798.0
